acuracia,loss,frr,fpr, removed, n_clf, tp_removed
0.09825051553249518, 0.0, 0.8944041643372586, 0.40467750686587217, 0,0, 0
0.2362801835960886, 0.0, 0.7656978713778664, 0.5032125111703547, 4,4, 4
0.41209339453202953, 0.0, 0.6076427878018451, 0.330215780315249, 5,5, 5
0.46358012372779883, 0.0, 0.6567239033068215, 0.43383542775839523, 4,4, 4
0.6007450276059336, 0.0, 0.5191708611381223, 0.32085650332810767, 2,2, 2
0.5997472227765582, 0.0, 0.5336478852779496, 0.31211996934476, 2,2, 2
0.6554912525776625, 0.0, 0.49930648968236907, 0.2686495095019201, 3,3, 3
0.6786403246191711, 0.0, 0.486581157239771, 0.2787401053120494, 6,6, 6
0.690680502893634, 0.0, 0.49548903039293185, 0.28216759548300147, 1,1, 1
0.7180868755404776, 0.0, 0.44287001712695245, 0.26622758987071626, 1,1, 1
0.7514800771635735, 0.0, 0.3877591770928288, 0.22920247043720415, 3,3, 3
0.7424998336991951, 0.0, 0.3979063635077283, 0.2527043649268204, 3,3, 3
0.7838089536353356, 0.0, 0.370920304940302, 0.24804154974728918, 4,4, 4
0.7983103838222577, 0.0, 0.34202033280056504, 0.2248508992231287, 5,5, 5
0.7828776691279186, 0.0, 0.3934256632337799, 0.246165154066943, 2,2, 2
0.8130778952970132, 0.0, 0.32762327022657994, 0.20692213309991195, 2,2, 2
0.8017694405640924, 0.0, 0.34622332508248016, 0.2226851426184792, 4,4, 4
0.8126787733652631, 0.0, 0.31741626505923004, 0.2150294302606016, 3,3, 3
0.8114148872480543, 0.0, 0.29384025985006984, 0.20719971009764127, 5,5, 5
0.8206612120002661, 0.0, 0.31732301861206497, 0.2132960723527475, 3,3, 3
0.8242533093860174, 0.0, 0.2895596643848462, 0.20360293545998512, 0,0, 0
0.825650236147143, 0.0, 0.3046213846371281, 0.2135543719779237, 4,4, 4
0.8300405773963946, 0.0, 0.2925932021793075, 0.21210212927962757, 5,5, 5
0.831969666733187, 0.0, 0.2769798244728129, 0.20639000537274113, 1,1, 1
0.8327013902747289, 0.0, 0.2757003131464073, 0.2069519585909082, 0,0, 0
0.8344974389676046, 0.0, 0.27893673114650536, 0.20365808688901496, 2,2, 2
0.8348300405773964, 0.0, 0.2815218742768082, 0.20105599627044984, 3,3, 3
0.8374243331337724, 0.0, 0.26058840348573126, 0.19899761702946822, 1,1, 1
0.8394864631144815, 0.0, 0.27456268192441174, 0.2005862424604567, 6,6, 6
0.8386216989290228, 0.0, 0.2838855925775338, 0.20667916484305052, 3,3, 3
0.8418811947049823, 0.0, 0.2512892622168469, 0.1944776498973879, 1,1, 1
0.841814674383024, 0.0, 0.2662515700532856, 0.19501761112885835, 2,2, 2
0.8438102840417747, 0.0, 0.24740811044920355, 0.18841454957457252, 2,2, 2
0.845140690480942, 0.0, 0.26122298293306806, 0.1941801620597861, 3,3, 3
0.8463380562761924, 0.0, 0.24741990614556053, 0.19196335857557562, 1,1, 1
0.8509944788132775, 0.0, 0.23872017640626023, 0.18157762740367378, 3,3, 3
0.8474023814275261, 0.0, 0.2557604098881778, 0.1879458280080606, 0,0, 0
0.8498636333399854, 0.0, 0.2439410251030797, 0.19054719480151255, 2,2, 2
0.8531231291159449, 0.0, 0.2292424852891572, 0.18383424095063083, 1,1, 1
0.8557839419942792, 0.0, 0.23487219738095091, 0.18325933945847708, 3,3, 3
0.8547196168429455, 0.0, 0.24062868863384118, 0.19006438354648672, 1,1, 1
0.8552517794186124, 0.0, 0.23265334546981234, 0.18599422910116367, 3,3, 3
0.8563161045699461, 0.0, 0.22900042491768044, 0.18128109728102382, 3,3, 3
0.8551187387746957, 0.0, 0.23206236176968312, 0.18246897029044504, 4,4, 4
0.8601742832435308, 0.0, 0.22287793842242626, 0.17559979534968437, 0,0, 0
0.8583782345506552, 0.0, 0.23441057606817928, 0.18027301949384444, 5,5, 5
0.8577130313310717, 0.0, 0.2371739413383485, 0.18338752691403531, 3,3, 3
0.8613716490387814, 0.0, 0.22484297596500977, 0.17952180865902861, 2,2, 2
0.8584447548726136, 0.0, 0.2314763494087384, 0.1792803796555712, 3,3, 3
0.8618372912924899, 0.0, 0.22326475837761012, 0.174860593158037, 2,2, 2
0.8624359741901151, 0.0, 0.22058355568803062, 0.17558061464394395, 4,4, 4
0.8638329009512407, 0.0, 0.225689237305308, 0.17789596850504075, 2,2, 2
0.8635668196634072, 0.0, 0.2251637583544065, 0.174655442925582, 3,3, 3
0.8639659415951573, 0.0, 0.22183979448520774, 0.17243014476629046, 3,3, 3
0.8658285106099913, 0.0, 0.2141838537398127, 0.17050642725097265, 5,5, 5
0.8652963480343245, 0.0, 0.21904127297823353, 0.16893106942438102, 1,1, 1
0.8680902015565756, 0.0, 0.21887516032560148, 0.17047372168054506, 6,6, 6
0.8680236812346172, 0.0, 0.2164459197071376, 0.17296636114980488, 2,2, 2
0.8684228031663673, 0.0, 0.219624997476341, 0.1743573269539351, 4,4, 4
0.8682897625224506, 0.0, 0.21735769922128764, 0.1723164353980958, 5,5, 5
0.8681567218785339, 0.0, 0.219740290124962, 0.17683170179879, 4,4, 4
0.8695536486396594, 0.0, 0.20720569453560966, 0.16626492036644888, 1,1, 1
0.8701523315372847, 0.0, 0.20226184011618067, 0.16300455762005225, 2,2, 2
0.8710170957227433, 0.0, 0.20474226615637636, 0.1626243244348882, 2,2, 2
0.8699527705714095, 0.0, 0.21101646424385545, 0.1631844517622255, 1,1, 1
0.8697532096055345, 0.0, 0.21094979382305987, 0.16932460857028378, 6,6, 6
0.8699527705714095, 0.0, 0.21111326150329293, 0.16741014533040896, 3,3, 3
0.8727466240936607, 0.0, 0.1982836123102056, 0.16491933412168686, 3,3, 3
0.8738109492449944, 0.0, 0.19859364417651737, 0.1649652473407651, 5,5, 5
0.8744761524645779, 0.0, 0.19765373493061988, 0.16317213661548902, 3,3, 3
0.8750083150402448, 0.0, 0.20312051152568497, 0.16670821656433366, 4,4, 4
0.8752078760061198, 0.0, 0.2020248911308622, 0.16497959530701767, 3,3, 3
0.8766713230892037, 0.0, 0.19096757587050997, 0.16020420380968411, 2,2, 2
0.8764717621233287, 0.0, 0.19449706064249572, 0.1599181710517732, 5,5, 5
0.8763387214794119, 0.0, 0.2019538073515889, 0.1571161474866359, 3,3, 3
0.8750083150402448, 0.0, 0.20649474089008105, 0.16406720639158892, 3,3, 3
0.8743431118206613, 0.0, 0.20378179331741883, 0.16280878193945472, 4,4, 4
0.8775360872746624, 0.0, 0.19939917576150065, 0.16055327281956638, 1,1, 1
0.8773365263087873, 0.0, 0.19966159084363455, 0.15948676587541186, 3,3, 3
0.8777356482405375, 0.0, 0.19169846486125217, 0.16030385509034722, 3,3, 3
0.877270005986829, 0.0, 0.1902598746869476, 0.15807509456510638, 2,2, 2
0.8778021685624958, 0.0, 0.1940392275807943, 0.15976098693196014, 4,4, 4
0.8795316969334132, 0.0, 0.1823347510797239, 0.1502950531656881, 4,4, 4
0.8779352092064125, 0.0, 0.20505881415778607, 0.15908012774196995, 3,3, 3
0.8786004124259962, 0.0, 0.19334548641944352, 0.15676821756335035, 2,2, 2
0.8782678108162043, 0.0, 0.1838227382675427, 0.15129729521232227, 3,3, 3
0.8794651766114548, 0.0, 0.1871246318094475, 0.15273571548506507, 4,4, 4
0.8799973391871216, 0.0, 0.19215506184969347, 0.15579018253722857, 2,2, 2
0.8788664937138295, 0.0, 0.18645301154096164, 0.15199925508099602, 4,4, 4
0.8802634204749551, 0.0, 0.18841667957203911, 0.15356534147150738, 2,2, 2
0.8824585910995809, 0.0, 0.18141562428365593, 0.1499280324376542, 2,2, 2
0.8822590301337059, 0.0, 0.18155270919979677, 0.15134019289542583, 2,2, 2
0.882658152065456, 0.0, 0.17353674001934472, 0.14644515526006777, 1,1, 1
0.8820594691678307, 0.0, 0.1775205747376843, 0.15242580617199256, 2,2, 2
0.8827246723874144, 0.0, 0.1810328256205174, 0.15010690591938386, 5,5, 5
0.8819929488458724, 0.0, 0.18685973498203115, 0.15222551036366622, 5,5, 5
0.8820594691678307, 0.0, 0.18246607645698848, 0.152185883576552, 3,3, 3
0.8836559568948313, 0.0, 0.1773686138989604, 0.15063141229282326, 2,2, 2
0.88452072108029, 0.0, 0.17787136202161846, 0.14858224307090265, 4,4, 4
0.8827246723874144, 0.0, 0.18260544722419955, 0.1527357281300904, 4,4, 4
0.8838555178607065, 0.0, 0.1838352766571555, 0.15164319340385057, 3,3, 3
0.10077828776691279, 0.0, 0.8944213325400786, 0.36684194226088074, 0,0, 0
0.3353289429920841, 0.0, 0.7449652782037757, 0.46323234998482127, 2,2, 2
0.454134238009712, 0.0, 0.6778358744801355, 0.43355108026489264, 3,3, 3
0.4899221712233087, 0.0, 0.6128685927719425, 0.31070889796482626, 3,3, 3
0.6010111088937671, 0.0, 0.5306967128700208, 0.2777783034002617, 2,2, 2
0.6030732388744762, 0.0, 0.5103049603090487, 0.2966412873633171, 1,1, 1
0.5974855318299741, 0.0, 0.5710189390547145, 0.3522652254926271, 4,4, 4
0.6234284573937338, 0.0, 0.5330100783033149, 0.3292990025692908, 6,6, 6
0.6315439366726535, 0.0, 0.5229902033998058, 0.3107695642007733, 3,3, 3
0.6864897226102574, 0.0, 0.4654486804493678, 0.2623390875602151, 4,4, 4
0.6972660147675115, 0.0, 0.4332443541178651, 0.2475497212956985, 5,5, 5
0.7561364997006585, 0.0, 0.3634715185299731, 0.23418912263137454, 4,4, 4
0.7673119137896628, 0.0, 0.3604231881517795, 0.21887699317416362, 4,4, 4
0.777023880795583, 0.0, 0.37319289988903054, 0.23474421992639105, 4,4, 4
0.7774230027273332, 0.0, 0.35230650881212705, 0.21646556951107057, 2,2, 2
0.7887314574602541, 0.0, 0.3476417092629561, 0.21854739044716587, 3,3, 3
0.7845406771768776, 0.0, 0.3766242302768539, 0.2289909952073258, 0,0, 0
0.7830107097718353, 0.0, 0.3687720327358353, 0.22702042317852864, 2,2, 2
0.7871349697332535, 0.0, 0.34527179848506767, 0.22242513259798993, 3,3, 3
0.8051619769839686, 0.0, 0.3000454155675379, 0.20735439018262036, 4,4, 4
0.8036985299008848, 0.0, 0.31360922497138694, 0.22087693288986823, 4,4, 4
0.8050289363400519, 0.0, 0.31649008468489004, 0.21168700066186424, 4,4, 4
0.8015698795982172, 0.0, 0.33611857543772217, 0.2221273804880502, 3,3, 3
0.8054280582718021, 0.0, 0.31875816834448906, 0.2095120050368893, 1,1, 1
0.8232555045566421, 0.0, 0.2869090597692056, 0.20080205096779424, 3,3, 3
0.8236546264883922, 0.0, 0.26905967925395485, 0.20123197344985477, 2,2, 2
0.8254506751812679, 0.0, 0.266168351643562, 0.20304915822260927, 5,5, 5
0.8243863500299341, 0.0, 0.26246755645770625, 0.19830580467554632, 2,2, 2
0.8260493580788931, 0.0, 0.2600001292876404, 0.19605797804059125, 3,3, 3
0.8301736180403113, 0.0, 0.2500957504618622, 0.19610437050609617, 3,3, 3
0.8277788864498105, 0.0, 0.26790666143593994, 0.20412185279310222, 5,5, 5
0.834563959289563, 0.0, 0.2564089190081204, 0.196750413870671, 2,2, 2
0.840151666334065, 0.0, 0.2410049372129317, 0.19170219271860894, 3,3, 3
0.8443424466174416, 0.0, 0.2326498089954157, 0.1882009112188106, 4,4, 4
0.8454067717687753, 0.0, 0.24210914699918992, 0.19016199471527756, 3,3, 3
0.845539812412692, 0.0, 0.24061213171153192, 0.18848543708205268, 5,5, 5
0.8444754872613583, 0.0, 0.22727967837160293, 0.18323283937919566, 0,0, 0
0.8482671456129848, 0.0, 0.2311583874603121, 0.18371316572351062, 2,2, 2
0.8485332269008182, 0.0, 0.24206755704013136, 0.18188705119599466, 3,3, 3
0.8503957959156523, 0.0, 0.2299605639897881, 0.18229386384671487, 5,5, 5
0.8525909665402781, 0.0, 0.22422029705450813, 0.18110623238312748, 3,3, 3
0.8515266413889443, 0.0, 0.23897573794862964, 0.1827461152332649, 1,1, 1
0.8487327878666933, 0.0, 0.238305347804511, 0.18411876645532582, 0,0, 0
0.8572473890773631, 0.0, 0.22591588902333895, 0.1800012311552065, 1,1, 1
0.85777955165303, 0.0, 0.22737168289569887, 0.17882573261212353, 2,2, 2
0.8628350961218653, 0.0, 0.20923554182502851, 0.17304509427915968, 4,4, 4
0.8623694538681568, 0.0, 0.21196543070517207, 0.17494041283161998, 3,3, 3
0.8613716490387814, 0.0, 0.21448157305448767, 0.17333096235946596, 3,3, 3
0.8616377303266147, 0.0, 0.21055714963798322, 0.17275609854674076, 2,2, 2
0.8645646244927826, 0.0, 0.21407929797967046, 0.17252793558825796, 6,6, 6
0.8638329009512407, 0.0, 0.21167496052440693, 0.17251466048041322, 2,2, 2
0.866493713829575, 0.0, 0.2079159450420431, 0.17199309770936366, 3,3, 3
0.8655624293221579, 0.0, 0.2106446236434245, 0.17390969750205496, 4,4, 4
0.8641655025610324, 0.0, 0.21396750617504456, 0.17162981210787137, 2,2, 2
0.8664271935076165, 0.0, 0.20568614375723207, 0.17149419695859003, 4,4, 4
0.8654293886782412, 0.0, 0.21431113205444347, 0.1735016581771267, 4,4, 4
0.8650302667464911, 0.0, 0.2132573444105945, 0.174200480213602, 3,3, 3
0.86669327479545, 0.0, 0.20805050420685936, 0.16916638297651435, 0,0, 0
0.8678906405907004, 0.0, 0.19740908564234835, 0.16896872558154225, 3,3, 3
0.865761990288033, 0.0, 0.21295900724374672, 0.16675511666635606, 7,7, 7
0.8696201689616178, 0.0, 0.19761112185485452, 0.16264897498418768, 2,2, 2
0.8690214860639925, 0.0, 0.20217467804778555, 0.16443870925982595, 3,3, 3
0.8706844941129515, 0.0, 0.19998024314950139, 0.1691604910742894, 2,2, 2
0.8706844941129515, 0.0, 0.19251348901671542, 0.16392290740913606, 2,2, 2
0.8708840550788266, 0.0, 0.1943496365163705, 0.16174910117533756, 2,2, 2
0.8731457460254107, 0.0, 0.1925830668460075, 0.16313559968020683, 4,4, 4
0.8721479411960353, 0.0, 0.19708333687902788, 0.16315802701857926, 3,3, 3
0.8726801037717022, 0.0, 0.1980228539697398, 0.16128035804251492, 3,3, 3
0.8732122663473691, 0.0, 0.19349011251777642, 0.15979675727737597, 3,3, 3
0.8762056808354952, 0.0, 0.1888772358590192, 0.16027967446116434, 5,5, 5
0.8769374043770372, 0.0, 0.18745219388249829, 0.1549494197656276, 2,2, 2
0.8762722011574536, 0.0, 0.19137730255483212, 0.15722142320325516, 3,3, 3
0.8760726401915785, 0.0, 0.1892402429960984, 0.15653831826837175, 3,3, 3
0.8763387214794119, 0.0, 0.17878426413165363, 0.15524471068768947, 5,5, 5
0.8761391605135369, 0.0, 0.1881927947276611, 0.15298317994142702, 1,1, 1
0.8757400385817867, 0.0, 0.18507434687477273, 0.15762661368267755, 4,4, 4
0.8768043637331204, 0.0, 0.18860285963517753, 0.15612256193121044, 1,1, 1
0.8768708840550788, 0.0, 0.19360745980321747, 0.15907575779375682, 5,5, 5
0.877270005986829, 0.0, 0.18464532658029836, 0.1503746502904045, 3,3, 3
0.8771369653429123, 0.0, 0.1862856196791119, 0.15259171009790654, 1,1, 1
0.8743431118206613, 0.0, 0.192582326763449, 0.15803836164615034, 2,2, 2
0.8803299407969134, 0.0, 0.17567878757801794, 0.15234739612011577, 3,3, 3
0.8782678108162043, 0.0, 0.18198844810881035, 0.148158620439662, 1,1, 1
0.8783343311381627, 0.0, 0.1841585514484165, 0.15325111008973183, 1,1, 1
0.8800638595090801, 0.0, 0.17900803501291798, 0.14664321227745666, 2,2, 2
0.8776691279185791, 0.0, 0.1941221502816683, 0.1467952137339603, 4,4, 4
0.8774695669527041, 0.0, 0.19223082191282517, 0.15267841841880211, 2,2, 2
0.8799308188651633, 0.0, 0.18823596139823573, 0.15320864367526826, 4,4, 4
0.8796647375773299, 0.0, 0.18934051546667227, 0.15005250803218634, 5,5, 5
0.8822590301337059, 0.0, 0.1686242972365735, 0.14584153833596347, 5,5, 5
0.8807290627286636, 0.0, 0.17995290765388142, 0.15268599315007608, 4,4, 4
0.8816603472360807, 0.0, 0.17198056766762546, 0.14588580953603764, 2,2, 2
0.8813277456262888, 0.0, 0.17538227291082462, 0.1421044455020444, 3,3, 3
0.8812612253043305, 0.0, 0.18080379495175883, 0.14551459073735395, 1,1, 1
0.8814607862702055, 0.0, 0.1779649502378027, 0.1502401885462152, 1,1, 1
0.8803299407969134, 0.0, 0.17372511833258408, 0.14730914618402682, 4,4, 4
0.8808621033725803, 0.0, 0.17481889871879833, 0.147676928313693, 2,2, 2
0.8817933878799974, 0.0, 0.17882353910434878, 0.1480654065792118, 2,2, 2
0.881926428523914, 0.0, 0.1772698922525083, 0.14763959957064815, 7,7, 7
0.8832568349630813, 0.0, 0.16992399896293364, 0.14690460534078947, 2,2, 2
0.8832568349630813, 0.0, 0.17076916784111976, 0.1474658881379223, 3,3, 3
0.10077828776691279, 0.0, 0.8944213325400786, 0.36684194226088074, 0,0, 0
0.2771901816004789, 0.0, 0.8047519219074003, 0.46507540191271696, 3,3, 3
0.4670391804696335, 0.0, 0.6557818190718063, 0.4493991913109802, 2,2, 2
0.5295017627885319, 0.0, 0.6246293925210764, 0.4301173842745276, 2,2, 2
0.6077296614115613, 0.0, 0.5670286638172712, 0.39185633661850156, 4,4, 4
0.6202354819397325, 0.0, 0.5195001803547243, 0.3182045940047744, 2,2, 2
0.7089070711102242, 0.0, 0.47172043865752983, 0.3004039042804278, 2,2, 2
0.7238741435508548, 0.0, 0.4546613801747744, 0.2678452351816009, 3,3, 3
0.7022550389143883, 0.0, 0.5037758819624192, 0.31910899910740115, 8,8, 8
0.7719683363267478, 0.0, 0.38639492074710036, 0.23791068414723143, 4,4, 4
0.7548060932614914, 0.0, 0.4091010353892267, 0.2528423907063318, 2,2, 2
0.7756269540344575, 0.0, 0.37102455972263365, 0.2449630079633519, 1,1, 1
0.7790194904543338, 0.0, 0.3492778986276139, 0.24428262939505063, 3,3, 3
0.7887979777822125, 0.0, 0.36454185376038106, 0.2339432662557109, 3,3, 3
0.7945852457925896, 0.0, 0.3397693191440472, 0.2313783114034066, 0,0, 0
0.8021685624958425, 0.0, 0.3270953806721186, 0.22913142557598778, 2,2, 2
0.7898623029335462, 0.0, 0.37207855946667656, 0.24986719869466792, 3,3, 3
0.812479212399388, 0.0, 0.3159240443462133, 0.22785313766706403, 2,2, 2
0.8178673584780151, 0.0, 0.3123439365913086, 0.21968180978716123, 3,3, 3
0.8185325616975986, 0.0, 0.3177275428793349, 0.22499275800453858, 2,2, 2
0.819530366526974, 0.0, 0.30201156766498516, 0.21776472458423843, 3,3, 3
0.8248519922836427, 0.0, 0.28663287187157604, 0.21587594350335693, 5,5, 5
0.8301736180403113, 0.0, 0.26005418339114333, 0.20365641818688665, 4,4, 4
0.8303731790061863, 0.0, 0.276050813892758, 0.21118762581231143, 3,3, 3
0.8335661544601876, 0.0, 0.2577570290354466, 0.20528375259419632, 2,2, 2
0.8369586908800638, 0.0, 0.2504238892241217, 0.2020140353354862, 3,3, 3
0.8406173085877736, 0.0, 0.2430569354737195, 0.2025038026434619, 2,2, 2
0.8374243331337724, 0.0, 0.2487846867534298, 0.20089665338654236, 4,4, 4
0.8436107230758997, 0.0, 0.24383643608920155, 0.20122085781969484, 4,4, 4
0.8420142353488991, 0.0, 0.23691653563931958, 0.19925197294252622, 4,4, 4
0.8396195037583982, 0.0, 0.24963373545873904, 0.20051550226160803, 4,4, 4
0.8431450808221912, 0.0, 0.25184421997143536, 0.1977155328202116, 1,1, 1
0.8422803166367325, 0.0, 0.2690548674881665, 0.2027518987974696, 3,3, 3
0.8469367391738176, 0.0, 0.23331444884083388, 0.19294669773412848, 1,1, 1
0.8511940397791525, 0.0, 0.23782563542668256, 0.1873765077813784, 3,3, 3
0.8495310317301936, 0.0, 0.24236756860965886, 0.19197272640649307, 5,5, 5
0.8548526574868622, 0.0, 0.21652821849460366, 0.18912227848486998, 2,2, 2
0.8531896494379033, 0.0, 0.22690405498839675, 0.18509753191984527, 4,4, 4
0.8554513403844874, 0.0, 0.22109950368320067, 0.18648569596880674, 5,5, 5
0.8550522184527373, 0.0, 0.23075102833536854, 0.1854352782068185, 3,3, 3
0.8574469500432382, 0.0, 0.21437992762241623, 0.18046348736908005, 1,1, 1
0.8580456329408634, 0.0, 0.22810692190370535, 0.18476087520310716, 3,3, 3
0.8585777955165304, 0.0, 0.2203021299915093, 0.17933556439854864, 3,3, 3
0.860373844209406, 0.0, 0.20909311798042704, 0.1798362465538705, 3,3, 3
0.8589103971263221, 0.0, 0.2146141401944911, 0.1773734428069313, 3,3, 3
0.8593095190580723, 0.0, 0.2026474416899955, 0.17858100426532192, 4,4, 4
0.8598416816337391, 0.0, 0.21085073515749783, 0.1774088893251362, 5,5, 5
0.8607064458191978, 0.0, 0.21560002231255712, 0.1800736836966446, 5,5, 5
0.8606399254972394, 0.0, 0.22558132040188933, 0.17811058057044118, 2,2, 2
0.8619703319364066, 0.0, 0.21366930890328323, 0.1765700187375063, 5,5, 5
0.8624359741901151, 0.0, 0.20791062716859302, 0.1758024951520747, 2,2, 2
0.8640324619171157, 0.0, 0.20417240399124317, 0.1796225633919046, 3,3, 3
0.8650302667464911, 0.0, 0.20326333927675763, 0.17567444556215697, 3,3, 3
0.8652963480343245, 0.0, 0.20367381918263988, 0.17057354390602825, 0,0, 0
0.8646976651366992, 0.0, 0.20008311630740272, 0.17448964526641914, 5,5, 5
0.8654293886782412, 0.0, 0.21182860174507806, 0.17440732105893755, 4,4, 4
0.8672919576930752, 0.0, 0.20807436490998452, 0.17256856091013367, 3,3, 3
0.8684893234883256, 0.0, 0.19643231622092078, 0.17200250517113325, 4,4, 4
0.8698862502494512, 0.0, 0.19835510181504015, 0.17250340069278383, 2,2, 2
0.8690214860639925, 0.0, 0.19910340495109394, 0.17347069885900457, 3,3, 3
0.8694206079957427, 0.0, 0.19639629784353052, 0.17097419102862435, 4,4, 4
0.8696866892835762, 0.0, 0.19085688567481532, 0.16563030544367963, 3,3, 3
0.8714162176544934, 0.0, 0.19786180220415242, 0.16878339906652173, 3,3, 3
0.8688884454200758, 0.0, 0.19857036569938738, 0.17197936207950476, 4,4, 4
0.872081420874077, 0.0, 0.1983343487454112, 0.16897619667090588, 4,4, 4
0.8708840550788266, 0.0, 0.19286800402305837, 0.16562389557091695, 4,4, 4
0.872813144415619, 0.0, 0.18317445915278216, 0.1652933919518045, 5,5, 5
0.873012705381494, 0.0, 0.19363075739695748, 0.16267050473594566, 4,4, 4
0.8749417947182865, 0.0, 0.19061106000634823, 0.1626614771128222, 3,3, 3
0.8744761524645779, 0.0, 0.18609887634017375, 0.16631049626902614, 5,5, 5
0.8718153395862436, 0.0, 0.19246180945627972, 0.1620204852892429, 2,2, 2
0.8738109492449944, 0.0, 0.18448751718896897, 0.16157614835212436, 3,3, 3
0.8734783476352026, 0.0, 0.195335216051613, 0.1627409619441021, 2,2, 2
0.8768043637331204, 0.0, 0.1840825004477572, 0.15700610685028812, 4,4, 4
0.8776026075966208, 0.0, 0.18383271337439194, 0.15867660259290178, 2,2, 2
0.8768043637331204, 0.0, 0.1844461226315052, 0.16118802405146415, 1,1, 1
0.8764717621233287, 0.0, 0.18696802131070409, 0.15412495470394597, 3,3, 3
0.8760061198696202, 0.0, 0.17894517225623044, 0.157157259411371, 2,2, 2
0.8767378434111621, 0.0, 0.17990481351054302, 0.15889572343431482, 3,3, 3
0.8772034856648706, 0.0, 0.17711576813858215, 0.15260266622039362, 1,1, 1
0.8769374043770372, 0.0, 0.18165434285433343, 0.15326472761553156, 3,3, 3
0.8770704450209539, 0.0, 0.17930807295755188, 0.15349602941700022, 6,6, 6
0.8745426727865363, 0.0, 0.19293028748929725, 0.15833343061418945, 3,3, 3
0.8783343311381627, 0.0, 0.17988472284426849, 0.15188234603990236, 2,2, 2
0.8800638595090801, 0.0, 0.1744699634170862, 0.15248676087346558, 3,3, 3
0.8799308188651633, 0.0, 0.1759458072324759, 0.14938590869916438, 4,4, 4
0.8797312578992882, 0.0, 0.18047067932252925, 0.1501275339416861, 4,4, 4
0.8793321359675381, 0.0, 0.17592296688293171, 0.15422026174750406, 2,2, 2
0.8820594691678307, 0.0, 0.1709920298203641, 0.14976792301018596, 4,4, 4
0.8813942659482472, 0.0, 0.17681419781184757, 0.15204428205435472, 4,4, 4
0.8817933878799974, 0.0, 0.17785802825153657, 0.15016245107892007, 5,5, 5
0.8818599082019557, 0.0, 0.172207361298925, 0.14953676174035235, 2,2, 2
0.8815938269141222, 0.0, 0.17084152604295916, 0.1497029946863241, 3,3, 3
0.8821259894897892, 0.0, 0.17147183191997167, 0.14694923496084367, 3,3, 3
0.8819929488458724, 0.0, 0.1749821804193858, 0.15092300545251003, 4,4, 4
0.8815273065921639, 0.0, 0.17365588903046422, 0.14463057398057275, 5,5, 5
0.8829242333532894, 0.0, 0.16675717253962494, 0.14927816166828825, 3,3, 3
0.8822590301337059, 0.0, 0.16938288122457382, 0.1489294883032966, 2,2, 2
0.8823920707776226, 0.0, 0.1717391932162438, 0.14900804569427964, 2,2, 2
0.8825251114215393, 0.0, 0.1772016310349009, 0.14858847055898144, 4,4, 4
0.8824585910995809, 0.0, 0.1680373178842984, 0.1473937555902227, 2,2, 2
0.10077828776691279, 0.0, 0.8944213325400786, 0.36684194226088074, 0,0, 0
0.26395263753076564, 0.0, 0.7685671675227043, 0.48232923692544866, 5,5, 5
0.4117607929222377, 0.0, 0.698837181707711, 0.39427187836439065, 3,3, 3
0.44728264484800107, 0.0, 0.6529728136076889, 0.43979748657866274, 1,1, 1
0.5340251446817003, 0.0, 0.5495778648227784, 0.28602383242364476, 2,2, 2
0.5858444754872614, 0.0, 0.5268242124455873, 0.3379462882738033, 2,2, 2
0.6171090268076898, 0.0, 0.5483365906362382, 0.3768328380402146, 3,3, 3
0.6917448280449677, 0.0, 0.43618425364186164, 0.25580673345616156, 4,4, 4
0.6516995942260361, 0.0, 0.5059351561874891, 0.3004548799447538, 2,2, 2
0.6716556908135435, 0.0, 0.4585488824250676, 0.26316180952991775, 4,4, 4
0.6675314308521253, 0.0, 0.4620027753541849, 0.2730410501967676, 4,4, 4
0.6614780815539147, 0.0, 0.47503979121573686, 0.3057238950114444, 2,2, 2
0.7086409898223908, 0.0, 0.3991095734460255, 0.2575971527646199, 2,2, 2
0.7095722743298077, 0.0, 0.3697455422643459, 0.23536902270964355, 6,6, 6
0.7656489057407038, 0.0, 0.36021740705798655, 0.24268596930793254, 2,2, 2
0.7961152131976319, 0.0, 0.3203283525757608, 0.22382434162026027, 1,1, 1
0.7891970997139626, 0.0, 0.32801870794866017, 0.22219725942003776, 5,5, 5
0.7882658152065456, 0.0, 0.3399078962009289, 0.22906644050606392, 3,3, 3
0.7925231158118805, 0.0, 0.30772142241767697, 0.21268070200099817, 2,2, 2
0.783875473957294, 0.0, 0.31848065430232714, 0.21042805558891284, 2,2, 2
0.7965143351293821, 0.0, 0.29745146015521806, 0.2113979185268242, 2,2, 2
0.8029002860373844, 0.0, 0.2918390132868412, 0.20631807330809857, 2,2, 2
0.8100844808088871, 0.0, 0.28545938001949095, 0.20856889168662462, 3,3, 3
0.8132774562628883, 0.0, 0.2700689568860268, 0.20092169848913183, 3,3, 3
0.8102175214528038, 0.0, 0.2979546259503727, 0.21882019896808522, 5,5, 5
0.8245859109958092, 0.0, 0.27281449600132435, 0.2033661075614715, 4,4, 4
0.8287101709572274, 0.0, 0.2703401759541919, 0.2040302941766146, 4,4, 4
0.8229229029468502, 0.0, 0.2725298061665891, 0.20005563230497456, 1,1, 1
0.8295749351426861, 0.0, 0.25719120538815154, 0.20016606449764315, 3,3, 3
0.8313044635136034, 0.0, 0.25800961678346196, 0.1997759623259482, 3,3, 3
0.8337657154260627, 0.0, 0.2518736396346335, 0.19582663628698804, 4,4, 4
0.8395529834364398, 0.0, 0.24682811847141883, 0.1967695959297042, 3,3, 3
0.8383556176411894, 0.0, 0.2370641881708901, 0.19302609678783164, 3,3, 3
0.8393534224705648, 0.0, 0.24355125276139097, 0.19813643821665367, 2,2, 2
0.8416151134171489, 0.0, 0.25011418554582343, 0.19964085987564284, 4,4, 4
0.8487327878666933, 0.0, 0.23310513566519286, 0.19551675174439118, 4,4, 4
0.8457393733785672, 0.0, 0.24971902654687675, 0.19580396762000732, 3,3, 3
0.8470032594957759, 0.0, 0.2260881273120796, 0.18407535526469931, 3,3, 3
0.8476684627153596, 0.0, 0.22619385407230397, 0.18614998716952613, 2,2, 2
0.8471363001396927, 0.0, 0.23306302880371227, 0.18478455679431513, 3,3, 3
0.8526574868622364, 0.0, 0.22381396860730718, 0.1894709497588321, 0,0, 0
0.8541209339453203, 0.0, 0.21876772048259663, 0.18119618248119, 3,3, 3
0.8567152265016963, 0.0, 0.21923064669563438, 0.18139265487467274, 5,5, 5
0.857047828111488, 0.0, 0.21671104526383403, 0.1825564569819015, 2,2, 2
0.8569147874675713, 0.0, 0.21536469109245707, 0.18448636759306367, 2,2, 2
0.8567152265016963, 0.0, 0.21663822281759834, 0.17800552893092067, 2,2, 2
0.8585112751945719, 0.0, 0.21113565619302993, 0.17759403879204025, 3,3, 3
0.8569147874675713, 0.0, 0.23073907160774698, 0.18308722696787894, 4,4, 4
0.8599082019556975, 0.0, 0.20860924245587803, 0.1740423979699256, 5,5, 5
0.8615712100046564, 0.0, 0.21937888469016698, 0.180803285400411, 1,1, 1
0.8641655025610324, 0.0, 0.21178949389556706, 0.17847817249857795, 4,4, 4
0.8636333399853655, 0.0, 0.20133400384743827, 0.1737287903982944, 2,2, 2
0.8625690148340318, 0.0, 0.2116889776713259, 0.17226896885174497, 3,3, 3
0.8652298277123661, 0.0, 0.2125419648797218, 0.1813669774743786, 3,3, 3
0.8660280715758665, 0.0, 0.2040384938535089, 0.17395139761728398, 1,1, 1
0.866493713829575, 0.0, 0.20619018475181697, 0.1721583767833961, 6,6, 6
0.8673584780150336, 0.0, 0.19704350563104753, 0.16627110352210767, 3,3, 3
0.867624559302867, 0.0, 0.20480015418390277, 0.17140292293324375, 4,4, 4
0.8675580389809087, 0.0, 0.19650491372953421, 0.16543719714570726, 3,3, 3
0.8676910796248254, 0.0, 0.20281229031845655, 0.16679887610680388, 2,2, 2
0.8674249983369919, 0.0, 0.20816550457797656, 0.17172833360212963, 3,3, 3
0.8686888844542008, 0.0, 0.19204276801191766, 0.16571459538147423, 2,2, 2
0.8691545267079093, 0.0, 0.19232349237838672, 0.16810133460014368, 3,3, 3
0.8679571609126588, 0.0, 0.1989809452547476, 0.16752164936082498, 1,1, 1
0.8710836160447016, 0.0, 0.19668713089079023, 0.16837052241114392, 2,2, 2
0.8748087540743698, 0.0, 0.18565485241014823, 0.16660648591982283, 3,3, 3
0.8724805428058272, 0.0, 0.19152663072966333, 0.16178562459032375, 4,4, 4
0.8717488192642853, 0.0, 0.18538959094851712, 0.16329426848262368, 3,3, 3
0.872081420874077, 0.0, 0.18782697106093946, 0.16484981512278485, 3,3, 3
0.8737444289230359, 0.0, 0.19018255275886645, 0.16179020100208508, 4,4, 4
0.8757400385817867, 0.0, 0.18262343614562074, 0.16070523634252531, 2,2, 2
0.8762056808354952, 0.0, 0.18200553513146311, 0.15766564003554825, 2,2, 2
0.8743431118206613, 0.0, 0.18749654317447584, 0.16283555174430375, 4,4, 4
0.8775360872746624, 0.0, 0.182962966432386, 0.15844021220812954, 2,2, 2
0.878001729528371, 0.0, 0.17998763438018847, 0.15465108989470855, 2,2, 2
0.8768043637331204, 0.0, 0.19361620704927482, 0.15672627584357815, 5,5, 5
0.8766713230892037, 0.0, 0.1881753114583844, 0.1601120658173554, 3,3, 3
0.8787334530699129, 0.0, 0.17852255357747016, 0.1518783801124658, 5,5, 5
0.8791990953236214, 0.0, 0.1824714896969155, 0.158984600624993, 3,3, 3
0.8777356482405375, 0.0, 0.18586125904560127, 0.1639890516511187, 3,3, 3
0.8796647375773299, 0.0, 0.17464078029612964, 0.1500827878488622, 4,4, 4
0.8803964611188718, 0.0, 0.18387199399738394, 0.15675818321366294, 2,2, 2
0.8781347701722876, 0.0, 0.18703650372187244, 0.15774222101891214, 1,1, 1
0.8809286236945387, 0.0, 0.17640210554160263, 0.15157092105124284, 3,3, 3
0.8779352092064125, 0.0, 0.18146803689594557, 0.15554732387790948, 5,5, 5
0.8805295017627885, 0.0, 0.17343013092224768, 0.15042550127624046, 1,1, 1
0.8825251114215393, 0.0, 0.17394218127146543, 0.15192927502029055, 3,3, 3
0.8805295017627885, 0.0, 0.1783095518974152, 0.14877289492028006, 4,4, 4
0.8817933878799974, 0.0, 0.17861076621882035, 0.14864655245863256, 3,3, 3
0.8815938269141222, 0.0, 0.17664531866659183, 0.14947636379217147, 3,3, 3
0.8822590301337059, 0.0, 0.17253526345328743, 0.15096501817218066, 2,2, 2
0.8831237943191645, 0.0, 0.1693668963192938, 0.1499182349927785, 5,5, 5
0.8839220381826648, 0.0, 0.1703957061205693, 0.14770902357753884, 2,2, 2
0.8833898756069979, 0.0, 0.1735341990820945, 0.14798533585948792, 4,4, 4
0.8828577130313311, 0.0, 0.17329598121674547, 0.15012581482499093, 5,5, 5
0.8837224772167898, 0.0, 0.16993944219888976, 0.14544162875103686, 4,4, 4
0.8841881194704982, 0.0, 0.1744418326163463, 0.15186177098574866, 3,3, 3
0.8840550788265815, 0.0, 0.1713383502781317, 0.1484184861935336, 1,1, 1
0.8840550788265815, 0.0, 0.17144729267787073, 0.14272235653836954, 1,1, 1
0.883589436572873, 0.0, 0.17323636044591667, 0.15099557410858566, 4,4, 4
0.8830572739972061, 0.0, 0.18061518267086793, 0.1442350396504562, 2,2, 2
0.10077828776691279, 0.0, 0.8944213325400786, 0.36684194226088074, 0,0, 0
0.35388811281846605, 0.0, 0.7279830566561922, 0.3630134291373654, 5,5, 5
0.38674915186589504, 0.0, 0.7052183262650071, 0.3604924412043921, 4,4, 4
0.4476152464577929, 0.0, 0.6443494979000683, 0.31548011801319814, 1,1, 1
0.5118738774695669, 0.0, 0.5888893313310197, 0.351913709818158, 2,2, 2
0.576132508481341, 0.0, 0.564860632426287, 0.33851799751841455, 3,3, 3
0.632009578926362, 0.0, 0.45527580738463647, 0.25707018084147126, 2,2, 2
0.608062263021353, 0.0, 0.4976376713570808, 0.25580876864084123, 5,5, 5
0.6443823588106167, 0.0, 0.46502699402131364, 0.27753357389167504, 6,6, 6
0.6590168296414555, 0.0, 0.42583720837479505, 0.24048806942872478, 2,2, 2
0.6884853322690082, 0.0, 0.40783494734541503, 0.25998528789505315, 5,5, 5
0.714627818798643, 0.0, 0.39134045442151616, 0.25574901320821686, 4,4, 4
0.7981108228563826, 0.0, 0.34430143346499487, 0.22928663284161066, 2,2, 2
0.7787534091665004, 0.0, 0.36643068499016224, 0.23207954454804944, 3,3, 3
0.7913257500166301, 0.0, 0.3325968271722, 0.21791035260493746, 2,2, 2
0.8027672453934677, 0.0, 0.33116538854388855, 0.22441428247231787, 3,3, 3
0.7943856848267146, 0.0, 0.3375875088131915, 0.22517097942160846, 3,3, 3
0.806891505354886, 0.0, 0.32585007948424677, 0.21834621156466594, 3,3, 3
0.81321093594093, 0.0, 0.2874920638790407, 0.2033410267091337, 4,4, 4
0.8126122530433048, 0.0, 0.3143618980145502, 0.2267909817537009, 2,2, 2
0.8157387081753475, 0.0, 0.30274523522378777, 0.21560758852828815, 2,2, 2
0.8136765781946385, 0.0, 0.3181604226494715, 0.215985051801889, 4,4, 4
0.8227233419809752, 0.0, 0.27746589430794466, 0.2053305585297818, 5,5, 5
0.8210603339320163, 0.0, 0.2851074698082146, 0.20966319497299346, 5,5, 5
0.8257832767910597, 0.0, 0.2660673318310556, 0.2002452886267795, 2,2, 2
0.831969666733187, 0.0, 0.2563879091339898, 0.19869379282267408, 1,1, 1
0.8328344309186456, 0.0, 0.26244005944131527, 0.20155678933958018, 3,3, 3
0.8323022683429788, 0.0, 0.24644999106905566, 0.19002721423404537, 3,3, 3
0.8364930486263553, 0.0, 0.25273394967644064, 0.19298411557078826, 4,4, 4
0.8344974389676046, 0.0, 0.2522516656846566, 0.19296762537966416, 0,0, 0
0.8314375041575202, 0.0, 0.26775431996182364, 0.2007055292917631, 4,4, 4
0.8348965608993547, 0.0, 0.25310765186367545, 0.19195609996078025, 3,3, 3
0.8330339918845208, 0.0, 0.2596087016042177, 0.19892671682822408, 2,2, 2
0.8295084148207277, 0.0, 0.2671522999719392, 0.19622251031615817, 4,4, 4
0.8394864631144815, 0.0, 0.244251237273281, 0.18839883156530896, 2,2, 2
0.8444089669394, 0.0, 0.24159751542121238, 0.1879738143850864, 5,5, 5
0.8435442027539414, 0.0, 0.2424080577646372, 0.19117602017256685, 2,2, 2
0.851659682032861, 0.0, 0.23351575791528106, 0.18164782564400903, 4,4, 4
0.854453535555112, 0.0, 0.22830361675888683, 0.18139051439133666, 4,4, 4
0.855185259096654, 0.0, 0.2327195914414138, 0.1856727745467287, 2,2, 2
0.8493314707643185, 0.0, 0.2474515907447241, 0.1896800271972828, 2,2, 2
0.8533892104037784, 0.0, 0.23041460099703506, 0.18422114731608005, 3,3, 3
0.8585777955165304, 0.0, 0.21854933239411328, 0.18054235438589925, 4,4, 4
0.857979112618905, 0.0, 0.21827841948378815, 0.17519493801723787, 3,3, 3
0.8601742832435308, 0.0, 0.21420806260252706, 0.17524034569568422, 5,5, 5
0.859642120667864, 0.0, 0.21522326565894778, 0.17940586711095857, 2,2, 2
0.8593760393800306, 0.0, 0.22486640302069705, 0.17679766974684685, 2,2, 2
0.861305128716823, 0.0, 0.22140039719510501, 0.17990131090427955, 1,1, 1
0.8625024945120734, 0.0, 0.22138448622376003, 0.17757068718361033, 5,5, 5
0.8632342180536153, 0.0, 0.21474084219385095, 0.17464259751888828, 4,4, 4
0.8643650635269075, 0.0, 0.22286562842389124, 0.17473982765081544, 3,3, 3
0.8642320228829907, 0.0, 0.2185705231080509, 0.179214479283014, 4,4, 4
0.8616377303266147, 0.0, 0.22370649330903522, 0.17545316594905402, 5,5, 5
0.8629016164438236, 0.0, 0.2182526179326642, 0.17809166168390658, 2,2, 2
0.8676910796248254, 0.0, 0.20605715605159675, 0.1712977983121753, 3,3, 3
0.8658950309319497, 0.0, 0.2131993649250672, 0.17111949608946048, 3,3, 3
0.8670923967272002, 0.0, 0.2107793222740186, 0.16882521831660288, 2,2, 2
0.8700858112153262, 0.0, 0.202310711291381, 0.16511533487143634, 3,3, 3
0.8699527705714095, 0.0, 0.2072663211909341, 0.16809951864494455, 2,2, 2
0.8684893234883256, 0.0, 0.20742240690525177, 0.16495607732743178, 4,4, 4
0.8708175347568682, 0.0, 0.2009079748975327, 0.16775491173674134, 2,2, 2
0.8695536486396594, 0.0, 0.20177986019479419, 0.16728880725622386, 1,1, 1
0.8716157786203685, 0.0, 0.19590320909191422, 0.16620831059850227, 5,5, 5
0.8723475021619105, 0.0, 0.19536701562754172, 0.16279813481488897, 4,4, 4
0.8717488192642853, 0.0, 0.1945532232427134, 0.16155753227496752, 2,2, 2
0.8727466240936607, 0.0, 0.19035016961140055, 0.16318289121779866, 3,3, 3
0.8738109492449944, 0.0, 0.19696183043292695, 0.1661546231302211, 4,4, 4
0.872813144415619, 0.0, 0.19234317897493955, 0.16194287041364913, 3,3, 3
0.8719483802301603, 0.0, 0.19205017908814384, 0.16265727392410315, 3,3, 3
0.8738109492449944, 0.0, 0.19383070911119013, 0.1633171749631565, 5,5, 5
0.8734118273132442, 0.0, 0.1955168923282913, 0.1604010561466427, 4,4, 4
0.8741435508547861, 0.0, 0.19846134587874467, 0.16264642484643935, 1,1, 1
0.8743431118206613, 0.0, 0.20941504349963386, 0.1630212217707299, 4,4, 4
0.8752743963280782, 0.0, 0.19382267619421684, 0.15581743643213575, 3,3, 3
0.875407436971995, 0.0, 0.18655364287615522, 0.15416509804272457, 4,4, 4
0.8765382824452871, 0.0, 0.18862918330913658, 0.16086158001769854, 5,5, 5
0.8776691279185791, 0.0, 0.1882159812777743, 0.15696128527503309, 3,3, 3
0.8775360872746624, 0.0, 0.19147982899866875, 0.15586173481344529, 6,6, 6
0.8767378434111621, 0.0, 0.1978237302118808, 0.15725906655396318, 4,4, 4
0.878400851460121, 0.0, 0.17295023237265103, 0.14993669482525276, 3,3, 3
0.8797977782212466, 0.0, 0.18543871352480465, 0.1549715151972683, 5,5, 5
0.8766713230892037, 0.0, 0.184982903073033, 0.14994710721658128, 5,5, 5
0.8784673717820795, 0.0, 0.18018935211659343, 0.1528910537857907, 2,2, 2
0.8793321359675381, 0.0, 0.17653058493452825, 0.1508734235195927, 3,3, 3
0.8783343311381627, 0.0, 0.17559582683292838, 0.14682019472142274, 3,3, 3
0.8787999733918712, 0.0, 0.18123872852032552, 0.1549711347291735, 3,3, 3
0.8790660546797047, 0.0, 0.17461021042040492, 0.14632401105326276, 2,2, 2
0.878400851460121, 0.0, 0.1826415415727964, 0.15133496003122954, 1,1, 1
0.8804629814408301, 0.0, 0.18155927647513817, 0.15262530469567323, 4,4, 4
0.8812612253043305, 0.0, 0.17727572319497376, 0.14647325670901684, 1,1, 1
0.880995144016497, 0.0, 0.17850960176635533, 0.14477038896602606, 3,3, 3
0.8841215991485398, 0.0, 0.16959798073043494, 0.14613883677192008, 4,4, 4
0.8812612253043305, 0.0, 0.18945005895357364, 0.1516309514338049, 4,4, 4
0.881926428523914, 0.0, 0.166446969386818, 0.1459108057247903, 1,1, 1
0.8824585910995809, 0.0, 0.1737921042360631, 0.14827322558884587, 4,4, 4
0.8834563959289563, 0.0, 0.1723207559761047, 0.14739439773582255, 1,1, 1
0.8824585910995809, 0.0, 0.17540557190882503, 0.151820390336692, 4,4, 4
0.8832568349630813, 0.0, 0.1754990411048513, 0.1475400249682951, 1,1, 1
0.8821259894897892, 0.0, 0.17901805453266267, 0.14562646709002114, 3,3, 3
0.882658152065456, 0.0, 0.17194494709384017, 0.15045342421047408, 1,1, 1
0.8849863633339985, 0.0, 0.16587734450020453, 0.14503925344347535, 4,4, 4
0.10077828776691279, 0.0, 0.8944213325400786, 0.36684194226088074, 0,0, 0
0.2713363932681434, 0.0, 0.7698841940528486, 0.4545103404093414, 5,5, 5
0.3222244395662875, 0.0, 0.7243298856996574, 0.36062838069643083, 2,2, 2
0.503891438834564, 0.0, 0.552544394176981, 0.29319856400550587, 2,2, 2
0.5646244927825451, 0.0, 0.49591644372649957, 0.2589369123948289, 0,0, 0
0.6028071575866427, 0.0, 0.5284469448543709, 0.34703163022548617, 4,4, 4
0.6268875141355684, 0.0, 0.5246189025160555, 0.32667793881055673, 2,2, 2
0.6830971861903812, 0.0, 0.45106557967521466, 0.24691876477140196, 5,5, 5
0.727067119004856, 0.0, 0.4002046778921914, 0.2320653205215858, 6,6, 6
0.7268010377170225, 0.0, 0.4257229509247742, 0.244439408187052, 1,1, 1
0.7464245326947383, 0.0, 0.4081770517089259, 0.23625902250077885, 2,2, 2
0.7675114747555378, 0.0, 0.40543813983734234, 0.2434871152309725, 1,1, 1
0.7797512139958758, 0.0, 0.38675516603715077, 0.22375080356507282, 3,3, 3
0.7814142220448347, 0.0, 0.3724275111758576, 0.23219559225550274, 2,2, 2
0.7861371649038781, 0.0, 0.3675770974225098, 0.23168646730289982, 3,3, 3
0.7856050023282113, 0.0, 0.3547919056901528, 0.2437854828073711, 4,4, 4
0.8024346437836759, 0.0, 0.32514040413990714, 0.218730111285496, 4,4, 4
0.8039646111887182, 0.0, 0.3332843039708493, 0.22103530308004718, 6,6, 6
0.8144083017361804, 0.0, 0.3153083032748434, 0.22023013812112985, 3,3, 3
0.8120135701456795, 0.0, 0.3144724187768736, 0.21514392691142273, 3,3, 3
0.8193308055610989, 0.0, 0.2855446898545618, 0.2094185831861197, 6,6, 6
0.8209938136100579, 0.0, 0.2779078797051596, 0.2069127247332521, 2,2, 2
0.8203286103904743, 0.0, 0.3015004270167656, 0.20950802090555803, 1,1, 1
0.8235881061664339, 0.0, 0.28326827478198957, 0.20628996160614738, 3,3, 3
0.8205946916783077, 0.0, 0.3100042620643666, 0.22522771697754249, 6,6, 6
0.8224572606931417, 0.0, 0.3037678005008775, 0.2169090805887523, 2,2, 2
0.8305062196501031, 0.0, 0.26675615673287717, 0.20268338839180122, 1,1, 1
0.8316370651233952, 0.0, 0.2749683413525455, 0.20321429599464502, 3,3, 3
0.8321027073771037, 0.0, 0.2740533886785341, 0.20438921113472092, 0,0, 0
0.830306658684228, 0.0, 0.2697474827649988, 0.2088244516536928, 4,4, 4
0.8330339918845208, 0.0, 0.26514458457711265, 0.19773250362784955, 1,1, 1
0.833632674782146, 0.0, 0.27206551489204683, 0.20395902440596328, 2,2, 2
0.8334996341382293, 0.0, 0.28382608951164995, 0.21449641280486337, 7,7, 7
0.8398855850462317, 0.0, 0.26901369279512094, 0.20132772531101345, 3,3, 3
0.8376238940996474, 0.0, 0.26963970485450256, 0.20311755435865467, 4,4, 4
0.840883389875607, 0.0, 0.2680556726709481, 0.20222096597521008, 4,4, 4
0.8378899753874809, 0.0, 0.2785978909666609, 0.20552789936180832, 4,4, 4
0.8432116011441495, 0.0, 0.25397815513843086, 0.19961156377418557, 1,1, 1
0.845140690480942, 0.0, 0.2593462767855106, 0.20304978472763108, 4,4, 4
0.8460054546664005, 0.0, 0.2580009969175068, 0.19737809002347137, 2,2, 2
0.8454732920907337, 0.0, 0.2564570924435742, 0.19346221678265035, 7,7, 7
0.8513270804230693, 0.0, 0.23993037902560715, 0.18950219057454765, 2,2, 2
0.8511940397791525, 0.0, 0.24873431755475126, 0.1960191661268311, 2,2, 2
0.8492649504423602, 0.0, 0.24435815861532098, 0.19122511731603983, 4,4, 4
0.8504623162376106, 0.0, 0.24646182621337648, 0.19029259839190227, 5,5, 5
0.8509944788132775, 0.0, 0.2559336337131137, 0.19162756130123484, 2,2, 2
0.854054413623362, 0.0, 0.23599458434564974, 0.19513850907681068, 1,1, 1
0.854985698130779, 0.0, 0.23045744197686935, 0.1816100805354483, 5,5, 5
0.8556509013503625, 0.0, 0.24396503859403906, 0.19260558417006904, 5,5, 5
0.8587773564824054, 0.0, 0.2165805702427955, 0.17891627337104732, 3,3, 3
0.8562495842479878, 0.0, 0.2295330939155095, 0.18043587829646654, 6,6, 6
0.8590434377702388, 0.0, 0.22268932735610203, 0.17964522189070695, 2,2, 2
0.8592429987361139, 0.0, 0.218641685949048, 0.1828612303615687, 3,3, 3
0.8591099580921971, 0.0, 0.2313321747465562, 0.1802224782904431, 3,3, 3
0.8601742832435308, 0.0, 0.2231086748534715, 0.17869762875097733, 0,0, 0
0.8607064458191978, 0.0, 0.2212934192272921, 0.17866953466284438, 1,1, 1
0.8617042506485731, 0.0, 0.22795782587749422, 0.1808600593425583, 4,4, 4
0.8624359741901151, 0.0, 0.2222773536147731, 0.17412743621742577, 1,1, 1
0.8628350961218653, 0.0, 0.2164785702496748, 0.18074222182777597, 1,1, 1
0.8640324619171157, 0.0, 0.22044924219423956, 0.1755170034963517, 3,3, 3
0.8651633073904078, 0.0, 0.20833943749380654, 0.16813186081771142, 2,2, 2
0.8662941528636998, 0.0, 0.2008691483778981, 0.1678084226299337, 3,3, 3
0.8641655025610324, 0.0, 0.2191177586907633, 0.17178901475833033, 5,5, 5
0.866493713829575, 0.0, 0.20482751135590999, 0.17396328208520978, 2,2, 2
0.8675580389809087, 0.0, 0.20767370331614735, 0.1677217707025043, 3,3, 3
0.8670923967272002, 0.0, 0.2023730221107683, 0.16606058531244428, 4,4, 4
0.8670258764052418, 0.0, 0.20617792071304517, 0.16688103505184299, 5,5, 5
0.8672254373711169, 0.0, 0.20584702889438677, 0.17147505134148258, 1,1, 1
0.8671589170491585, 0.0, 0.2088364164980081, 0.17018396949711265, 5,5, 5
0.8665602341515333, 0.0, 0.20429120124816344, 0.1702578699801231, 2,2, 2
0.8680902015565756, 0.0, 0.20767817240744318, 0.16655655341999495, 3,3, 3
0.869487128317701, 0.0, 0.20160403866638735, 0.16414486228390146, 3,3, 3
0.8684893234883256, 0.0, 0.20704383785094965, 0.16963719540893252, 5,5, 5
0.8698862502494512, 0.0, 0.20948594493630285, 0.16839962798842362, 3,3, 3
0.8712831770105768, 0.0, 0.20520568635319647, 0.1688123161722643, 4,4, 4
0.8725470631277855, 0.0, 0.19921971846283704, 0.17126290091936647, 4,4, 4
0.870218851859243, 0.0, 0.19556217662994616, 0.16227938995772676, 4,4, 4
0.8712166566886184, 0.0, 0.2030441704713078, 0.16731218454589672, 1,1, 1
0.8736779086010776, 0.0, 0.1912662285789177, 0.16324315284741445, 2,2, 2
0.8725470631277855, 0.0, 0.1908451483707328, 0.16264176596338747, 2,2, 2
0.8735448679571609, 0.0, 0.1914679122841101, 0.1645050790636156, 4,4, 4
0.8728796647375773, 0.0, 0.1966814486789966, 0.16437749504144616, 2,2, 2
0.8727466240936607, 0.0, 0.20169585687965738, 0.16476483694100072, 1,1, 1
0.8739439898889111, 0.0, 0.1941346852874437, 0.16379405821989532, 3,3, 3
0.8746091931084946, 0.0, 0.19961393885473278, 0.16231907872619517, 2,2, 2
0.8742100711767445, 0.0, 0.19442918110432572, 0.15883380841720454, 2,2, 2
0.8748752743963281, 0.0, 0.19810903010351402, 0.16195150568509828, 1,1, 1
0.8752078760061198, 0.0, 0.20282280181598916, 0.16339644809514198, 4,4, 4
0.8758065589037451, 0.0, 0.201945843629566, 0.16373360068745765, 1,1, 1
0.8783343311381627, 0.0, 0.18599371579672908, 0.15765047803715737, 1,1, 1
0.8769374043770372, 0.0, 0.19995055422996366, 0.15816289259869412, 4,4, 4
0.8777356482405375, 0.0, 0.18551607861940508, 0.1572971709612626, 2,2, 2
0.8771369653429123, 0.0, 0.18772569829096852, 0.15960476344194025, 3,3, 3
0.8790660546797047, 0.0, 0.18421962998885807, 0.1559434541027127, 1,1, 1
0.8777356482405375, 0.0, 0.19650669751996871, 0.1615971795349371, 3,3, 3
0.8786669327479545, 0.0, 0.19729456348404814, 0.15757919755999358, 2,2, 2
0.8803964611188718, 0.0, 0.18757064565936526, 0.1533618571199174, 2,2, 2
0.8786004124259962, 0.0, 0.1800259415293814, 0.15197813890241504, 3,3, 3
0.8783343311381627, 0.0, 0.18903803609006656, 0.15712343692052844, 1,1, 1
0.8776691279185791, 0.0, 0.1942749179832604, 0.15649544923462436, 4,4, 4
0.8785338921040378, 0.0, 0.193974026985777, 0.15815674173166447, 3,3, 3
0.10077828776691279, 0.0, 0.8944213325400786, 0.36684194226088074, 0,0, 0
0.20468303066586843, 0.0, 0.8438653708650825, 0.5406980063094778, 4,4, 4
0.34830040577396393, 0.0, 0.7328056989403732, 0.47403860123883995, 3,3, 3
0.40025277722344177, 0.0, 0.7027226526601477, 0.39552194236008814, 2,2, 2
0.6035388811281847, 0.0, 0.4838718082695378, 0.25428925805145985, 2,2, 2
0.635535155990155, 0.0, 0.5187062443714242, 0.2737711561541764, 3,3, 3
0.5913656622098051, 0.0, 0.5742566342699532, 0.3467908354757956, 4,4, 4
0.6599481141488724, 0.0, 0.4734978737769672, 0.283366346507802, 5,5, 5
0.6530965209871615, 0.0, 0.4947882439465288, 0.30430385901967333, 0,0, 0
0.7264019157852724, 0.0, 0.4117778079533096, 0.25733644659346344, 4,4, 4
0.7603272799840352, 0.0, 0.38091719989456085, 0.23630355789279464, 3,3, 3
0.7774895230492915, 0.0, 0.3657465346429166, 0.2329302133703449, 3,3, 3
0.7721678972926229, 0.0, 0.3603211482662953, 0.23861841898924066, 3,3, 3
0.7699062063460387, 0.0, 0.37016770777166225, 0.24643188780514, 4,4, 4
0.7842080755670857, 0.0, 0.33555870496380047, 0.22418873676962608, 2,2, 2
0.7897292622896295, 0.0, 0.3249486433821923, 0.21894930021628775, 3,3, 3
0.8052284973059269, 0.0, 0.30136161225847397, 0.21580195081100306, 3,3, 3
0.8071575866427193, 0.0, 0.3031844846988319, 0.21411542630485325, 1,1, 1
0.8114814075700126, 0.0, 0.3018958459859262, 0.2120859565684729, 3,3, 3
0.8139426594824719, 0.0, 0.29767028634741577, 0.2154150489786034, 2,2, 2
0.8154061065655558, 0.0, 0.3014589451098335, 0.2120180429391945, 4,4, 4
0.8162708707510145, 0.0, 0.29735309009336397, 0.21423304935284307, 1,1, 1
0.8189316836293488, 0.0, 0.28290628338281687, 0.20540608315505307, 4,4, 4
0.8203286103904743, 0.0, 0.30494138861752973, 0.2261588928045343, 2,2, 2
0.823055943590767, 0.0, 0.2836531906037707, 0.20615078267637033, 2,2, 2
0.8279784474156855, 0.0, 0.2924421820224116, 0.21520033612395914, 2,2, 2
0.8219916184394332, 0.0, 0.3071992480473048, 0.2145899450850535, 5,5, 5
0.8348300405773964, 0.0, 0.2526612539205162, 0.19787924063947815, 1,1, 1
0.8344974389676046, 0.0, 0.2585529910703129, 0.1989056037161221, 4,4, 4
0.8335661544601876, 0.0, 0.26076063278965267, 0.19751568055656157, 4,4, 4
0.8381560566753143, 0.0, 0.24494597959384723, 0.19335742217569216, 4,4, 4
0.8358943657287301, 0.0, 0.2610287322716115, 0.19742026298729665, 4,4, 4
0.8437437637198164, 0.0, 0.2391179240094433, 0.18752112349251646, 5,5, 5
0.8439433246856914, 0.0, 0.2469712879987381, 0.1957852818059526, 5,5, 5
0.845140690480942, 0.0, 0.2464433245417795, 0.19266446521324615, 2,2, 2
0.8440763653296082, 0.0, 0.2401119494955565, 0.18592621215734606, 3,3, 3
0.848666267544735, 0.0, 0.23626606203826092, 0.18052345889283924, 4,4, 4
0.8500631943058604, 0.0, 0.22456209509965913, 0.18398106051052093, 2,2, 2
0.8511940397791525, 0.0, 0.23655370930461564, 0.18579442538390054, 2,2, 2
0.8495310317301936, 0.0, 0.2498990438240237, 0.18557888172491993, 4,4, 4
0.8526574868622364, 0.0, 0.23496591442625855, 0.18195382342815525, 4,4, 4
0.8553848200625291, 0.0, 0.23702886155625097, 0.18163495062807478, 5,5, 5
0.8555843810284042, 0.0, 0.22751857326082647, 0.17656668839546505, 4,4, 4
0.8556509013503625, 0.0, 0.2270628997526468, 0.1769512063182113, 2,2, 2
0.8559169826381959, 0.0, 0.23101980799272703, 0.17986555931520307, 5,5, 5
0.8588438768043637, 0.0, 0.22017968592817094, 0.17514059674277857, 5,5, 5
0.8604403645313643, 0.0, 0.21268266772738187, 0.17151663248890064, 2,2, 2
0.8564491452138628, 0.0, 0.2259001089427894, 0.17654809836428434, 5,5, 5
0.859642120667864, 0.0, 0.221882025987959, 0.1788906468278894, 4,4, 4
0.860573405175281, 0.0, 0.2212380135605707, 0.16995093761298827, 2,2, 2
0.8602408035654893, 0.0, 0.2212929725299072, 0.17251366205141966, 5,5, 5
0.8625690148340318, 0.0, 0.21677609981313978, 0.1718540139725572, 3,3, 3
0.8621698929022816, 0.0, 0.2145293471629963, 0.17223013589953978, 3,3, 3
0.8646976651366992, 0.0, 0.21841737622194535, 0.1731533098328612, 4,4, 4
0.8639659415951573, 0.0, 0.21817170194671168, 0.16840858621017546, 5,5, 5
0.8623029335461984, 0.0, 0.21667491259513563, 0.17315327171684275, 2,2, 2
0.8668263154393667, 0.0, 0.20689265633911208, 0.16907411860414623, 3,3, 3
0.8668263154393667, 0.0, 0.21543894618247295, 0.17141244711755393, 2,2, 2
0.8665602341515333, 0.0, 0.20056069055706544, 0.16697353690531194, 3,3, 3
0.8671589170491585, 0.0, 0.20369473740864966, 0.16477876904997907, 2,2, 2
0.8686888844542008, 0.0, 0.19336336214955233, 0.16174537442471149, 3,3, 3
0.8698197299274929, 0.0, 0.20933959893533932, 0.1688706607658049, 6,6, 6
0.8695536486396594, 0.0, 0.1980098311978619, 0.16905849918686047, 5,5, 5
0.8694206079957427, 0.0, 0.19300235572575153, 0.1660548585875098, 1,1, 1
0.8707510144349099, 0.0, 0.1986158568758705, 0.16361215568550175, 4,4, 4
0.8696866892835762, 0.0, 0.20337041703298056, 0.162310502383458, 4,4, 4
0.8708840550788266, 0.0, 0.19181217727891606, 0.15959318262817132, 2,2, 2
0.8687554047761591, 0.0, 0.20558016565265538, 0.1670980070308158, 4,4, 4
0.8715492582984101, 0.0, 0.19236278317598532, 0.1620103493908999, 3,3, 3
0.8706844941129515, 0.0, 0.1968133393121084, 0.16290703568273798, 2,2, 2
0.8724805428058272, 0.0, 0.1955321854892498, 0.15692057116353747, 5,5, 5
0.8736113882791192, 0.0, 0.19174392274238666, 0.1555697992029857, 2,2, 2
0.8736779086010776, 0.0, 0.1877371007736633, 0.15961309477554683, 2,2, 2
0.8731457460254107, 0.0, 0.19069168678703774, 0.1595024550287279, 0,0, 0
0.8736113882791192, 0.0, 0.18682173813658318, 0.15867524320102494, 1,1, 1
0.8736113882791192, 0.0, 0.18899262775439277, 0.1601357834471875, 3,3, 3
0.8738109492449944, 0.0, 0.1859892472018669, 0.16195402469812756, 3,3, 3
0.8756735182598284, 0.0, 0.18476048167776088, 0.15596655467593143, 3,3, 3
0.8769374043770372, 0.0, 0.1810267775798918, 0.15888504358119251, 3,3, 3
0.8756735182598284, 0.0, 0.1891043301437252, 0.15893718296709522, 5,5, 5
0.8760726401915785, 0.0, 0.18088414982138679, 0.15128117356916865, 6,6, 6
0.874675713430453, 0.0, 0.18790389020179749, 0.15666515070707424, 4,4, 4
0.8722809818399521, 0.0, 0.19838828114232526, 0.1605405115584385, 2,2, 2
0.8734783476352026, 0.0, 0.2010679186212623, 0.15926169933899006, 7,7, 7
0.8767378434111621, 0.0, 0.1884516467377688, 0.1462957208985346, 6,6, 6
0.8785338921040378, 0.0, 0.17864701469842229, 0.1487129706715088, 3,3, 3
0.8770704450209539, 0.0, 0.19150240864706305, 0.14674322812383517, 4,4, 4
0.879132575001663, 0.0, 0.17645498099180792, 0.15160256398719102, 3,3, 3
0.8777356482405375, 0.0, 0.19179016245361005, 0.15489873151061773, 1,1, 1
0.8806625424067053, 0.0, 0.17481636952083968, 0.15233307700630905, 2,2, 2
0.8799973391871216, 0.0, 0.1814093327370842, 0.1506434006459875, 2,2, 2
0.8807290627286636, 0.0, 0.1747690488438673, 0.15065984852308484, 3,3, 3
0.8810616643384555, 0.0, 0.17519770449758953, 0.14566560167153472, 2,2, 2
0.8817933878799974, 0.0, 0.17221071343583005, 0.149577606561839, 4,4, 4
0.8801303798310384, 0.0, 0.17674259900254183, 0.1494019611276189, 2,2, 2
0.8815273065921639, 0.0, 0.18460042105634752, 0.1471377523189941, 6,6, 6
0.8821259894897892, 0.0, 0.17683219268887965, 0.14814358050098936, 3,3, 3
0.8827911927093727, 0.0, 0.17418858209595053, 0.13956299176619108, 5,5, 5
0.8815938269141222, 0.0, 0.17040883304157703, 0.14745999419923791, 6,6, 6
0.8835229162509146, 0.0, 0.17259195609171532, 0.14683723558492628, 3,3, 3
0.8825916317434976, 0.0, 0.17195032430784554, 0.15031221114639423, 2,2, 2
