acuracia,loss,frr,fpr, removed, n_clf, tp_removed
0.09825051553249518, 0.0, 0.8944041643372586, 0.40467750686587217, 0,0, 0
0.3005388146078627, 0.0, 0.7441064720675672, 0.3423446272266824, 0,0, 0
0.3716490387813477, 0.0, 0.6871431131128767, 0.36063193588031, 0,0, 0
0.5388146078627021, 0.0, 0.5426296867217371, 0.3942044269095594, 0,0, 0
0.5135368855185259, 0.0, 0.5740259791674355, 0.4292041604443695, 0,0, 0
0.557174216723209, 0.0, 0.529564631990277, 0.42061573198574975, 0,0, 0
0.6608793986562895, 0.0, 0.4581215408378137, 0.3585199192966033, 0,0, 0
0.6340717089070711, 0.0, 0.5312791532492117, 0.39318305314184876, 0,0, 0
0.6950043238209273, 0.0, 0.4784818141575372, 0.36244181985196255, 0,0, 0
0.7156256236280184, 0.0, 0.49841588428451655, 0.3773609648716368, 0,0, 0
0.7611920441694938, 0.0, 0.4512477607105535, 0.3388708227483482, 0,0, 0
0.7512805161976984, 0.0, 0.45097238931495065, 0.3286569044326664, 0,0, 0
0.7377103705181933, 0.0, 0.49326653761139533, 0.34316874775803347, 0,0, 0
0.7333200292689417, 0.0, 0.5032464650221561, 0.349965815643132, 0,0, 0
0.667464910530167, 0.0, 0.45540171495431936, 0.36978802124407806, 0,0, 0
0.6890840151666334, 0.0, 0.42352958397849455, 0.3504747368608897, 0,0, 0
0.7294618505953568, 0.0, 0.38007306880446406, 0.3079791564636705, 0,0, 0
0.7319231025078161, 0.0, 0.4018899394611726, 0.3280814279325209, 0,0, 0
0.6474422936207012, 0.0, 0.4592021835553134, 0.34549348954457865, 0,0, 0
0.6072640191578528, 0.0, 0.5247102589881792, 0.39796173708643123, 0,0, 0
0.6711235282378767, 0.0, 0.4962835195631022, 0.38821694499181253, 0,0, 0
0.5914321825317634, 0.0, 0.5347539759310613, 0.38568427494223856, 0,0, 0
0.6858245193906739, 0.0, 0.4695443473544708, 0.3823693588085318, 0,0, 0
0.7166899487793521, 0.0, 0.44403365099603426, 0.3444821230682271, 0,0, 0
0.7097718352956829, 0.0, 0.4393714271959447, 0.33911526478599635, 0,0, 0
0.6785072839752544, 0.0, 0.4159262833619605, 0.3395798156914129, 0,0, 0
0.39599547661810686, 0.0, 0.6436878703719521, 0.46269241165755753, 0,0, 0
0.6326082618239872, 0.0, 0.47859331222835716, 0.3644533419882435, 0,0, 0
0.6727200159648773, 0.0, 0.4943590418118367, 0.3618386621335594, 0,0, 0
0.6985299008847203, 0.0, 0.41669294471890006, 0.3335731710246118, 0,0, 0
0.6909465841814675, 0.0, 0.43998699613823566, 0.35372352056285605, 0,0, 0
0.7174881926428524, 0.0, 0.4315261707429671, 0.34357742571258554, 0,0, 0
0.7536752477881993, 0.0, 0.39342478992241486, 0.3320505444321492, 0,0, 0
0.7661810683163707, 0.0, 0.3803696708861436, 0.32361630364342725, 0,0, 0
0.7671123528237876, 0.0, 0.38736336265667964, 0.3219791061866026, 0,0, 0
0.7711035721412892, 0.0, 0.36245492657073003, 0.3217028670330515, 0,0, 0
0.6022749950109758, 0.0, 0.5023248808802157, 0.33278847734369954, 0,0, 0
0.774230027273332, 0.0, 0.35159969998007495, 0.30737074726452773, 0,0, 0
0.770704450209539, 0.0, 0.36148596950764883, 0.31281636771463384, 0,0, 0
0.7467571343045301, 0.0, 0.34055314218525146, 0.30585340285527174, 0,0, 0
0.7466906139825716, 0.0, 0.34388647551858476, 0.30407666280043855, 0,0, 0
0.7804164172154593, 0.0, 0.33725034986413455, 0.3013817468871597, 0,0, 0
0.7848732787866693, 0.0, 0.3335738792758992, 0.2979306826649042, 0,0, 0
0.7776890840151667, 0.0, 0.33775828934900576, 0.3049833533215296, 0,0, 0
0.7854054413623361, 0.0, 0.3326436467177597, 0.29499959738555964, 0,0, 0
0.7787534091665004, 0.0, 0.33605481887893185, 0.30420608307967967, 0,0, 0
0.7865362868356283, 0.0, 0.3347935762455962, 0.2958203616336721, 0,0, 0
0.7921239938801303, 0.0, 0.31628886034957593, 0.2799527328246898, 0,0, 0
0.7933213596753809, 0.0, 0.32096478627550185, 0.29002340709261765, 0,0, 0
0.7936539612851726, 0.0, 0.3109647862755019, 0.2794005558356061, 0,0, 0
0.7911927093727134, 0.0, 0.32373885044662487, 0.2913081545300995, 0,0, 0
0.7947848067584647, 0.0, 0.3142061282668439, 0.28540848889637505, 0,0, 0
0.7955165303000067, 0.0, 0.31661856694410134, 0.28898267613335743, 0,0, 0
0.794651766114548, 0.0, 0.30250352269631375, 0.2732985152923167, 0,0, 0
0.7910596687287966, 0.0, 0.31950352269631377, 0.2897334056475116, 0,0, 0
0.78686888844542, 0.0, 0.31692999328454907, 0.278604675844437, 0,0, 0
0.7949178474023815, 0.0, 0.2942297131725043, 0.2714317545387336, 0,0, 0
0.7947182864365063, 0.0, 0.30339637983917095, 0.2773021263359472, 0,0, 0
0.7961152131976319, 0.0, 0.3000114240869585, 0.27365395149644867, 0,0, 0
0.795583050621965, 0.0, 0.30115428122981563, 0.28260576344850924, 0,0, 0
0.7951839286902148, 0.0, 0.3040373534789986, 0.28390389652692616, 0,0, 0
0.48586443158384884, 0.0, 0.626861497725802, 0.426243174850889, 0,0, 0
0.7730326614780816, 0.0, 0.3299611986728014, 0.3128431123539709, 0,0, 0
0.10111088937670458, 0.0, 0.9116167084157132, 0.5792849754388893, 0,0, 0
0.10111088937670458, 0.0, 0.9116167084157132, 0.5800516189479731, 0,0, 0
0.10111088937670458, 0.0, 0.9116167084157132, 0.5803208777503662, 0,0, 0
0.10111088937670458, 0.0, 0.9116167084157132, 0.5732646097188594, 0,0, 0
0.10111088937670458, 0.0, 0.9116167084157132, 0.5841109301739992, 0,0, 0
0.10111088937670458, 0.0, 0.9116167084157132, 0.5794092133691274, 0,0, 0
0.10111088937670458, 0.0, 0.9116167084157132, 0.5816336589852438, 0,0, 0
0.10111088937670458, 0.0, 0.9116167084157132, 0.5810844520586411, 0,0, 0
0.10111088937670458, 0.0, 0.9116167084157132, 0.5818369531592963, 0,0, 0
0.10111088937670458, 0.0, 0.9116167084157132, 0.5790376401274875, 0,0, 0
0.10111088937670458, 0.0, 0.9116167084157132, 0.5793720325014955, 0,0, 0
0.10111088937670458, 0.0, 0.9116167084157132, 0.5771019642391266, 0,0, 0
0.10111088937670458, 0.0, 0.9116167084157132, 0.5815693014487207, 0,0, 0
0.10111088937670458, 0.0, 0.9116167084157132, 0.5763836389576898, 0,0, 0
0.10111088937670458, 0.0, 0.9116167084157132, 0.5778766206040755, 0,0, 0
0.10111088937670458, 0.0, 0.9116167084157132, 0.5790181699976202, 0,0, 0
0.10111088937670458, 0.0, 0.9116167084157132, 0.578311923360941, 0,0, 0
0.10111088937670458, 0.0, 0.9116167084157132, 0.5783389216112905, 0,0, 0
0.10111088937670458, 0.0, 0.9116167084157132, 0.5807866711972232, 0,0, 0
0.10111088937670458, 0.0, 0.9116167084157132, 0.5811505336135457, 0,0, 0
0.10111088937670458, 0.0, 0.9116167084157132, 0.5778478368076531, 0,0, 0
0.10111088937670458, 0.0, 0.9116167084157132, 0.5805026215886335, 0,0, 0
0.10111088937670458, 0.0, 0.9116167084157132, 0.5830043938300391, 0,0, 0
0.10111088937670458, 0.0, 0.9116167084157132, 0.5797114943517966, 0,0, 0
0.10111088937670458, 0.0, 0.9116167084157132, 0.5761829352755178, 0,0, 0
0.10111088937670458, 0.0, 0.9116167084157132, 0.5825854899359265, 0,0, 0
0.10111088937670458, 0.0, 0.9116167084157132, 0.5791073422189625, 0,0, 0
0.10111088937670458, 0.0, 0.9116167084157132, 0.5810417944194913, 0,0, 0
0.10111088937670458, 0.0, 0.9116167084157132, 0.5806414583128569, 0,0, 0
0.10111088937670458, 0.0, 0.9116167084157132, 0.5818602611671365, 0,0, 0
0.10111088937670458, 0.0, 0.9116167084157132, 0.5783726324912143, 0,0, 0
0.10111088937670458, 0.0, 0.9116167084157132, 0.5795421423134488, 0,0, 0
0.10111088937670458, 0.0, 0.9116167084157132, 0.5789102387963257, 0,0, 0
0.10111088937670458, 0.0, 0.9116167084157132, 0.5840729093226663, 0,0, 0
0.10111088937670458, 0.0, 0.9116167084157132, 0.5814955456235439, 0,0, 0
0.10111088937670458, 0.0, 0.9116167084157132, 0.5789054735287229, 0,0, 0
0.10111088937670458, 0.0, 0.9116167084157132, 0.5876307552079134, 0,0, 0
0.10111088937670458, 0.0, 0.9116167084157132, 0.5801789854442861, 0,0, 0
0.11474755537816803, 0.0, 0.8753352936861295, 0.3172524671784116, 0,0, 0
0.3041974323155724, 0.0, 0.7491343376993818, 0.4555770634480237, 0,0, 0
0.3630679172487195, 0.0, 0.6921466410319335, 0.36914223165903637, 0,0, 0
0.5387480875407437, 0.0, 0.5659585893953852, 0.4392026888002829, 0,0, 0
0.4342446617441628, 0.0, 0.6881860604981063, 0.46506399844016555, 0,0, 0
0.48925696800372515, 0.0, 0.6261017557091842, 0.4361325765648418, 0,0, 0
0.7274662409366062, 0.0, 0.4274229028038482, 0.34515234127340816, 0,0, 0
0.15645579724605868, 0.0, 0.83794134589201, 0.5407807917281771, 0,0, 0
0.16803033326681302, 0.0, 0.8249331100929206, 0.5508983021941787, 0,0, 0
0.38881128184660413, 0.0, 0.6366482492446872, 0.4573429951365548, 0,0, 0
0.39034124925164637, 0.0, 0.626025141428606, 0.43457289971762897, 0,0, 0
0.46151799374708974, 0.0, 0.614592140086399, 0.42662121835213473, 0,0, 0
0.4208740770305328, 0.0, 0.5905548439703906, 0.4357385183755155, 0,0, 0
0.521918446085279, 0.0, 0.5547859975276013, 0.402394166715072, 0,0, 0
0.5174615845140691, 0.0, 0.5306239768962648, 0.41561394532124746, 0,0, 0
0.5374842014235349, 0.0, 0.5339607983036422, 0.391259033454213, 0,0, 0
0.545666201024413, 0.0, 0.529824148242097, 0.3971770565845606, 0,0, 0
0.5420075833167033, 0.0, 0.5146356030545896, 0.4003416375785383, 0,0, 0
0.5445353555511209, 0.0, 0.5144146844860125, 0.3962634997511845, 0,0, 0
0.5704782811148806, 0.0, 0.49493115816983796, 0.38847023345358656, 0,0, 0
0.546797046497705, 0.0, 0.5522308546733641, 0.3952488419820262, 0,0, 0
0.49876937404377036, 0.0, 0.5391602280266328, 0.4028846544613731, 0,0, 0
0.5559103306060001, 0.0, 0.5270902329170147, 0.38374978289547, 0,0, 0
0.5453335994146211, 0.0, 0.5137947204144722, 0.3824893363573237, 0,0, 0
0.5859775161311781, 0.0, 0.4844162324710951, 0.3847317087497426, 0,0, 0
0.5597685092795849, 0.0, 0.5191006438296278, 0.3971407023151388, 0,0, 0
0.6037384420940597, 0.0, 0.4918431891701347, 0.3837758822404109, 0,0, 0
0.5008980243464378, 0.0, 0.5789795218655379, 0.4017885756611297, 0,0, 0
0.4877270005986829, 0.0, 0.5703093173609004, 0.40918946237987747, 0,0, 0
0.5358877136965343, 0.0, 0.5372143039963252, 0.39020733169322086, 0,0, 0
0.5502561032395397, 0.0, 0.5107676442443191, 0.3890118895179384, 0,0, 0
0.5616310782944189, 0.0, 0.506803682568816, 0.3757868158067058, 0,0, 0
0.5695469966074636, 0.0, 0.49668979004607094, 0.35995151587190655, 0,0, 0
0.5751347036519657, 0.0, 0.49127734991024746, 0.3426471435530599, 0,0, 0
0.49817069114614515, 0.0, 0.5658637204598079, 0.4081597712343264, 0,0, 0
0.5279052750615313, 0.0, 0.5288533156441464, 0.38456376948983084, 0,0, 0
0.5052883655956895, 0.0, 0.5355127915973134, 0.3876796069710886, 0,0, 0
0.44668396195037585, 0.0, 0.5843417574591011, 0.4146901719277297, 0,0, 0
0.3939333466373977, 0.0, 0.5795081137496854, 0.42743338380864737, 0,0, 0
0.48905740703785006, 0.0, 0.6079271808761794, 0.4235338829058597, 0,0, 0
0.531364331803366, 0.0, 0.5860302609380165, 0.4197670665503334, 0,0, 0
0.6354686356681967, 0.0, 0.5152170826079983, 0.3812308015243886, 0,0, 0
0.6804363733120469, 0.0, 0.46241995294643445, 0.36275383479555695, 0,0, 0
0.7219450542140624, 0.0, 0.40956847331727775, 0.3365567922033997, 0,0, 0
0.7151599813743098, 0.0, 0.42860902645646887, 0.3388560054392552, 0,0, 0
0.24911860573405176, 0.0, 0.7539771333089682, 0.5069770554939077, 0,0, 0
0.12685425397458924, 0.0, 0.8474252790013399, 0.5523287901043676, 0,0, 0
0.14049091997605268, 0.0, 0.8296495365713011, 0.5491489589751236, 0,0, 0
0.12778553848200624, 0.0, 0.8357407593808378, 0.5552896303171415, 0,0, 0
0.2243065256435841, 0.0, 0.7599709304767649, 0.5061406488580178, 0,0, 0
0.24259961418213263, 0.0, 0.7537280024160974, 0.516563945967503, 0,0, 0
0.21818665602341517, 0.0, 0.7700102831288825, 0.5217367224537148, 0,0, 0
0.22749950109758532, 0.0, 0.777525244963573, 0.5204823834036535, 0,0, 0
0.6596155125390807, 0.0, 0.48870466823341174, 0.36281730842977417, 0,0, 0
0.6830306658684228, 0.0, 0.45766456272061695, 0.3517628303679296, 0,0, 0
0.7576664671057007, 0.0, 0.3848484598191249, 0.30937082310981096, 0,0, 0
0.10131045034257966, 0.0, 0.8852603934104486, 0.5691626398860046, 0,0, 0
0.09938136100578727, 0.0, 0.8893382873335542, 0.57264865571473, 0,0, 0
0.2834430918645646, 0.0, 0.7234735851609776, 0.43104286015960824, 0,0, 0
0.10111088937670458, 0.0, 0.9116167084157132, 0.5835512836614806, 0,0, 0
0.10111088937670458, 0.0, 0.9116167084157132, 0.5833217597344023, 0,0, 0
0.10111088937670458, 0.0, 0.9116167084157132, 0.5824365699199048, 0,0, 0
0.10111088937670458, 0.0, 0.9116167084157132, 0.5818500134961667, 0,0, 0
0.10111088937670458, 0.0, 0.9116167084157132, 0.5864506028106886, 0,0, 0
0.10111088937670458, 0.0, 0.9116167084157132, 0.5829985535770134, 0,0, 0
0.10111088937670458, 0.0, 0.9116167084157132, 0.5799569822752324, 0,0, 0
0.10111088937670458, 0.0, 0.9116167084157132, 0.5784094092510411, 0,0, 0
0.10111088937670458, 0.0, 0.9116167084157132, 0.5841946749842907, 0,0, 0
0.10111088937670458, 0.0, 0.9116167084157132, 0.5788378482256212, 0,0, 0
0.10111088937670458, 0.0, 0.9116167084157132, 0.5851297516959605, 0,0, 0
0.10111088937670458, 0.0, 0.9116167084157132, 0.5792611249281925, 0,0, 0
0.10111088937670458, 0.0, 0.9116167084157132, 0.5776544089810066, 0,0, 0
0.10111088937670458, 0.0, 0.9116167084157132, 0.5840483708779979, 0,0, 0
0.10111088937670458, 0.0, 0.9116167084157132, 0.5790324935841478, 0,0, 0
0.10111088937670458, 0.0, 0.9116167084157132, 0.586525682278502, 0,0, 0
0.10111088937670458, 0.0, 0.9116167084157132, 0.5775946316719515, 0,0, 0
0.10111088937670458, 0.0, 0.9116167084157132, 0.5823237826998242, 0,0, 0
0.10111088937670458, 0.0, 0.9116167084157132, 0.5797685583755359, 0,0, 0
0.10111088937670458, 0.0, 0.9116167084157132, 0.5825344962161919, 0,0, 0
0.10111088937670458, 0.0, 0.9116167084157132, 0.5845929485143487, 0,0, 0
0.10111088937670458, 0.0, 0.9116167084157132, 0.5812388432755504, 0,0, 0
0.10111088937670458, 0.0, 0.9116167084157132, 0.5781090879154588, 0,0, 0
0.10111088937670458, 0.0, 0.9116167084157132, 0.578595788368319, 0,0, 0
0.10111088937670458, 0.0, 0.9116167084157132, 0.5811928755743765, 0,0, 0
0.10111088937670458, 0.0, 0.9116167084157132, 0.5874743101358274, 0,0, 0
0.10111088937670458, 0.0, 0.9116167084157132, 0.582520887228204, 0,0, 0
0.10111088937670458, 0.0, 0.9116167084157132, 0.5819465567945931, 0,0, 0
0.10111088937670458, 0.0, 0.9116167084157132, 0.5803675358431635, 0,0, 0
0.10111088937670458, 0.0, 0.9116167084157132, 0.5799742242576253, 0,0, 0
0.10111088937670458, 0.0, 0.9116167084157132, 0.5799224169716182, 0,0, 0
0.10111088937670458, 0.0, 0.9116167084157132, 0.5772131636615293, 0,0, 0
0.10111088937670458, 0.0, 0.9116167084157132, 0.5757933885704147, 0,0, 0
0.10111088937670458, 0.0, 0.9116167084157132, 0.5822701857977196, 0,0, 0
0.10111088937670458, 0.0, 0.9116167084157132, 0.5798361900155463, 0,0, 0
0.10111088937670458, 0.0, 0.9116167084157132, 0.5787190827276723, 0,0, 0
0.10111088937670458, 0.0, 0.9116167084157132, 0.5788736448178703, 0,0, 0
0.10111088937670458, 0.0, 0.9116167084157132, 0.5818399480179238, 0,0, 0
0.10111088937670458, 0.0, 0.9116167084157132, 0.5795356012285455, 0,0, 0
0.10111088937670458, 0.0, 0.9116167084157132, 0.5846194747415154, 0,0, 0
0.10111088937670458, 0.0, 0.9116167084157132, 0.5801343708258768, 0,0, 0
0.10111088937670458, 0.0, 0.9116167084157132, 0.5913809171944115, 0,0, 0
0.11122197831437504, 0.0, 0.8759051402832551, 0.2757510844687446, 0,0, 0
0.19942792523115813, 0.0, 0.7919453841512479, 0.46427822586355205, 0,0, 0
0.40311315106765117, 0.0, 0.6882766132218443, 0.31420402568315287, 0,0, 0
0.5891039712632209, 0.0, 0.47954706254121876, 0.3837767671980712, 0,0, 0
0.6011441495376838, 0.0, 0.5704638563214499, 0.41646844782362175, 0,0, 0
0.5305660879398656, 0.0, 0.6173302317477826, 0.42664432334913294, 0,0, 0
0.7236080622630213, 0.0, 0.44102619283077665, 0.3426670875749008, 0,0, 0
0.7275327612585645, 0.0, 0.43166580074340066, 0.347609200771065, 0,0, 0
0.7438302401383623, 0.0, 0.42879104541007385, 0.33374547207822336, 0,0, 0
0.7702388079558306, 0.0, 0.37846705654521445, 0.3170353182352751, 0,0, 0
0.7699727266679971, 0.0, 0.3967984041179914, 0.32672621834135446, 0,0, 0
0.7858045632940863, 0.0, 0.38029665590575484, 0.3175104999505091, 0,0, 0
0.785738042972128, 0.0, 0.3809903520444973, 0.3121637176591787, 0,0, 0
0.7776225636932083, 0.0, 0.36007476651473136, 0.3087146217426539, 0,0, 0
0.7317900618638994, 0.0, 0.40589196022560015, 0.33608476992388747, 0,0, 0
0.6912791857912592, 0.0, 0.44395007995133523, 0.3468143828157689, 0,0, 0
0.6683296747156257, 0.0, 0.4063489621621148, 0.33575599659107924, 0,0, 0
0.6446484400984501, 0.0, 0.440729114248198, 0.3499311840115712, 0,0, 0
0.6582185857779551, 0.0, 0.4318417651366595, 0.35640234087894934, 0,0, 0
0.3488990886715892, 0.0, 0.7393009009829438, 0.5173308626686408, 0,0, 0
0.43264817401716227, 0.0, 0.6679830740020409, 0.47592060904221994, 0,0, 0
0.6214993680569414, 0.0, 0.5224685948965153, 0.3951388017183877, 0,0, 0
0.6586842280316637, 0.0, 0.4851694701067889, 0.3728471648548387, 0,0, 0
0.6501031064990355, 0.0, 0.46761405157094926, 0.3670399988060016, 0,0, 0
0.6560234151533293, 0.0, 0.4359324904210598, 0.3655272229490417, 0,0, 0
0.33712499168495974, 0.0, 0.6990949406167459, 0.49427690767325594, 0,0, 0
0.4341781414222045, 0.0, 0.6231761597113885, 0.45180062448898717, 0,0, 0
0.5381494046431184, 0.0, 0.5672704102447471, 0.4253746454023142, 0,0, 0
0.5791259229694672, 0.0, 0.5318774691284163, 0.4048945282204957, 0,0, 0
0.5838488658285106, 0.0, 0.5368270136580444, 0.4004586523162855, 0,0, 0
0.5934277921905142, 0.0, 0.5545619450690453, 0.3950567259547447, 0,0, 0
0.6197698396860241, 0.0, 0.5125536693886945, 0.37543667443802453, 0,0, 0
0.6280848799308189, 0.0, 0.5160825412741552, 0.38023024816397333, 0,0, 0
0.5749351426860906, 0.0, 0.5464169646437609, 0.3917633632913357, 0,0, 0
0.6282844408966939, 0.0, 0.5281966564014264, 0.38734444634445986, 0,0, 0
0.6586177077097053, 0.0, 0.4839966723960256, 0.36852328468498924, 0,0, 0
0.6757799507749618, 0.0, 0.45872625100676734, 0.3737694633514385, 0,0, 0
0.7016563560167631, 0.0, 0.46241434368545553, 0.3600775963568914, 0,0, 0
0.7162908268476019, 0.0, 0.4515041806723781, 0.3556181664181577, 0,0, 0
0.7191512006918114, 0.0, 0.4265344045994928, 0.3433380697585557, 0,0, 0
0.7575999467837424, 0.0, 0.4173023576860341, 0.32828493535626463, 0,0, 0
0.7552052151932416, 0.0, 0.413818295529703, 0.32978469006716415, 0,0, 0
0.7576664671057007, 0.0, 0.40535292277031026, 0.3249997672761121, 0,0, 0
0.7548726135834497, 0.0, 0.4003250570918099, 0.32257191438143684, 0,0, 0
0.10111088937670458, 0.0, 0.9116167084157132, 0.5828904545181287, 0,0, 0
0.10111088937670458, 0.0, 0.9116167084157132, 0.5816231066116816, 0,0, 0
0.10111088937670458, 0.0, 0.9116167084157132, 0.5804086045719098, 0,0, 0
0.10111088937670458, 0.0, 0.9116167084157132, 0.5810666446224168, 0,0, 0
0.10111088937670458, 0.0, 0.9116167084157132, 0.5813304350510898, 0,0, 0
0.10111088937670458, 0.0, 0.9116167084157132, 0.5811933557717803, 0,0, 0
0.10111088937670458, 0.0, 0.9116167084157132, 0.5872719065493655, 0,0, 0
0.10111088937670458, 0.0, 0.9116167084157132, 0.5819149792746482, 0,0, 0
0.10111088937670458, 0.0, 0.9116167084157132, 0.5847466606402247, 0,0, 0
0.10111088937670458, 0.0, 0.9116167084157132, 0.5847743691633491, 0,0, 0
0.10111088937670458, 0.0, 0.9116167084157132, 0.5850779888843333, 0,0, 0
0.10111088937670458, 0.0, 0.9116167084157132, 0.5811210941453865, 0,0, 0
0.10111088937670458, 0.0, 0.9116167084157132, 0.5841555167660594, 0,0, 0
0.10111088937670458, 0.0, 0.9116167084157132, 0.5829443002903076, 0,0, 0
0.10111088937670458, 0.0, 0.9116167084157132, 0.581712129757267, 0,0, 0
0.10111088937670458, 0.0, 0.9116167084157132, 0.5815578116985982, 0,0, 0
0.10111088937670458, 0.0, 0.9116167084157132, 0.5815380275847041, 0,0, 0
0.10111088937670458, 0.0, 0.9116167084157132, 0.5847891592366207, 0,0, 0
0.10111088937670458, 0.0, 0.9116167084157132, 0.5835332990719913, 0,0, 0
0.10111088937670458, 0.0, 0.9116167084157132, 0.5782814289830772, 0,0, 0
0.10111088937670458, 0.0, 0.9116167084157132, 0.5851578141514802, 0,0, 0
0.10111088937670458, 0.0, 0.9116167084157132, 0.5796295607234182, 0,0, 0
0.10111088937670458, 0.0, 0.9116167084157132, 0.5793576930409619, 0,0, 0
0.10111088937670458, 0.0, 0.9116167084157132, 0.5826812630819131, 0,0, 0
0.10111088937670458, 0.0, 0.9116167084157132, 0.5841447561903413, 0,0, 0
0.10111088937670458, 0.0, 0.9116167084157132, 0.5827570313231888, 0,0, 0
0.10111088937670458, 0.0, 0.9116167084157132, 0.5787201102597033, 0,0, 0
0.10111088937670458, 0.0, 0.9116167084157132, 0.5802620094431733, 0,0, 0
0.10111088937670458, 0.0, 0.9116167084157132, 0.5783333879984823, 0,0, 0
0.10111088937670458, 0.0, 0.9116167084157132, 0.5801194644148043, 0,0, 0
0.10111088937670458, 0.0, 0.9116167084157132, 0.5803588725735609, 0,0, 0
0.10111088937670458, 0.0, 0.9116167084157132, 0.5832239514286306, 0,0, 0
0.10111088937670458, 0.0, 0.9116167084157132, 0.5785123198734147, 0,0, 0
0.10111088937670458, 0.0, 0.9116167084157132, 0.5789029773786258, 0,0, 0
0.10111088937670458, 0.0, 0.9116167084157132, 0.5845288066971357, 0,0, 0
0.10111088937670458, 0.0, 0.9116167084157132, 0.5796941901047399, 0,0, 0
0.10111088937670458, 0.0, 0.9116167084157132, 0.5797073732608986, 0,0, 0
0.10111088937670458, 0.0, 0.9116167084157132, 0.5796128811194503, 0,0, 0
0.10111088937670458, 0.0, 0.9116167084157132, 0.5814420466781262, 0,0, 0
0.10111088937670458, 0.0, 0.9116167084157132, 0.5871157869354107, 0,0, 0
0.10111088937670458, 0.0, 0.9116167084157132, 0.5845283061903477, 0,0, 0
0.10111088937670458, 0.0, 0.9116167084157132, 0.5783167941111426, 0,0, 0
0.10111088937670458, 0.0, 0.9116167084157132, 0.5814492119448591, 0,0, 0
0.10111088937670458, 0.0, 0.9116167084157132, 0.5798445036310889, 0,0, 0
0.10111088937670458, 0.0, 0.9116167084157132, 0.5789994964585182, 0,0, 0
0.10111088937670458, 0.0, 0.9116167084157132, 0.5803080250557607, 0,0, 0
0.10111088937670458, 0.0, 0.9116167084157132, 0.582611818346101, 0,0, 0
0.10111088937670458, 0.0, 0.9116167084157132, 0.5803658209951724, 0,0, 0
0.10111088937670458, 0.0, 0.9116167084157132, 0.5837845768613105, 0,0, 0
0.10111088937670458, 0.0, 0.9116167084157132, 0.5793518791096787, 0,0, 0
0.10111088937670458, 0.0, 0.9116167084157132, 0.5816734621688296, 0,0, 0
0.10111088937670458, 0.0, 0.9116167084157132, 0.5777738926113672, 0,0, 0
0.10111088937670458, 0.0, 0.9116167084157132, 0.5825411809764507, 0,0, 0
0.10111088937670458, 0.0, 0.9116167084157132, 0.5812066151612162, 0,0, 0
0.10111088937670458, 0.0, 0.9116167084157132, 0.5781312065500753, 0,0, 0
0.10111088937670458, 0.0, 0.9116167084157132, 0.580937942780977, 0,0, 0
0.10111088937670458, 0.0, 0.9116167084157132, 0.5814118037073439, 0,0, 0
0.10390474289895563, 0.0, 0.8866236795242322, 0.3625385241922831, 0,0, 0
0.2287633872147941, 0.0, 0.7886554004751345, 0.44704285726543075, 0,0, 0
0.2467903944655092, 0.0, 0.7825849229510196, 0.4233908080069481, 0,0, 0
0.629215725404111, 0.0, 0.4698626186873844, 0.3614397861313596, 0,0, 0
0.5251114215392803, 0.0, 0.6196392377707253, 0.44407841981480084, 0,0, 0
0.5362203153063261, 0.0, 0.5692153266403697, 0.43030392888304747, 0,0, 0
0.6703918046963347, 0.0, 0.4728896256733806, 0.3703791500897867, 0,0, 0
0.7250049890241469, 0.0, 0.424727237041705, 0.33997082956366975, 0,0, 0
0.7522783210270738, 0.0, 0.4318648046590913, 0.3245142534722217, 0,0, 0
0.7806824985032927, 0.0, 0.36368092346070824, 0.2994229253056305, 0,0, 0
0.7846737178207942, 0.0, 0.3763727780250368, 0.2976452772263713, 0,0, 0
0.7866028071575867, 0.0, 0.37129965533561526, 0.30596739206124696, 0,0, 0
0.7639858976917449, 0.0, 0.39974054596788244, 0.3124681688482388, 0,0, 0
0.6518326348699528, 0.0, 0.4603219369359246, 0.3510521616291522, 0,0, 0
0.6999268276458458, 0.0, 0.40515536654171364, 0.32456539325223316, 0,0, 0
0.7208807290627287, 0.0, 0.4121077072000434, 0.3349852169092671, 0,0, 0
0.7569347435641588, 0.0, 0.37838756183288, 0.31265130945296843, 0,0, 0
0.7379099314840684, 0.0, 0.396387347147486, 0.31892821646203545, 0,0, 0
0.5192576332069447, 0.0, 0.5138508432248048, 0.39541270077274454, 0,0, 0
0.5930951905807225, 0.0, 0.5956528206065586, 0.42504722176545184, 0,0, 0
0.6363999201756136, 0.0, 0.5668750378839329, 0.4070679885571647, 0,0, 0
0.6711235282378767, 0.0, 0.5267309588835137, 0.39244915897274785, 0,0, 0
0.6805028936340052, 0.0, 0.5208781600128881, 0.38638260784871387, 0,0, 0
0.6737178207942527, 0.0, 0.5297810939137211, 0.39009959282609813, 0,0, 0
0.7208142087407703, 0.0, 0.4474025301849436, 0.35127947144230015, 0,0, 0
0.7327878666932748, 0.0, 0.43956435906476704, 0.34243060688071014, 0,0, 0
0.7306592163906074, 0.0, 0.4457182052186133, 0.34545759479792665, 0,0, 0
0.7353821592496508, 0.0, 0.4168106566268541, 0.335321284116133, 0,0, 0
0.4989024146876871, 0.0, 0.5465355852794693, 0.4275299808095734, 0,0, 0
0.37071775427393067, 0.0, 0.6033088156661767, 0.4326394470202801, 0,0, 0
0.4295217188851194, 0.0, 0.5746749951915541, 0.42888161567960986, 0,0, 0
0.587440963214262, 0.0, 0.5422725775030746, 0.39202004690988784, 0,0, 0
0.39133905408102176, 0.0, 0.6109819692963678, 0.4394674367355892, 0,0, 0
0.42566354021153463, 0.0, 0.5568003057303038, 0.40936398272245017, 0,0, 0
0.45193906738508616, 0.0, 0.5404520777895024, 0.39680814153806065, 0,0, 0
0.6099913523581454, 0.0, 0.5253527024138207, 0.3662896645366647, 0,0, 0
0.6398589769174483, 0.0, 0.5276678276103991, 0.38457115169645995, 0,0, 0
0.7275992815805229, 0.0, 0.4640515022569837, 0.3500059608577567, 0,0, 0
0.7335195902348167, 0.0, 0.4520837151421378, 0.3488820536006801, 0,0, 0
0.7417015898356948, 0.0, 0.44041471747314004, 0.34441626103384826, 0,0, 0
0.7545400119736579, 0.0, 0.4200016855317822, 0.3277939560281044, 0,0, 0
0.7543404510077829, 0.0, 0.42008335564221255, 0.3291979874713563, 0,0, 0
0.7565356216324087, 0.0, 0.4134251411301543, 0.3256864118178266, 0,0, 0
0.738575134703652, 0.0, 0.38856182934438166, 0.32814631905260305, 0,0, 0
0.2715359542340185, 0.0, 0.7978722370013943, 0.5425602986306187, 0,0, 0
0.1015765316304131, 0.0, 0.893227321293268, 0.5729863969281115, 0,0, 0
0.24931816669992682, 0.0, 0.782632779158518, 0.5344849643928316, 0,0, 0
0.17182199161843945, 0.0, 0.835908338516317, 0.5561071149846603, 0,0, 0
0.18891771436173752, 0.0, 0.8140738241781368, 0.5380961133193031, 0,0, 0
0.6644049757200825, 0.0, 0.48942385137746464, 0.3604760630624624, 0,0, 0
0.7034524047096388, 0.0, 0.4439184582272459, 0.35282799236207035, 0,0, 0
0.7251380296680636, 0.0, 0.4238893696687457, 0.3471646707732235, 0,0, 0
0.5256435841149472, 0.0, 0.5980099777695917, 0.42745821653065574, 0,0, 0
0.41129515066852923, 0.0, 0.6822075135717579, 0.4498384163462444, 0,0, 0
0.3214261957027872, 0.0, 0.751850033917954, 0.5084140942878559, 0,0, 0
0.25583715825184594, 0.0, 0.7889849593536873, 0.528243301927581, 0,0, 0
0.20288698197299274, 0.0, 0.7912787801733495, 0.5338957045490069, 0,0, 0
0.3120468303066587, 0.0, 0.674630634468393, 0.4694325765931967, 0,0, 0
0.28783343311381626, 0.0, 0.7355535759858794, 0.4978329379164026, 0,0, 0
0.1828643650635269, 0.0, 0.8070402633820879, 0.5408597767376647, 0,0, 0
0.2719350761657686, 0.0, 0.7445262057707359, 0.5076203487710422, 0,0, 0
0.21146810350562098, 0.0, 0.8030136448154432, 0.5335527578135713, 0,0, 0
0.3345306991285838, 0.0, 0.6837903471696142, 0.4472483965695151, 0,0, 0
0.48094192775893035, 0.0, 0.5773383531769052, 0.3895731436603595, 0,0, 0
0.5744029801104238, 0.0, 0.506816654947976, 0.37315051393461346, 0,0, 0
0.2771901816004789, 0.0, 0.7232872203069886, 0.4718692176431468, 0,0, 0
0.11833965276391938, 0.0, 0.8808864705938675, 0.5726308975382614, 0,0, 0
0.5565090135036254, 0.0, 0.5279812316795859, 0.39235476962561777, 0,0, 0
0.5896361338388878, 0.0, 0.5294041094275778, 0.38156716599240836, 0,0, 0
0.6948047628550522, 0.0, 0.454119152430091, 0.34836431380298416, 0,0, 0
0.26920774296547595, 0.0, 0.7222725782403063, 0.49855247323481505, 0,0, 0
0.6450475620302002, 0.0, 0.4861938763291688, 0.3580965635272515, 0,0, 0
0.2737976451806027, 0.0, 0.7526631667778689, 0.5116189189248631, 0,0, 0
0.2589636133838888, 0.0, 0.7462154318614163, 0.5358146223360379, 0,0, 0
0.2481208009046764, 0.0, 0.7915691441971326, 0.5377367046567835, 0,0, 0
0.1998935674848666, 0.0, 0.8002534919340785, 0.5140343905342977, 0,0, 0
0.27938535222510474, 0.0, 0.7729512704173352, 0.5132305636155258, 0,0, 0
0.6659349431251247, 0.0, 0.4594847467958364, 0.35974199131823476, 0,0, 0
0.6877536087274663, 0.0, 0.4443972539673798, 0.3485297130380359, 0,0, 0
0.7039180469633473, 0.0, 0.397244210042009, 0.33522821210379516, 0,0, 0
0.7051819330805561, 0.0, 0.3790436926107224, 0.3204813286737035, 0,0, 0
0.709239672720016, 0.0, 0.3852596147624098, 0.32829752384592403, 0,0, 0
0.11202022217787534, 0.0, 0.903259484776847, 0.5694497383574558, 0,0, 0
0.7168895097452271, 0.0, 0.35950369006601135, 0.31946340541186485, 0,0, 0
0.7604603206279519, 0.0, 0.3471186857345115, 0.3084280730083086, 0,0, 0
0.762722011574536, 0.0, 0.33634418851585507, 0.2955848540832093, 0,0, 0
0.77755604337125, 0.0, 0.3413255025840951, 0.30253310965157004, 0,0, 0
0.7789529701323754, 0.0, 0.33999149387552763, 0.30372974230470307, 0,0, 0
0.7780882059469167, 0.0, 0.3404928262874057, 0.29761221699636886, 0,0, 0
0.7807490188252512, 0.0, 0.3302081110026904, 0.2915472403076645, 0,0, 0
0.7812146610789596, 0.0, 0.3369422674287432, 0.30658575294341733, 0,0, 0
0.7466906139825716, 0.0, 0.34354369020905323, 0.30360072307292835, 0,0, 0
0.7808820594691678, 0.0, 0.32735096814554754, 0.2963869480987901, 0,0, 0
0.7655823854187455, 0.0, 0.3325545880550498, 0.29392761824752794, 0,0, 0
0.7715692143949977, 0.0, 0.32233105421425934, 0.29260503425130785, 0,0, 0
0.7715026940730393, 0.0, 0.3235810542142593, 0.2936549853573976, 0,0, 0
0.771436173751081, 0.0, 0.3269143875475926, 0.2927616814628974, 0,0, 0
0.7694405640923302, 0.0, 0.32801703490024003, 0.29224210077537643, 0,0, 0
0.7694405640923302, 0.0, 0.32801703490024003, 0.28937956610304777, 0,0, 0
0.7784873278786669, 0.0, 0.3421136883859973, 0.3038575531599629, 0,0, 0
0.778686888844542, 0.0, 0.32828202160725767, 0.28962524336274953, 0,0, 0
0.10057872680103772, 0.0, 0.9095274671499426, 0.5474128811809261, 0,0, 0
0.21871881859908202, 0.0, 0.7902259862623248, 0.3417508161032239, 0,0, 0
0.29089336792390075, 0.0, 0.7589522796213166, 0.40686523575368616, 0,0, 0
0.5827180203552185, 0.0, 0.5183939354628554, 0.3936746761582773, 0,0, 0
0.41528636998603075, 0.0, 0.6703636782107555, 0.47011597566622015, 0,0, 0
0.24412958158717488, 0.0, 0.8407478226278329, 0.5675811146408793, 0,0, 0
0.2654826049358079, 0.0, 0.7988636693808181, 0.5457832980482005, 0,0, 0
0.34783476352025544, 0.0, 0.7512004401273801, 0.5030923496070802, 0,0, 0
0.4913856183063926, 0.0, 0.6200530378054738, 0.4401322226694586, 0,0, 0
0.6183729129248986, 0.0, 0.5125224701530202, 0.3722984190752032, 0,0, 0
0.6582851060999135, 0.0, 0.45184446250425375, 0.3499657878953916, 0,0, 0
0.7273332002926894, 0.0, 0.46578596137434425, 0.3682273774547395, 0,0, 0
0.7472892968801969, 0.0, 0.3613964855685271, 0.30718558849057503, 0,0, 0
0.7007250715093462, 0.0, 0.4116501795323647, 0.33690076850707984, 0,0, 0
0.7097718352956829, 0.0, 0.3929386276871605, 0.31825045402674207, 0,0, 0
0.7355817202155258, 0.0, 0.37666200875468614, 0.3168766964844927, 0,0, 0
0.6614780815539147, 0.0, 0.414756806276879, 0.34395713131055217, 0,0, 0
0.6445153994545334, 0.0, 0.4849348643942753, 0.39012133484196176, 0,0, 0
0.7339187121665669, 0.0, 0.38821065177802355, 0.3187079680014479, 0,0, 0
0.6421206678640324, 0.0, 0.4464689462642625, 0.3584482521677508, 0,0, 0
0.6376638062928225, 0.0, 0.46963360308552987, 0.36337067828301595, 0,0, 0
0.43278121466107894, 0.0, 0.6461471601792022, 0.4534269261089375, 0,0, 0
0.4802102042173884, 0.0, 0.5839499520895013, 0.45008911490530834, 0,0, 0
0.41508680902015566, 0.0, 0.6004846212237291, 0.4547053806597951, 0,0, 0
0.34743564158850526, 0.0, 0.6483211434649511, 0.4869557785556421, 0,0, 0
0.4159515732056143, 0.0, 0.6303804672199609, 0.4652613572167434, 0,0, 0
0.5120734384354421, 0.0, 0.5502630620141422, 0.42843010422639294, 0,0, 0
0.5722743298077563, 0.0, 0.5216719137235225, 0.40490427488078334, 0,0, 0
0.5760659881593827, 0.0, 0.4803661244662046, 0.38455846774816854, 0,0, 0
0.6428523914055744, 0.0, 0.4316594547763149, 0.3524431219635534, 0,0, 0
0.6653362602274995, 0.0, 0.44473602292059516, 0.36584263985777027, 0,0, 0
0.7186190381161445, 0.0, 0.39100310816808503, 0.333333765607623, 0,0, 0
0.7748952304929155, 0.0, 0.3439673290983951, 0.29902048642847445, 0,0, 0
0.7507483536220315, 0.0, 0.3734048270584484, 0.3168445135552751, 0,0, 0
0.648905740703785, 0.0, 0.4153890081336998, 0.3461384620968006, 0,0, 0
0.6445819197764917, 0.0, 0.4328677484914347, 0.35943240700584494, 0,0, 0
0.45765981507350495, 0.0, 0.6473601235080934, 0.42350088589850027, 0,0, 0
0.5377502827113684, 0.0, 0.5516630296522195, 0.3794599275666966, 0,0, 0
0.6410563427126987, 0.0, 0.4571699178598258, 0.35058955719265295, 0,0, 0
0.6426528304396993, 0.0, 0.4381434262711781, 0.34760524005250093, 0,0, 0
0.7529435242466573, 0.0, 0.36893249161732056, 0.3127143132453313, 0,0, 0
0.7534091665003658, 0.0, 0.3940297514416414, 0.32964742972500327, 0,0, 0
0.7521452803831571, 0.0, 0.3952648543768791, 0.32842354942584717, 0,0, 0
0.7565356216324087, 0.0, 0.3556619448676547, 0.3103488626093947, 0,0, 0
0.7521452803831571, 0.0, 0.3963739269972422, 0.32566572805680494, 0,0, 0
0.7614581254573272, 0.0, 0.38851994213354674, 0.3197463245662715, 0,0, 0
0.7519457194172819, 0.0, 0.37738802925203907, 0.31487301629975634, 0,0, 0
0.7614581254573272, 0.0, 0.37192387755412604, 0.31607897868974577, 0,0, 0
0.6425197897957826, 0.0, 0.4947922768276992, 0.3460424426257559, 0,0, 0
0.7425663540211535, 0.0, 0.3661781788545717, 0.3127219364585167, 0,0, 0
0.7488857846071975, 0.0, 0.3607215603973847, 0.31029681337074566, 0,0, 0
0.7664471496042041, 0.0, 0.33369975866970053, 0.30270749241349476, 0,0, 0
0.7640524180137032, 0.0, 0.34379291722626915, 0.2951150907974964, 0,0, 0
0.6691279185791259, 0.0, 0.4287167828521048, 0.3013200575599405, 0,0, 0
0.7560699793787002, 0.0, 0.35019754333647574, 0.3056374942023258, 0,0, 0
0.7315239805760659, 0.0, 0.33288046968948726, 0.2951281833280567, 0,0, 0
0.7644515399454533, 0.0, 0.3425024981203682, 0.30154765426085217, 0,0, 0
0.7799507749617508, 0.0, 0.32185238119701454, 0.28902461171075633, 0,0, 0
0.7842080755670857, 0.0, 0.32442591060877923, 0.2847878701060333, 0,0, 0
0.7844076365329609, 0.0, 0.3144259106087793, 0.2825643681873731, 0,0, 0
0.7819463846205016, 0.0, 0.31671142170784966, 0.287730648502042, 0,0, 0
0.7695070844142886, 0.0, 0.3347663372224426, 0.2996760768988136, 0,0, 0
0.7788199294884587, 0.0, 0.32520439143627, 0.2854184194557459, 0,0, 0
0.7793520920641256, 0.0, 0.3088948676267462, 0.2854925863488707, 0,0, 0
0.7811481407570012, 0.0, 0.3138624602109416, 0.2826709841599565, 0,0, 0
0.7767577995077496, 0.0, 0.3205224668709482, 0.2856531789201505, 0,0, 0
0.7811481407570012, 0.0, 0.3129100792585606, 0.28290854157549133, 0,0, 0
0.7820794252644183, 0.0, 0.3217342662588278, 0.2829304345187607, 0,0, 0
0.7792190514202089, 0.0, 0.31382934517782657, 0.29049837828457425, 0,0, 0
0.7897957826115879, 0.0, 0.30505224255830315, 0.2805028515047688, 0,0, 0
0.792789197099714, 0.0, 0.3040985883693549, 0.2829871537807404, 0,0, 0
0.7947182864365063, 0.0, 0.2954485129545736, 0.2745395391831623, 0,0, 0
0.7947182864365063, 0.0, 0.2954485129545736, 0.2772922413380446, 0,0, 0
0.7947848067584647, 0.0, 0.2937818462879069, 0.27225251599652034, 0,0, 0
0.7939865628949644, 0.0, 0.31092470343076406, 0.27413064422597355, 0,0, 0
0.7943856848267146, 0.0, 0.30044851295457353, 0.2695142482851359, 0,0, 0
0.7943856848267146, 0.0, 0.30044851295457353, 0.2802131192307364, 0,0, 0
0.7910596687287966, 0.0, 0.29342536255835044, 0.2675408452825631, 0,0, 0
0.7947848067584647, 0.0, 0.2937818462879069, 0.27301876473828474, 0,0, 0
0.7947848067584647, 0.0, 0.2937818462879069, 0.27127079583088426, 0,0, 0
0.7794851327080423, 0.0, 0.2989854661974092, 0.27466444572916715, 0,0, 0
0.7432980775626954, 0.0, 0.3212063167857853, 0.29196123097396254, 0,0, 0
0.6156455797246059, 0.0, 0.4788098414009624, 0.3222409034412046, 0,0, 0
0.7943191645047561, 0.0, 0.2995113306181286, 0.280110833561869, 0,0, 0
0.7897292622896295, 0.0, 0.30709723222192487, 0.28005109335873996, 0,0, 0
0.7879997339187121, 0.0, 0.30935010234271954, 0.2835715532883616, 0,0, 0
0.789463181001796, 0.0, 0.30503472587853303, 0.2891780420653625, 0,0, 0
0.7880662542406706, 0.0, 0.3092530149640787, 0.28145099361764203, 0,0, 0
0.7926561564557972, 0.0, 0.305343055128805, 0.27993316595778595, 0,0, 0
0.765316304130912, 0.0, 0.3147963947380259, 0.2736616852214777, 0,0, 0
0.7941196035388811, 0.0, 0.3011021416088701, 0.2795286421658322, 0,0, 0
0.7941861238608395, 0.0, 0.2977688082755368, 0.27743115898482357, 0,0, 0
0.7942526441827978, 0.0, 0.2968597173664459, 0.27239186399103965, 0,0, 0
0.7930552783875474, 0.0, 0.3027607631989467, 0.28702409333011125, 0,0, 0
0.7900618638994212, 0.0, 0.2892363392117348, 0.28070726721989525, 0,0, 0
0.7929222377436307, 0.0, 0.2920841847397233, 0.2794352344417439, 0,0, 0
0.7929222377436307, 0.0, 0.2920841847397233, 0.27828197993943776, 0,0, 0
0.7928557174216723, 0.0, 0.2986537640277492, 0.28038624933955414, 0,0, 0
0.7924565954899222, 0.0, 0.30565028430832686, 0.27792917498143416, 0,0, 0
0.49032129315505885, 0.0, 0.5486912654286374, 0.3540724748572373, 0,0, 0
0.7889310184261292, 0.0, 0.2934387204871072, 0.2811254013641693, 0,0, 0
0.10563427126987295, 0.0, 0.8798781561222946, 0.3583364487034939, 0,0, 0
0.3106499035455332, 0.0, 0.7627250375206025, 0.49294663276375894, 0,0, 0
0.40218186656023414, 0.0, 0.7111572967685155, 0.470739007866541, 0,0, 0
0.5998137430985166, 0.0, 0.5232639878942559, 0.384846338551324, 0,0, 0
0.4778154726268875, 0.0, 0.6490030811170587, 0.46422636759542735, 0,0, 0
0.2084081686955365, 0.0, 0.744260004485657, 0.5111433754221749, 0,0, 0
0.210736379964079, 0.0, 0.7555254203129865, 0.5159622910916543, 0,0, 0
0.17800838156056675, 0.0, 0.7908502371170896, 0.5438946717889869, 0,0, 0
0.24938468702188518, 0.0, 0.743424923442642, 0.5051307385642381, 0,0, 0
0.2440630612652165, 0.0, 0.7334996139891953, 0.4972818346856163, 0,0, 0
0.2602274995010976, 0.0, 0.740361832942448, 0.515927365417957, 0,0, 0
0.26534956429189116, 0.0, 0.7208975206020642, 0.5042985003388248, 0,0, 0
0.24366393933346636, 0.0, 0.740076207122445, 0.5040685411463068, 0,0, 0
0.3144415618971596, 0.0, 0.6922498457360361, 0.49288813236472107, 0,0, 0
0.2814474822058139, 0.0, 0.7045747988074155, 0.49623193717205466, 0,0, 0
0.3288764717621233, 0.0, 0.6801895626822572, 0.4664400809062845, 0,0, 0
0.3783675912991419, 0.0, 0.6199767666349983, 0.44507389602935427, 0,0, 0
0.37444289230359873, 0.0, 0.626077519977333, 0.4353733957196751, 0,0, 0
0.4573937337856715, 0.0, 0.5891721348424829, 0.4355350209232729, 0,0, 0
0.4575267744295882, 0.0, 0.5930627806246123, 0.4308543379940357, 0,0, 0
0.4340451007782878, 0.0, 0.614521449745646, 0.44126122066546025, 0,0, 0
0.4520055877070445, 0.0, 0.5676434409676282, 0.4241914372326368, 0,0, 0
0.48060932614913854, 0.0, 0.5602573360333585, 0.41860876074919545, 0,0, 0
0.44734916516995943, 0.0, 0.5614391196017565, 0.4095859810913926, 0,0, 0
0.419610190913324, 0.0, 0.6100726884074182, 0.42286462666675306, 0,0, 0
0.45054214062396064, 0.0, 0.5950052601524112, 0.42449798657377824, 0,0, 0
0.46677309918180004, 0.0, 0.561144542969373, 0.42419937717963285, 0,0, 0
0.4609193108494645, 0.0, 0.548284888427048, 0.4115172266044138, 0,0, 0
0.44774828710170955, 0.0, 0.543208087723535, 0.4156938610886221, 0,0, 0
0.48440098450076496, 0.0, 0.5509214268574627, 0.4164884602849318, 0,0, 0
0.45706113217587974, 0.0, 0.5639352224166523, 0.424867245258355, 0,0, 0
0.4740238142752611, 0.0, 0.5397146557873778, 0.4139146731641792, 0,0, 0
0.47222776558238544, 0.0, 0.5418074791225869, 0.3991725601909598, 0,0, 0
0.4334464178806625, 0.0, 0.5810283027762694, 0.3964677978140578, 0,0, 0
0.3488990886715892, 0.0, 0.6864590351876927, 0.45213990575220947, 0,0, 0
0.35614980376505023, 0.0, 0.6670048828042138, 0.44963285537125003, 0,0, 0
0.41043038648307056, 0.0, 0.625392460361367, 0.44968154187510917, 0,0, 0
0.40949910197565353, 0.0, 0.6271636576791821, 0.4541265632887267, 0,0, 0
0.41029734583915384, 0.0, 0.6252481123856629, 0.44432571037810475, 0,0, 0
0.41428856515665535, 0.0, 0.6251007007447597, 0.4519060635126374, 0,0, 0
0.4041774762189849, 0.0, 0.6069688937103696, 0.44872898413383777, 0,0, 0
0.3157054480143684, 0.0, 0.6749797774459962, 0.42002651795899587, 0,0, 0
0.3349963413822923, 0.0, 0.6460389022657874, 0.3862522257479227, 0,0, 0
0.4150202886981973, 0.0, 0.5845271572144701, 0.3929069392569902, 0,0, 0
0.46431184726934077, 0.0, 0.543641858036848, 0.37778030735793955, 0,0, 0
0.5072174549324818, 0.0, 0.508173936897345, 0.3685184006732274, 0,0, 0
0.3997871349697332, 0.0, 0.5907357044707254, 0.43402124609620385, 0,0, 0
0.4857979112618905, 0.0, 0.5457771506277093, 0.40745294239755286, 0,0, 0
0.544003192975454, 0.0, 0.4901860347224851, 0.38253623841446227, 0,0, 0
0.6385950908002395, 0.0, 0.4852857379505999, 0.370403821986325, 0,0, 0
0.6022084746890175, 0.0, 0.5106292188018298, 0.3772371542501281, 0,0, 0
0.4790793587440963, 0.0, 0.5938144333142403, 0.3915220050333417, 0,0, 0
0.6630745692809153, 0.0, 0.44410151757490063, 0.34522161324664274, 0,0, 0
0.5094791458790661, 0.0, 0.5305319929597091, 0.3901508178604669, 0,0, 0
0.5683496308122131, 0.0, 0.5190904394935246, 0.3881754013053479, 0,0, 0
0.58670923967272, 0.0, 0.4835453364250818, 0.3853537018122625, 0,0, 0
0.5885052883655957, 0.0, 0.5083794084449859, 0.3872184502635796, 0,0, 0
0.6056675314308522, 0.0, 0.5445246457359649, 0.40445621993355085, 0,0, 0
0.6197033193640658, 0.0, 0.4671451227832696, 0.3589612572979408, 0,0, 0
0.5873079225703453, 0.0, 0.48806946041765287, 0.382640825146187, 0,0, 0
0.5098117474888578, 0.0, 0.5309454220315315, 0.4027373730548866, 0,0, 0
0.6445153994545334, 0.0, 0.4754293566548436, 0.3681766621155479, 0,0, 0
0.2209805095456662, 0.0, 0.8032810112224563, 0.5536900881172307, 0,0, 0
0.3508946983303399, 0.0, 0.7050914924823098, 0.4844940677480234, 0,0, 0
0.6339386682631544, 0.0, 0.47806477798067837, 0.35528109024705457, 0,0, 0
0.6445819197764917, 0.0, 0.4441548190280979, 0.3428634121493065, 0,0, 0
0.5829841016430519, 0.0, 0.4577982230989089, 0.3473330647857189, 0,0, 0
0.5443357945852458, 0.0, 0.4799814632527798, 0.38487081843978144, 0,0, 0
0.5504556642054148, 0.0, 0.5134705398069593, 0.37022237742856684, 0,0, 0
0.3798975587041841, 0.0, 0.7542813116665396, 0.4849228303992488, 0,0, 0
0.4861305128716823, 0.0, 0.6813862582857244, 0.4793044894889246, 0,0, 0
0.5290361205348234, 0.0, 0.64676804844127, 0.45724876012006893, 0,0, 0
0.45000997804829374, 0.0, 0.6149728803399871, 0.41667892385613897, 0,0, 0
0.561098915718752, 0.0, 0.605160438034347, 0.43955532163720745, 0,0, 0
0.5916982638195969, 0.0, 0.5786473911129254, 0.42199702379080944, 0,0, 0
0.6264883922038182, 0.0, 0.5417843727899649, 0.4065537748538511, 0,0, 0
0.6538947648506619, 0.0, 0.528154756721147, 0.3990518795292239, 0,0, 0
0.6689948779352092, 0.0, 0.5095884657358429, 0.38676626163006667, 0,0, 0
0.73784341116211, 0.0, 0.40131741600078563, 0.33982236532281823, 0,0, 0
0.7562030200226169, 0.0, 0.38760224599957716, 0.319856341682301, 0,0, 0
0.7613250848134105, 0.0, 0.36272137085331385, 0.31962648293649887, 0,0, 0
0.766048027672454, 0.0, 0.35998844699344706, 0.31439268511484647, 0,0, 0
0.3284773498303732, 0.0, 0.7425020549615798, 0.4481422319665629, 0,0, 0
0.7705714095656223, 0.0, 0.34652315914671306, 0.2993473807617995, 0,0, 0
0.7745626288831238, 0.0, 0.34714752336188537, 0.3073813102138253, 0,0, 0
0.7631211335062862, 0.0, 0.3694217898424337, 0.31671589358338426, 0,0, 0
0.7675779950774961, 0.0, 0.3420099119911077, 0.30508669601284266, 0,0, 0
0.7671123528237876, 0.0, 0.33805938032212945, 0.3053052715730282, 0,0, 0
0.7689749218386217, 0.0, 0.3385586122729743, 0.299369555484311, 0,0, 0
0.768110157653163, 0.0, 0.3464806901950521, 0.30117966201149826, 0,0, 0
0.7703718485997473, 0.0, 0.33434032318742857, 0.29888150877174113, 0,0, 0
0.7826115878400851, 0.0, 0.31911240295950827, 0.2901908083936035, 0,0, 0
0.7671788731457461, 0.0, 0.33014935620234387, 0.291364124161013, 0,0, 0
0.7597285970864099, 0.0, 0.3318032023561901, 0.29592189910070815, 0,0, 0
0.7710370518193308, 0.0, 0.3296452677258756, 0.2907480221208873, 0,0, 0
0.4236679305527839, 0.0, 0.6249747245223023, 0.3991902654745999, 0,0, 0
0.7808155391472095, 0.0, 0.3280866955790681, 0.28727350110025063, 0,0, 0
0.7519457194172819, 0.0, 0.3235546946701246, 0.2920867899371827, 0,0, 0
0.7872680103771702, 0.0, 0.30744887204597743, 0.2821163714328713, 0,0, 0
0.7872014900552119, 0.0, 0.3086988720459774, 0.28571539305790383, 0,0, 0
0.7827446284840018, 0.0, 0.3120327403540725, 0.28090095986198294, 0,0, 0
0.10277389742566354, 0.0, 0.9082827903133114, 0.26630082477592576, 0,0, 0
0.20335262422670125, 0.0, 0.8680732590457113, 0.5444337440058163, 0,0, 0
0.24545998802634206, 0.0, 0.832745826982999, 0.5316289489377223, 0,0, 0
0.592829109292889, 0.0, 0.5133097289641085, 0.3927523881117753, 0,0, 0
0.6052018891771436, 0.0, 0.5569103811077474, 0.4126642518560583, 0,0, 0
0.712765249783809, 0.0, 0.4624413749070605, 0.3561309241140571, 0,0, 0
0.20035920973857513, 0.0, 0.8097411500309949, 0.531184514180916, 0,0, 0
0.2068116809685359, 0.0, 0.80726107064241, 0.5326657570157729, 0,0, 0
0.23428457393733787, 0.0, 0.7503572256703472, 0.5073072295106549, 0,0, 0
0.2819131244595224, 0.0, 0.7094323638727762, 0.5000941173387689, 0,0, 0
0.4018492649504424, 0.0, 0.6358485024859297, 0.4519642238488113, 0,0, 0
0.39772500498902413, 0.0, 0.6280403985811777, 0.433334422023234, 0,0, 0
0.4324486130512872, 0.0, 0.611541928117052, 0.44011455410316713, 0,0, 0
0.41468768708840553, 0.0, 0.6201758409688537, 0.43088047645848826, 0,0, 0
0.42945519856316106, 0.0, 0.611995002037502, 0.4306742370706285, 0,0, 0
0.4159515732056143, 0.0, 0.59873205770907, 0.43384561529227, 0,0, 0
0.4024479478480676, 0.0, 0.6013166042508401, 0.42964426161308367, 0,0, 0
0.4342446617441628, 0.0, 0.5984567396225831, 0.44070634710464573, 0,0, 0
0.4470165635601676, 0.0, 0.6073733474727095, 0.4393802903169023, 0,0, 0
0.4376371981640391, 0.0, 0.6039249678358628, 0.43461435682328997, 0,0, 0
0.41907802833765717, 0.0, 0.6127803823042445, 0.4365669957009813, 0,0, 0
0.47349165169959423, 0.0, 0.5611060435760061, 0.41541197346133907, 0,0, 0
0.4872613583449744, 0.0, 0.5475187608644512, 0.40591109640842243, 0,0, 0
0.5173950641921107, 0.0, 0.506834673498165, 0.39689112665306037, 0,0, 0
0.46630745692809156, 0.0, 0.561649951155221, 0.42962970400884504, 0,0, 0
0.4367059136566221, 0.0, 0.6586868716480409, 0.4659221467373792, 0,0, 0
0.5453335994146211, 0.0, 0.5868390077259841, 0.4126523756984831, 0,0, 0
0.2622896294818067, 0.0, 0.7947333605301821, 0.5269291505504866, 0,0, 0
0.17834098317035854, 0.0, 0.8355090747030647, 0.552418654767954, 0,0, 0
0.12851726202354818, 0.0, 0.8546174924910817, 0.5641270115245391, 0,0, 0
0.16769773165702123, 0.0, 0.82898502714133, 0.550882804488293, 0,0, 0
0.15931617109026808, 0.0, 0.8378588860210446, 0.5607418836445069, 0,0, 0
0.35674848666267545, 0.0, 0.6933534518061488, 0.4839419803453914, 0,0, 0
0.3952637530765649, 0.0, 0.6699808457291871, 0.4494703946676301, 0,0, 0
0.23448413490321293, 0.0, 0.7806775754611263, 0.5379464951541968, 0,0, 0
0.3657287301270538, 0.0, 0.6415169120342996, 0.4751061449359927, 0,0, 0
0.23907403711833966, 0.0, 0.7824051387159572, 0.4978589223070597, 0,0, 0
0.36872214461517994, 0.0, 0.641645376544908, 0.4560649739486293, 0,0, 0
0.21306459123262156, 0.0, 0.777067374028125, 0.5073855203379122, 0,0, 0
0.5041575201223973, 0.0, 0.5762754172851237, 0.34099445212606894, 0,0, 0
0.6806359342779219, 0.0, 0.4554093294078087, 0.34742980227003395, 0,0, 0
0.30652564358411494, 0.0, 0.6951290031803654, 0.47318569330193794, 0,0, 0
0.7556043371249916, 0.0, 0.40633440898093703, 0.3201221496687854, 0,0, 0
0.7697066453801636, 0.0, 0.36361275324159337, 0.30487744137646333, 0,0, 0
0.7737643850196235, 0.0, 0.37575021966511296, 0.3107815181924745, 0,0, 0
0.7754273930685824, 0.0, 0.37214880226530844, 0.3028992402983154, 0,0, 0
0.7754939133905409, 0.0, 0.3685654689319751, 0.3070894168757467, 0,0, 0
0.7825450675181268, 0.0, 0.3226900024295656, 0.2925207213069413, 0,0, 0
0.7767577995077496, 0.0, 0.3478869708582347, 0.30975249380176867, 0,0, 0
0.7804164172154593, 0.0, 0.3602354569750201, 0.30173845780863195, 0,0, 0
0.7746291492050822, 0.0, 0.3505308595678458, 0.30265300807148243, 0,0, 0
0.7693075234484135, 0.0, 0.363374224359097, 0.31630255925476297, 0,0, 0
0.7570012638861172, 0.0, 0.3699993279322083, 0.31695934993907604, 0,0, 0
0.774961750814874, 0.0, 0.3320149026886378, 0.3029121409003796, 0,0, 0
0.7737643850196235, 0.0, 0.364587133904299, 0.3078034434151501, 0,0, 0
0.7798842546397925, 0.0, 0.3285917421992298, 0.2981221473588638, 0,0, 0
0.7818133439765849, 0.0, 0.31966775779980744, 0.29151219854554006, 0,0, 0
0.7772234417614581, 0.0, 0.33225992369842494, 0.29532027797154436, 0,0, 0
0.7624559302867026, 0.0, 0.3294635436079272, 0.2941084326864959, 0,0, 0
0.7638528570478281, 0.0, 0.3195309688080958, 0.2982302733782401, 0,0, 0
0.7511474755537817, 0.0, 0.3453419720559493, 0.2969488385003629, 0,0, 0
0.10111088937670458, 0.0, 0.9116167084157132, 0.5783981760965968, 0,0, 0
0.10111088937670458, 0.0, 0.9116167084157132, 0.5789409522503699, 0,0, 0
0.10111088937670458, 0.0, 0.9116167084157132, 0.5769443428366476, 0,0, 0
0.10111088937670458, 0.0, 0.9116167084157132, 0.5777138339210751, 0,0, 0
0.10111088937670458, 0.0, 0.9116167084157132, 0.5794472476437228, 0,0, 0
0.10111088937670458, 0.0, 0.9116167084157132, 0.5824922918271142, 0,0, 0
0.10111088937670458, 0.0, 0.9116167084157132, 0.5830060779253046, 0,0, 0
0.10111088937670458, 0.0, 0.9116167084157132, 0.5828140483239825, 0,0, 0
0.10111088937670458, 0.0, 0.9116167084157132, 0.5814184184712992, 0,0, 0
0.10111088937670458, 0.0, 0.9116167084157132, 0.5769213411269452, 0,0, 0
0.10111088937670458, 0.0, 0.9116167084157132, 0.582657312321414, 0,0, 0
0.10111088937670458, 0.0, 0.9116167084157132, 0.5800836800419924, 0,0, 0
0.10111088937670458, 0.0, 0.9116167084157132, 0.5812314188425637, 0,0, 0
0.10111088937670458, 0.0, 0.9116167084157132, 0.5804062421875489, 0,0, 0
0.10111088937670458, 0.0, 0.9116167084157132, 0.5819386515385809, 0,0, 0
0.10111088937670458, 0.0, 0.9116167084157132, 0.5782205079241448, 0,0, 0
0.10111088937670458, 0.0, 0.9116167084157132, 0.5815046054115702, 0,0, 0
0.10111088937670458, 0.0, 0.9116167084157132, 0.5827972902620011, 0,0, 0
0.10111088937670458, 0.0, 0.9116167084157132, 0.5808831683982946, 0,0, 0
0.10111088937670458, 0.0, 0.9116167084157132, 0.5784030994351039, 0,0, 0
0.10111088937670458, 0.0, 0.9116167084157132, 0.5770063904159735, 0,0, 0
0.10111088937670458, 0.0, 0.9116167084157132, 0.5795810194877442, 0,0, 0
0.10111088937670458, 0.0, 0.9116167084157132, 0.5806562031014729, 0,0, 0
0.10111088937670458, 0.0, 0.9116167084157132, 0.578708950663952, 0,0, 0
0.10111088937670458, 0.0, 0.9116167084157132, 0.5785819745747747, 0,0, 0
0.10111088937670458, 0.0, 0.9116167084157132, 0.5799818040375085, 0,0, 0
0.10111088937670458, 0.0, 0.9116167084157132, 0.5766012798917682, 0,0, 0
0.10111088937670458, 0.0, 0.9116167084157132, 0.5786019794295827, 0,0, 0
0.10111088937670458, 0.0, 0.9116167084157132, 0.5824025623018084, 0,0, 0
0.10111088937670458, 0.0, 0.9116167084157132, 0.5841326309158277, 0,0, 0
0.10111088937670458, 0.0, 0.9116167084157132, 0.5790564715202503, 0,0, 0
0.10111088937670458, 0.0, 0.9116167084157132, 0.5789519798048814, 0,0, 0
0.10111088937670458, 0.0, 0.9116167084157132, 0.5834248028568884, 0,0, 0
0.10111088937670458, 0.0, 0.9116167084157132, 0.5850720400319129, 0,0, 0
0.10111088937670458, 0.0, 0.9116167084157132, 0.5776456927129439, 0,0, 0
0.10111088937670458, 0.0, 0.9116167084157132, 0.581196947459148, 0,0, 0
0.10111088937670458, 0.0, 0.9116167084157132, 0.5795700643351138, 0,0, 0
0.10111088937670458, 0.0, 0.9116167084157132, 0.5818894004971251, 0,0, 0
0.10111088937670458, 0.0, 0.9116167084157132, 0.5792494566154737, 0,0, 0
0.10111088937670458, 0.0, 0.9116167084157132, 0.5808236753565653, 0,0, 0
0.11401583183662609, 0.0, 0.8916475467077325, 0.32287094667607197, 0,0, 0
0.23428457393733787, 0.0, 0.7823588290415651, 0.515403258623154, 0,0, 0
0.3531563892769241, 0.0, 0.6734965302968392, 0.39647735929381756, 0,0, 0
0.6185724738907736, 0.0, 0.49309617434677355, 0.3710403480161127, 0,0, 0
0.5692143949976718, 0.0, 0.5820902108463774, 0.44105263443695675, 0,0, 0
0.6010776292157254, 0.0, 0.5272483411426896, 0.406341908240841, 0,0, 0
0.7014567950508881, 0.0, 0.46429664083070393, 0.3593828279531727, 0,0, 0
0.7426993946650702, 0.0, 0.43343093530417803, 0.3524529486472406, 0,0, 0
0.7619902880329941, 0.0, 0.3811426044873948, 0.32426779871519623, 0,0, 0
0.7720348566487062, 0.0, 0.36739787171387966, 0.3139298722461969, 0,0, 0
0.7778221246590834, 0.0, 0.34051757077376427, 0.29445941854287877, 0,0, 0
0.7855384820062529, 0.0, 0.36262369968823144, 0.30147779876520775, 0,0, 0
0.7780216856249584, 0.0, 0.37482254228922735, 0.29736027292477785, 0,0, 0
0.7834098317035855, 0.0, 0.3877560958406249, 0.30651078555365774, 0,0, 0
0.7877336526308787, 0.0, 0.34519885118363747, 0.291633435691409, 0,0, 0
0.7787534091665004, 0.0, 0.3980245331945671, 0.3079785266359816, 0,0, 0
0.789263620035921, 0.0, 0.3755387526700941, 0.31192778606582316, 0,0, 0
0.7860041242599615, 0.0, 0.3730865943947686, 0.304198829925373, 0,0, 0
0.7808820594691678, 0.0, 0.3802106993572503, 0.30814692453501086, 0,0, 0
0.7452271668994878, 0.0, 0.37972047148256005, 0.3222467184171764, 0,0, 0
0.7294618505953568, 0.0, 0.4037617199009184, 0.32228925755635474, 0,0, 0
0.7301270538149405, 0.0, 0.4063956085289251, 0.32644603612601, 0,0, 0
0.553848200625291, 0.0, 0.48927302520319166, 0.39759699764215056, 0,0, 0
0.33406505687487525, 0.0, 0.7330437869418798, 0.473043869060576, 0,0, 0
0.392869021486064, 0.0, 0.6843524328256727, 0.4770947255542022, 0,0, 0
0.5386150468968269, 0.0, 0.5379068630606391, 0.4036757956703759, 0,0, 0
0.5728730127053815, 0.0, 0.5070490112859455, 0.3888880621779379, 0,0, 0
0.7121665668861837, 0.0, 0.4145940973705307, 0.32412270979328034, 0,0, 0
0.6726534956429189, 0.0, 0.4460768310821575, 0.3518594571470134, 0,0, 0
0.3997871349697332, 0.0, 0.7486798083248603, 0.4991481959381452, 0,0, 0
0.6389276924100312, 0.0, 0.5127838914483563, 0.38375890356438064, 0,0, 0
0.6048027672453935, 0.0, 0.5301844453928577, 0.35934818874065605, 0,0, 0
0.6469766513669926, 0.0, 0.4979196479199968, 0.38050503983233197, 0,0, 0
0.6564225370850795, 0.0, 0.47007062677279565, 0.3602972294724186, 0,0, 0
0.4948446750482272, 0.0, 0.5165937204516332, 0.38541001594090774, 0,0, 0
0.6040710437038516, 0.0, 0.48797846335798056, 0.3534619510059529, 0,0, 0
0.6586842280316637, 0.0, 0.4646572096091804, 0.3647576884374313, 0,0, 0
0.6596155125390807, 0.0, 0.4604147853667562, 0.3672326007938711, 0,0, 0
0.7339852324885252, 0.0, 0.40776368142339164, 0.33213124109686537, 0,0, 0
0.7482871017095722, 0.0, 0.3612047578539638, 0.3172616677566206, 0,0, 0
0.738575134703652, 0.0, 0.4089383737994512, 0.3324796349522516, 0,0, 0
0.7616576864232023, 0.0, 0.3615329501625084, 0.30891661165702256, 0,0, 0
0.7750947914587907, 0.0, 0.3533434888655539, 0.30668510390643844, 0,0, 0
0.7482871017095722, 0.0, 0.3557690882042147, 0.30905603825429323, 0,0, 0
0.7846071974988359, 0.0, 0.32402131980654275, 0.2976997827656312, 0,0, 0
0.7828776691279186, 0.0, 0.3552480067975521, 0.3082754131531384, 0,0, 0
0.7848732787866693, 0.0, 0.3226375184227413, 0.2898108741390385, 0,0, 0
0.7507483536220315, 0.0, 0.32013756692616413, 0.2940499941036397, 0,0, 0
0.7841415552451274, 0.0, 0.3361829729681958, 0.2924674012654676, 0,0, 0
0.7840085146012107, 0.0, 0.35027291385402715, 0.3023804067006116, 0,0, 0
0.7847402381427526, 0.0, 0.32763751842274125, 0.29404308179817584, 0,0, 0
0.7870019290893367, 0.0, 0.3263499548536244, 0.2901200286678697, 0,0, 0
0.7863367258697532, 0.0, 0.35331940785055765, 0.2999064444260382, 0,0, 0
0.7843411162110024, 0.0, 0.3168186800080938, 0.28123708235890577, 0,0, 0
0.7862702055477948, 0.0, 0.318923910500421, 0.2883711778777618, 0,0, 0
0.7845406771768776, 0.0, 0.32448493874364637, 0.2907588367396414, 0,0, 0
0.7869354087673784, 0.0, 0.3207226608929315, 0.2916526592979482, 0,0, 0
0.78686888844542, 0.0, 0.32081974827157234, 0.2927093471857095, 0,0, 0
0.7863367258697532, 0.0, 0.3296509171027411, 0.29374725456821715, 0,0, 0
0.7851393600745028, 0.0, 0.3450377933843542, 0.3042013273423607, 0,0, 0
0.7846737178207942, 0.0, 0.34969379214749585, 0.30029004142154236, 0,0, 0
0.7843411162110024, 0.0, 0.3272787851696336, 0.29164025476551897, 0,0, 0
0.5265083483004058, 0.0, 0.5669660985938099, 0.42330722051988673, 0,0, 0
0.5705448014368389, 0.0, 0.5546572026848111, 0.4123445721849947, 0,0, 0
0.4234683695869088, 0.0, 0.6284493560730883, 0.4589098214398525, 0,0, 0
0.3061265216523648, 0.0, 0.6976275552432307, 0.5032855141382881, 0,0, 0
0.3276791059668729, 0.0, 0.6836423085329499, 0.491991937562106, 0,0, 0
0.6461784075034923, 0.0, 0.42683984880569015, 0.3552388336025645, 0,0, 0
0.5640923302068782, 0.0, 0.5276235883584993, 0.3550942927605394, 0,0, 0
0.7457593294751547, 0.0, 0.3773180074511242, 0.31524034160176084, 0,0, 0
0.7692410031264552, 0.0, 0.3434027560358727, 0.30630912935342197, 0,0, 0
0.7657154260626622, 0.0, 0.37357876022136066, 0.3068044291665411, 0,0, 0
0.7725004989024147, 0.0, 0.3588477474172581, 0.2993313946138804, 0,0, 0
0.7790194904543338, 0.0, 0.3369674425369532, 0.29468272655907257, 0,0, 0
0.7830772300937937, 0.0, 0.3117168582621437, 0.28761186578852266, 0,0, 0
0.7740969866294153, 0.0, 0.3378742940387167, 0.3015241777752797, 0,0, 0
0.7801503359276258, 0.0, 0.3160950936886496, 0.28871975702602254, 0,0, 0
0.780349896893501, 0.0, 0.31731222598980646, 0.28740327291414536, 0,0, 0
0.7798177343178341, 0.0, 0.30993127360885414, 0.28586561018281775, 0,0, 0
0.7834098317035855, 0.0, 0.31089934237497374, 0.2855172486473399, 0,0, 0
0.45320295350229495, 0.0, 0.5945981520768757, 0.3824938857978162, 0,0, 0
0.7721678972926229, 0.0, 0.31190918624235164, 0.2926497274952609, 0,0, 0
0.7838089536353356, 0.0, 0.3007920141478568, 0.28154976659180664, 0,0, 0
0.7870019290893367, 0.0, 0.2921414922952802, 0.27492497815503936, 0,0, 0
0.7844076365329609, 0.0, 0.3039112863850536, 0.28207068802181084, 0,0, 0
0.7860706445819198, 0.0, 0.31081173887374136, 0.2862881846562917, 0,0, 0
0.785937603938003, 0.0, 0.31366888173088425, 0.2827252130076479, 0,0, 0
0.7860706445819198, 0.0, 0.30866888173088425, 0.28505750953453346, 0,0, 0
0.7862036852258365, 0.0, 0.30581173887374136, 0.2857426290169721, 0,0, 0
0.782944189449877, 0.0, 0.3229879046768502, 0.2979434253498398, 0,0, 0
0.7787534091665004, 0.0, 0.3199266801870543, 0.28925454763113156, 0,0, 0
0.7815472626887514, 0.0, 0.31775051438394547, 0.28820042701250387, 0,0, 0
0.7815472626887514, 0.0, 0.31775051438394547, 0.2860683890310933, 0,0, 0
0.6634736912126654, 0.0, 0.4245460732634163, 0.301033507689511, 0,0, 0
0.785937603938003, 0.0, 0.29811120411438313, 0.28656989505877334, 0,0, 0
0.6050023282112685, 0.0, 0.4590829174175176, 0.31080626745699186, 0,0, 0
0.10111088937670458, 0.0, 0.9116167084157132, 0.5796496581043796, 0,0, 0
0.10111088937670458, 0.0, 0.9116167084157132, 0.5845628611828764, 0,0, 0
0.10111088937670458, 0.0, 0.9116167084157132, 0.5770947681682906, 0,0, 0
0.10111088937670458, 0.0, 0.9116167084157132, 0.5813967259395803, 0,0, 0
0.10111088937670458, 0.0, 0.9116167084157132, 0.5816769449521118, 0,0, 0
0.08401516663340651, 0.0, 0.9488111963227621, 0.422978312278229, 0,0, 0
0.20441694937803498, 0.0, 0.8171200913905229, 0.529335499458486, 0,0, 0
0.33040643916716556, 0.0, 0.755308030209674, 0.5094398907296589, 0,0, 0
0.6097252710703119, 0.0, 0.5231139851445079, 0.40560676546168023, 0,0, 0
0.42160580057207475, 0.0, 0.678367537792531, 0.47646310739811004, 0,0, 0
0.6220315306326083, 0.0, 0.5429726056106824, 0.4208468003244781, 0,0, 0
0.2583649304862636, 0.0, 0.797757741173031, 0.5458208186974217, 0,0, 0
0.27100379165835164, 0.0, 0.7598652707635063, 0.5181381870962533, 0,0, 0
0.37983103838222576, 0.0, 0.6681468377083689, 0.48319771596626493, 0,0, 0
0.3473026009445886, 0.0, 0.6764596718766753, 0.47924156231045073, 0,0, 0
0.44102973458391537, 0.0, 0.6240078618927323, 0.44965596310004907, 0,0, 0
0.4245992150602009, 0.0, 0.6168674364806735, 0.4474402690221876, 0,0, 0
0.46983303399188453, 0.0, 0.5870298745805131, 0.42884122861784263, 0,0, 0
0.48233885452005587, 0.0, 0.5739588683941979, 0.427889130395496, 0,0, 0
0.46071974988358944, 0.0, 0.5769302080816344, 0.43087414359269993, 0,0, 0
0.48539878933014036, 0.0, 0.5513776547609797, 0.4147883438761989, 0,0, 0
0.49451207343843545, 0.0, 0.5577123359307113, 0.42410015466063045, 0,0, 0
0.4935807889310184, 0.0, 0.5435431595155896, 0.41646978052595424, 0,0, 0
0.4974389676046032, 0.0, 0.5440386953787555, 0.4158644436763761, 0,0, 0
0.5216523647974456, 0.0, 0.5435837633216465, 0.415305452031834, 0,0, 0
0.5766646710570079, 0.0, 0.4850152909171983, 0.3963133992457455, 0,0, 0
0.5274396328078228, 0.0, 0.526564040709805, 0.40279828286240904, 0,0, 0
0.5792589636133839, 0.0, 0.5315906060534918, 0.40489991560498223, 0,0, 0
0.6104569946118539, 0.0, 0.4916559597442543, 0.38558763422135095, 0,0, 0
0.6170425064857314, 0.0, 0.4429899456105018, 0.37251127586702265, 0,0, 0
0.6009445885718087, 0.0, 0.4619747135117326, 0.38470842640589453, 0,0, 0
0.6684627153595424, 0.0, 0.43338632099487895, 0.35586892958169947, 0,0, 0
0.6844941129515066, 0.0, 0.4205339021582676, 0.35005680995948707, 0,0, 0
0.7299274928490654, 0.0, 0.40508502414751946, 0.3407591425643705, 0,0, 0
0.729860972527107, 0.0, 0.38855603282924933, 0.3293868167408899, 0,0, 0
0.726335395463314, 0.0, 0.3771933182218744, 0.331151413059669, 0,0, 0
0.7317900618638994, 0.0, 0.39862623750682685, 0.3338515080510631, 0,0, 0
0.6935408767378434, 0.0, 0.423154314405453, 0.3358212153767801, 0,0, 0
0.6809685358877137, 0.0, 0.41032433841296134, 0.32725424505579775, 0,0, 0
0.6971994944455531, 0.0, 0.3843057922839894, 0.3257763617925971, 0,0, 0
0.7031863234218053, 0.0, 0.387320710809828, 0.3176878162844641, 0,0, 0
0.6838954300538814, 0.0, 0.39975896721183474, 0.3243397317188947, 0,0, 0
0.7260027938535223, 0.0, 0.3814916370183831, 0.3118228225439414, 0,0, 0
0.7273997206146477, 0.0, 0.39066032873223444, 0.3140636208724738, 0,0, 0
0.6280848799308189, 0.0, 0.4625039848381495, 0.3659088429623229, 0,0, 0
0.6346703918046963, 0.0, 0.4914444286701473, 0.3885899126698316, 0,0, 0
0.3055943590766979, 0.0, 0.7946709249192887, 0.5090949106360969, 0,0, 0
0.5877070445020954, 0.0, 0.4741838183632741, 0.37273930508471326, 0,0, 0
0.387480875407437, 0.0, 0.7735705825593439, 0.4888272812376555, 0,0, 0
0.4323820927293288, 0.0, 0.7421251414585202, 0.48639301916221805, 0,0, 0
0.4486795716091266, 0.0, 0.7247246196059433, 0.4732696818443374, 0,0, 0
0.48320361870551454, 0.0, 0.6935459741042317, 0.46033505914574524, 0,0, 0
0.5414754207410364, 0.0, 0.6246313149766797, 0.4240344475818755, 0,0, 0
0.5577728996208342, 0.0, 0.608730070758062, 0.4252769176430376, 0,0, 0
0.570744362402714, 0.0, 0.5967518537702757, 0.41851682592447276, 0,0, 0
0.5729395330273398, 0.0, 0.5915693747881147, 0.4169791203219338, 0,0, 0
0.6037384420940597, 0.0, 0.5698245885607327, 0.4019610908853719, 0,0, 0
0.6745825849797114, 0.0, 0.4405785417880635, 0.33877173482129036, 0,0, 0
0.6717222111355019, 0.0, 0.46340855895075245, 0.3580643333580783, 0,0, 0
0.6684627153595424, 0.0, 0.4660801690148964, 0.35580989090582826, 0,0, 0
0.694006518991552, 0.0, 0.41815750692742976, 0.3322681810104873, 0,0, 0
0.7009911527971795, 0.0, 0.4101637414391757, 0.32578787026486566, 0,0, 0
0.709239672720016, 0.0, 0.381153418839049, 0.31361321885732746, 0,0, 0
0.7047828111488059, 0.0, 0.4070415219639942, 0.325747416115755, 0,0, 0
0.5682831104902548, 0.0, 0.5071837007127143, 0.3354747172338841, 0,0, 0
0.10111088937670458, 0.0, 0.9116167084157132, 0.5818028813582775, 0,0, 0
0.10111088937670458, 0.0, 0.9116167084157132, 0.5853352339075731, 0,0, 0
0.10111088937670458, 0.0, 0.9116167084157132, 0.5767545970480248, 0,0, 0
0.10111088937670458, 0.0, 0.9116167084157132, 0.5798905140930801, 0,0, 0
0.10111088937670458, 0.0, 0.9116167084157132, 0.5837632267292205, 0,0, 0
0.10111088937670458, 0.0, 0.9116167084157132, 0.5812523128182449, 0,0, 0
0.10111088937670458, 0.0, 0.9116167084157132, 0.5810391394982166, 0,0, 0
0.10111088937670458, 0.0, 0.9116167084157132, 0.5799213410450731, 0,0, 0
0.10111088937670458, 0.0, 0.9116167084157132, 0.582478460665554, 0,0, 0
0.10111088937670458, 0.0, 0.9116167084157132, 0.5860714019622464, 0,0, 0
0.10111088937670458, 0.0, 0.9116167084157132, 0.5837824053145019, 0,0, 0
0.10111088937670458, 0.0, 0.9116167084157132, 0.5812384406189067, 0,0, 0
0.10111088937670458, 0.0, 0.9116167084157132, 0.5798633461673536, 0,0, 0
0.10111088937670458, 0.0, 0.9116167084157132, 0.5791405404443409, 0,0, 0
0.10111088937670458, 0.0, 0.9116167084157132, 0.5770444735431448, 0,0, 0
0.10111088937670458, 0.0, 0.9116167084157132, 0.58250485312094, 0,0, 0
0.10111088937670458, 0.0, 0.9116167084157132, 0.5782088940080723, 0,0, 0
0.10111088937670458, 0.0, 0.9116167084157132, 0.5789380106813258, 0,0, 0
0.10111088937670458, 0.0, 0.9116167084157132, 0.5792914755173719, 0,0, 0
0.10111088937670458, 0.0, 0.9116167084157132, 0.5806036142136908, 0,0, 0
0.10111088937670458, 0.0, 0.9116167084157132, 0.5789114750507988, 0,0, 0
0.10111088937670458, 0.0, 0.9116167084157132, 0.5856725461887519, 0,0, 0
0.10111088937670458, 0.0, 0.9116167084157132, 0.5784622322663008, 0,0, 0
0.10111088937670458, 0.0, 0.9116167084157132, 0.5803461035443873, 0,0, 0
0.10111088937670458, 0.0, 0.9116167084157132, 0.582613332198152, 0,0, 0
0.10111088937670458, 0.0, 0.9116167084157132, 0.5777256808473875, 0,0, 0
0.10111088937670458, 0.0, 0.9116167084157132, 0.5784153526410661, 0,0, 0
0.10111088937670458, 0.0, 0.9116167084157132, 0.5799187853857701, 0,0, 0
0.10111088937670458, 0.0, 0.9116167084157132, 0.5808089282320344, 0,0, 0
0.10111088937670458, 0.0, 0.9116167084157132, 0.583131844565222, 0,0, 0
0.10111088937670458, 0.0, 0.9116167084157132, 0.5811192285700478, 0,0, 0
0.10111088937670458, 0.0, 0.9116167084157132, 0.584298547051003, 0,0, 0
0.10111088937670458, 0.0, 0.9116167084157132, 0.5818477036401518, 0,0, 0
0.10111088937670458, 0.0, 0.9116167084157132, 0.5802220041527518, 0,0, 0
0.10111088937670458, 0.0, 0.9116167084157132, 0.5806792054113723, 0,0, 0
0.10111088937670458, 0.0, 0.9116167084157132, 0.5809519568897742, 0,0, 0
0.10111088937670458, 0.0, 0.9116167084157132, 0.5806441224387425, 0,0, 0
0.10111088937670458, 0.0, 0.9116167084157132, 0.5804356828697262, 0,0, 0
0.10111088937670458, 0.0, 0.9116167084157132, 0.5787036901701132, 0,0, 0
0.10111088937670458, 0.0, 0.9116167084157132, 0.5833861081127645, 0,0, 0
0.10111088937670458, 0.0, 0.9116167084157132, 0.5785479071393129, 0,0, 0
0.14787467571343046, 0.0, 0.828623180468592, 0.26906380713017974, 0,0, 0
0.20794252644182798, 0.0, 0.8398064529558686, 0.5621009767987826, 0,0, 0
0.3725803232887647, 0.0, 0.6881122825122733, 0.461147625689209, 0,0, 0
0.6910796248253842, 0.0, 0.44300252228486303, 0.3627155769670582, 0,0, 0
0.48686223641322424, 0.0, 0.5995423101837604, 0.4523851772549757, 0,0, 0
0.31304463513603403, 0.0, 0.6378366686362724, 0.49283137032630797, 0,0, 0
0.2715359542340185, 0.0, 0.6751840496307534, 0.49855468970188555, 0,0, 0
0.31723541541941064, 0.0, 0.6713379543435358, 0.49125374424308665, 0,0, 0
0.3908734118273132, 0.0, 0.6598015307656611, 0.4720107475035446, 0,0, 0
0.4557307257367126, 0.0, 0.6243376628430947, 0.4589428650948836, 0,0, 0
0.4695669527040511, 0.0, 0.5953261940734452, 0.4548583557019155, 0,0, 0
0.4539346770438369, 0.0, 0.6147148200837921, 0.4541076207241383, 0,0, 0
0.4877270005986829, 0.0, 0.5860877969967517, 0.4401392979248224, 0,0, 0
0.5065522517128983, 0.0, 0.5666279087541075, 0.41526786743092353, 0,0, 0
0.6137164903878135, 0.0, 0.5065700587869477, 0.38683299025028606, 0,0, 0
0.6397259362735316, 0.0, 0.47301026411188457, 0.3656169417505846, 0,0, 0
0.6454466839619504, 0.0, 0.4601837115856474, 0.37120914857315407, 0,0, 0
0.6749151865895031, 0.0, 0.4518700204037359, 0.3453266847405025, 0,0, 0
0.6885518525909665, 0.0, 0.4265841415736187, 0.34468003314812384, 0,0, 0
0.7061132175879731, 0.0, 0.412665162614297, 0.33936087581667174, 0,0, 0
0.7564691013104503, 0.0, 0.3784339079642281, 0.3079495259524506, 0,0, 0
0.7454932481873212, 0.0, 0.3924307500541376, 0.3100475955334351, 0,0, 0
0.7736978646976651, 0.0, 0.3711311908084483, 0.29937663583220464, 0,0, 0
0.7639193773697864, 0.0, 0.3949846066968315, 0.3144380478451373, 0,0, 0
0.7808820594691678, 0.0, 0.3848028100122306, 0.30328003894607564, 0,0, 0
0.7190181600478946, 0.0, 0.40787418046980817, 0.31091741577345167, 0,0, 0
0.6670657885984168, 0.0, 0.43524022981288885, 0.34129181277159587, 0,0, 0
0.680103771702255, 0.0, 0.44135176175390795, 0.3330807975655992, 0,0, 0
0.6844941129515066, 0.0, 0.4327323915133304, 0.3235297769974215, 0,0, 0
0.6248253841548593, 0.0, 0.46345709550251035, 0.36243524001097005, 0,0, 0
0.3576797711700925, 0.0, 0.6984770234802729, 0.4747605421282095, 0,0, 0
0.7476218984899887, 0.0, 0.39272391386271144, 0.3295480480413304, 0,0, 0
0.7534756868223242, 0.0, 0.39002762672656777, 0.3266186803268137, 0,0, 0
0.7478879797778222, 0.0, 0.3922140526603682, 0.33581832764293496, 0,0, 0
0.7904609858311714, 0.0, 0.31716590745943596, 0.27861133489550394, 0,0, 0
0.7909931484068383, 0.0, 0.3267012369139203, 0.2900792289647564, 0,0, 0
0.7917913922703386, 0.0, 0.3027012369139203, 0.2777969994645121, 0,0, 0
0.7907270671190049, 0.0, 0.3240778602905437, 0.27924583267620995, 0,0, 0
0.7897957826115879, 0.0, 0.3247163356363361, 0.2861874725011513, 0,0, 0
0.7900618638994212, 0.0, 0.3230929590129595, 0.2939278827146387, 0,0, 0
0.782944189449877, 0.0, 0.3368342177542182, 0.29239905463118093, 0,0, 0
0.7875340916650037, 0.0, 0.33107897299897343, 0.29265950012328773, 0,0, 0
0.780549457859376, 0.0, 0.35804200996201047, 0.3016860352392248, 0,0, 0
0.37657154260626624, 0.0, 0.7171891535733995, 0.50705109616823, 0,0, 0
0.35495243796979975, 0.0, 0.6687433910492677, 0.5009665773151522, 0,0, 0
0.39320162309585577, 0.0, 0.6097099756867841, 0.47548247435249585, 0,0, 0
0.2839087341182731, 0.0, 0.6939394332651149, 0.5013018210649463, 0,0, 0
0.41954367059136566, 0.0, 0.6215689114058195, 0.4359447731059417, 0,0, 0
0.6844941129515066, 0.0, 0.3963756859443562, 0.3355931830841914, 0,0, 0
0.7339187121665669, 0.0, 0.38101200194650436, 0.31746262018061217, 0,0, 0
0.735980842147276, 0.0, 0.36395352370158546, 0.31881550171864537, 0,0, 0
0.7357147608594425, 0.0, 0.37347733322539506, 0.3169352288334094, 0,0, 0
0.7574669061398257, 0.0, 0.3626580561169612, 0.3090727192112854, 0,0, 0
0.4121599148539879, 0.0, 0.5977015626716281, 0.44816139207382366, 0,0, 0
0.4553316038049624, 0.0, 0.530390835808491, 0.42629294441660853, 0,0, 0
0.3981906472427327, 0.0, 0.5989334933536977, 0.4527579811949177, 0,0, 0
0.4593228231224639, 0.0, 0.5985094497389768, 0.45444678840504793, 0,0, 0
0.6099913523581454, 0.0, 0.49049128365391687, 0.3792098514461783, 0,0, 0
0.5233818931683629, 0.0, 0.5594920991881106, 0.4170516595977953, 0,0, 0
0.5257101044369055, 0.0, 0.5458500668342624, 0.41116534867026805, 0,0, 0
0.6109226368655625, 0.0, 0.48454029122124775, 0.37348461806326666, 0,0, 0
0.6317434976385286, 0.0, 0.4726525683296483, 0.3644865437379994, 0,0, 0
0.602873677908601, 0.0, 0.4895328262047907, 0.37554267459807716, 0,0, 0
0.6148473358611055, 0.0, 0.459479870988561, 0.3631818314202811, 0,0, 0
0.6166433845539813, 0.0, 0.450051216448325, 0.3607755221426931, 0,0, 0
0.5432049491119537, 0.0, 0.5157416617013293, 0.3995759580268552, 0,0, 0
0.5901682964145546, 0.0, 0.4979673070627726, 0.39413020629327783, 0,0, 0
0.5942925563759729, 0.0, 0.48435493966748444, 0.3768390778580654, 0,0, 0
0.6211667664471496, 0.0, 0.4682157973085866, 0.36774701239275515, 0,0, 0
0.5784607197498836, 0.0, 0.47170748590928346, 0.37213463434507305, 0,0, 0
0.6389276924100312, 0.0, 0.44816691658371516, 0.3588502168291533, 0,0, 0
0.6478414155524512, 0.0, 0.44863543098349296, 0.34771243518583483, 0,0, 0
0.6389276924100312, 0.0, 0.4443713392655054, 0.360331818719657, 0,0, 0
0.6443158384886583, 0.0, 0.44004349206953497, 0.3551880432957278, 0,0, 0
0.6040710437038516, 0.0, 0.4833053458424007, 0.37350309721363767, 0,0, 0
0.6241601809352757, 0.0, 0.5025673541631425, 0.37710585779957123, 0,0, 0
0.5882392070777622, 0.0, 0.4977400505248879, 0.3800314933306283, 0,0, 0
0.5634271269872946, 0.0, 0.47477925805424337, 0.37697915629996087, 0,0, 0
0.6621432847734983, 0.0, 0.4474539115463682, 0.35440337288265683, 0,0, 0
0.6645380163639992, 0.0, 0.4401236347580982, 0.3216298622049887, 0,0, 0
0.5616975986163774, 0.0, 0.5091539381066044, 0.353105904751799, 0,0, 0
0.5680835495243797, 0.0, 0.5030771440988221, 0.34803913755382504, 0,0, 0
0.5829841016430519, 0.0, 0.5153345078834698, 0.38166658990583857, 0,0, 0
0.5944255970198896, 0.0, 0.4538985532582739, 0.3448740365165531, 0,0, 0
0.5769972726667997, 0.0, 0.47696174855526635, 0.36559743831401653, 0,0, 0
0.48805960220847466, 0.0, 0.5391582068641246, 0.4070864227644534, 0,0, 0
0.5185924299873611, 0.0, 0.5086098119304974, 0.38374138677870007, 0,0, 0
0.5495243796979977, 0.0, 0.516048178978797, 0.39675803685749267, 0,0, 0
0.4926495044236014, 0.0, 0.5412659098534187, 0.4187459396231315, 0,0, 0
0.5597019889576266, 0.0, 0.48450620822261437, 0.3790935426110918, 0,0, 0
0.4995010975853123, 0.0, 0.5384422689114294, 0.40756439955179, 0,0, 0
0.5628949644116278, 0.0, 0.5109535675405211, 0.3876041152873262, 0,0, 0
0.4909864963746425, 0.0, 0.5392305743396476, 0.39446159321939694, 0,0, 0
0.6075966207676445, 0.0, 0.5293328328570753, 0.3762913804013987, 0,0, 0
0.5450675181267878, 0.0, 0.48916731120995716, 0.3689516053003939, 0,0, 0
0.5392137297944523, 0.0, 0.5204219473838221, 0.3777889047609916, 0,0, 0
0.6447814807423667, 0.0, 0.46020191959230344, 0.35619713610499354, 0,0, 0
0.5625623628018359, 0.0, 0.5176635581653124, 0.30138163018251196, 0,0, 0
0.5920973857513471, 0.0, 0.4948564897716451, 0.3764462684096746, 0,0, 0
0.10111088937670458, 0.0, 0.9116167084157132, 0.5803734203384492, 0,0, 0
0.10111088937670458, 0.0, 0.9116167084157132, 0.5784152780525392, 0,0, 0
