acuracia,loss,frr,fpr, removed, n_clf, tp_removed
0.09825051553249518, 2.3036959122288754, 0.8944041643372586, 0.40467750686587217, 0,0, 0
0.1886516330739041, 2.2002659468072574, 0.8020905762972288, 0.5280186931857088, 0,0, 0
0.6820993813610058, 1985034.4928228755, 0.48865475510862294, 0.3833624791653215, 0,0, 0
0.7389077363134438, 2.0538614564477062, 0.3966912933983896, 0.33127258699754764, 0,0, 0
0.17228763387214793, 486.3247886669231, 0.7814200008858933, 0.5325747481173031, 0,0, 0
0.17049158517927226, 822.3573719223031, 0.7722258507049853, 0.526776465089689, 0,0, 0
0.30379831038382227, 123.68255669476642, 0.7120404482442241, 0.4917232947728752, 0,0, 0
0.4046431184726934, 365.1966337357548, 0.6133059200134215, 0.4433378274797052, 0,0, 0
0.4063061265216524, 178.0635214702291, 0.6258174447371723, 0.4443776028252173, 0,0, 0
0.4245326947382425, 72.80315555539651, 0.6175894898684146, 0.423599807303873, 0,0, 0
0.4309851659682033, 157.92307968124268, 0.6085000681419109, 0.4336603181783067, 0,0, 0
0.3908734118273132, 98.61297133441984, 0.6316255011539144, 0.43388897751667344, 0,0, 0
0.41109558970265414, 57.46983264630678, 0.633607702106909, 0.4371570320762407, 0,0, 0
0.4018492649504424, 60.61748366356714, 0.6258191268586644, 0.4350855419793422, 0,0, 0
0.40058537883323353, 40.41608840271986, 0.6101420078586202, 0.42841840828143263, 0,0, 0
0.4565289696002129, 56.511975419006355, 0.5740356520901905, 0.4168190327354713, 0,0, 0
0.4726934078360939, 38.077026645963606, 0.574216716853018, 0.4087677895342779, 0,0, 0
0.4717621233286769, 29.06023919842197, 0.55836260786931, 0.40468120800965246, 0,0, 0
0.4846670657885984, 24.684520972925576, 0.5472237819925144, 0.40867181521106183, 0,0, 0
0.5203884786802369, 21.752704139186633, 0.5452420422782313, 0.3926812108437432, 0,0, 0
0.45945586376638065, 21.066270461858327, 0.558301991955902, 0.3954597418863047, 0,0, 0
0.5880396461118872, 13.823376791077594, 0.49809703416843765, 0.3650592786743561, 0,0, 0
0.5575068183330008, 12.837711360710818, 0.5447958264329487, 0.37718815943965134, 0,0, 0
0.5676844275926296, 12.071485507722771, 0.5361274152073887, 0.36997866756421, 0,0, 0
0.5429388678241203, 12.189515597665643, 0.5761814650062408, 0.37257089390996306, 0,0, 0
0.4907869354087674, 12.234744444315188, 0.6003711723932381, 0.3943542753250703, 0,0, 0
0.5349564291891172, 11.074309533839317, 0.49102178587169343, 0.3583397056968603, 0,0, 0
0.48054280582718023, 11.710299552818059, 0.560567386047042, 0.37991436353536734, 0,0, 0
0.5859109958092197, 11.332020775267848, 0.4835029395425689, 0.35885909474766187, 0,0, 0
0.5263087873345307, 11.38921231467089, 0.5737480645417355, 0.384754338485242, 0,0, 0
0.4756203020022617, 1194.4191114229188, 0.6033492890757423, 0.36272467768413125, 0,0, 0
0.4973059269606865, 18.95192762977007, 0.6051123318512104, 0.4006146840776163, 0,0, 0
0.5338921040377835, 17.17061231740924, 0.5617633381298484, 0.3829419737449562, 0,0, 0
0.549191778088206, 1248.3782436693868, 0.5383958021094676, 0.3667628026529372, 0,0, 0
0.5984168163373911, 15.575473063574796, 0.5015578618796701, 0.3651447399910912, 0,0, 0
0.545865761990288, 32396.459365019302, 0.5134649637915413, 0.3717177087400764, 0,0, 0
0.5527838754739572, 17590564.17006938, 0.5343867252379808, 0.4116749197460946, 0,0, 0
0.5068848533226901, 1.865097603788476, 0.6116610250505485, 0.4278527378482421, 0,0, 0
0.6234284573937338, 1.770641684534148, 0.5244393780801954, 0.3869909673029697, 0,0, 0
0.6606798376904144, 1.692439318625091, 0.4350943372938218, 0.36592394000483225, 0,0, 0
0.1948380230160314, 1874.7366183431918, 0.8284720492599525, 0.5560067764001748, 0,0, 0
0.357413689882259, 470.8827889959741, 0.673994841665247, 0.4694642485661039, 0,0, 0
0.3697864697665137, 202.41159459262622, 0.6650235783399202, 0.46479978749928036, 0,0, 0
0.443557506818333, 143.71130415865667, 0.6196609900467228, 0.44106305989627664, 0,0, 0
0.47588638329009514, 102.8118893676354, 0.6032345251336992, 0.4440475982630073, 0,0, 0
0.474755537816803, 86.14899942865745, 0.5792626430682957, 0.4103625189814171, 0,0, 0
0.5032927559369388, 77.23974253703128, 0.5569178490497285, 0.4041385742063712, 0,0, 0
0.6188385551786071, 90.27654086074517, 0.4981061119206972, 0.3693810535432583, 0,0, 0
0.6451806026741169, 93.82513996292427, 0.46133126441170774, 0.34307497972557016, 0,0, 0
0.6340717089070711, 5.776258356896815, 0.48567608177170846, 0.35271092134542875, 0,0, 0
0.6871549258298411, 16.292332089720215, 0.4371648622890288, 0.33362645641956035, 0,0, 0
0.6813011374975055, 96.51312712980419, 0.4223163583283578, 0.33743492373253886, 0,0, 0
0.682498503292756, 339.32961945206415, 0.41740965792538626, 0.33285734542994727, 0,0, 0
0.4339785804563294, 1.8749867424468973, 0.5755619007668273, 0.4373795757826378, 0,0, 0
0.5589037450941262, 1.7752246516578603, 0.5135396956553537, 0.3842242686632023, 0,0, 0
0.6406572207809486, 1.679172668911094, 0.4612301223396011, 0.3833489063377618, 0,0, 0
0.6815672187853389, 1.6239846668533324, 0.4535694968453842, 0.3651941429505285, 0,0, 0
0.7356482405374842, 1.5188607858081449, 0.3819162271770435, 0.33692447776801837, 0,0, 0
0.7398390208208607, 1.4918333039283436, 0.3989612879114574, 0.3258290481152033, 0,0, 0
0.7444954433579458, 1.4586002541454317, 0.40772489335363415, 0.33665783468666, 0,0, 0
0.7466906139825716, 1.4296935971531177, 0.3998368051545704, 0.3337760659104017, 0,0, 0
0.7593294751546598, 1.39693246466714, 0.3530130594670052, 0.30688909384905605, 0,0, 0
0.7647841415552451, 1.3723971003572726, 0.3346920947174689, 0.3044977323362148, 0,0, 0
0.7707709705314973, 1.3456808367296424, 0.34469542472079895, 0.30346566002813286, 0,0, 0
0.7736978646976651, 6.427153851968471e+30, 0.3551153298570989, 0.31414690484710767, 0,0, 0
0.7748287101709572, 1.3128875907123196, 0.3628280289586664, 0.3089977714631759, 0,0, 0
0.7778886449810417, 1.2860455356004519, 0.3568637432443807, 0.3083888038163004, 0,0, 0
0.7791525310982506, 1.2693990789631888, 0.324877497289688, 0.2952903406391556, 0,0, 0
0.7792190514202089, 1.2387271551874388, 0.32321083062302136, 0.2896255789220974, 0,0, 0
0.7799507749617508, 1.2193142812599214, 0.32375236151304565, 0.2923308920090163, 0,0, 0
0.7796846936739174, 1.2066327276791609, 0.3305380757987599, 0.29125785430626305, 0,0, 0
0.7796846936739174, 1.1926098186908063, 0.3305380757987599, 0.28847468152713174, 0,0, 0
0.7804829375374177, 1.170524968125899, 0.3208121099407186, 0.29121459966630164, 0,0, 0
0.7816137830107097, 1.1582767523342936, 0.32673803586664446, 0.29960309773309185, 0,0, 0
0.7818798642985432, 1.1542451907778692, 0.3192380358666445, 0.28965296819338365, 0,0, 0
0.2179205747355817, 797392029879.2002, 0.7770526799017365, 0.5372447366725551, 0,0, 0
0.7656489057407038, 1.187079519292143, 0.3542981134622418, 0.3002174595950818, 0,0, 0
0.7689084015166633, 1.175736059246564, 0.3443474596255777, 0.3052687053621328, 0,0, 0
0.7786203685225837, 1.1560957629801325, 0.3217802054511806, 0.29018106032911745, 0,0, 0
0.7784873278786669, 1.1482290824849093, 0.3267802054511806, 0.2907773265687135, 0,0, 0
0.7786203685225837, 1.1451880019645067, 0.3217802054511806, 0.29394410608519345, 0,0, 0
0.7790194904543338, 1.1293238852908334, 0.3172802054511806, 0.29145579721586784, 0,0, 0
0.7791525310982506, 1.138653874467655, 0.3097802054511806, 0.2893724672176055, 0,0, 0
0.7792190514202089, 1.1353462679019344, 0.30644687211784727, 0.2851157716254404, 0,0, 0
0.7684427592629548, 1.1487241829832513, 0.31531210818896566, 0.2917903727073861, 0,0, 0
0.7670458325018293, 1.1527735282845588, 0.3186970639411781, 0.2866220730351999, 0,0, 0
0.7671123528237876, 1.1463331387318243, 0.3161970639411781, 0.28795506927703335, 0,0, 0
0.762722011574536, 1.1357629051549598, 0.31779020119608004, 0.2927695828912507, 0,0, 0
0.7626554912525777, 1.1231787809328326, 0.3187206219080541, 0.28793212077955554, 0,0, 0
0.7316570212199827, nan, 0.34107245169439243, 0.3051091503339512, 0,0, 0
0.10111088937670458, nan, 0.9116167084157132, 0.5757674801779116, 0,0, 0
0.10111088937670458, nan, 0.9116167084157132, 0.5817110678878011, 0,0, 0
0.10111088937670458, nan, 0.9116167084157132, 0.5815281109958516, 0,0, 0
0.10111088937670458, nan, 0.9116167084157132, 0.5827621265442481, 0,0, 0
0.10111088937670458, nan, 0.9116167084157132, 0.5804828947308578, 0,0, 0
0.10111088937670458, nan, 0.9116167084157132, 0.579975967791437, 0,0, 0
0.10111088937670458, nan, 0.9116167084157132, 0.580349054388732, 0,0, 0
0.10111088937670458, nan, 0.9116167084157132, 0.5816502842223473, 0,0, 0
0.10111088937670458, nan, 0.9116167084157132, 0.5847373592579546, 0,0, 0
