acuracia,loss,frr,fpr, removed, n_clf, tp_removed
0.09825051553249518, 2.3036959122288754, 0.8944041643372586, 0.40467750686587217, 0,0, 0
0.27020554779485134, 2.1514571014059953, 0.7749881967396489, 0.3721604318405096, 0,0, 0
0.6477748952304929, 4328080.892975873, 0.5042001959453608, 0.37433198896136033, 0,6, 0
0.7262023548193973, 2.0301206420378746, 0.44055937290105945, 0.3509470425334393, 0,7, 0
0.7358478015033593, 1.936572189793523, 0.4097617897172466, 0.3354279973078985, 1,6, 0
0.7411029069380696, 1.8910010566867168, 0.4049257755268564, 0.33027193020725726, 1,7, 0
0.11082285638262489, 7014.047299663376, 0.8646561748793986, 0.572235701664229, 1,5, 0
0.1085611654360407, 5120.764677716627, 0.8679628582596114, 0.5693465101322865, 0,9, 0
0.11355018958291759, 2239.994027331383, 0.8600647115117467, 0.5703478464954322, 0,9, 0
0.11188718153395863, 1736.5160913665177, 0.8624918959777661, 0.5684793576460369, 1,8, 0
0.16829641455464645, 950.4665739757996, 0.8262254418436649, 0.5386656241990062, 0,8, 0
0.3219583582784541, 838.1001085546582, 0.7128388574501636, 0.4742655700555456, 0,8, 0
0.2807822789862303, 744.4417162482898, 0.7525792986979297, 0.5052283801196641, 0,9, 0
0.2903612053482339, 530.9804725167693, 0.7516645048756116, 0.5028629099429424, 0,7, 0
0.26781081620435043, 147.70958287170347, 0.7826621014941948, 0.5047313181115682, 0,4, 0
0.30047229428590433, 228.09393377470423, 0.7152323867379847, 0.4924434272053108, 0,7, 0
0.32488525244462185, 167.03967933729098, 0.702756738552382, 0.48897013094353, 0,4, 0
0.3268808621033726, 139.73375633130502, 0.709465152729426, 0.481338732618094, 0,6, 0
0.32568349630812216, 127.0927379662699, 0.7093051415129892, 0.4831334571407864, 0,9, 0
0.33439765848466707, 119.12495714707609, 0.6753182195547273, 0.4618832661148639, 0,9, 0
0.33014035787933216, 85.02045111737492, 0.6692664154694532, 0.47007976342786384, 0,6, 0
0.3638661611122198, 18829.371259296582, 0.6499635870974039, 0.45655686873911366, 1,6, 0
0.38242533093860176, 65.28740195922524, 0.6263349184826034, 0.45035303000694255, 1,10, 0
0.35934277921905144, 40.005880453329524, 0.6633154902844702, 0.4554119153980787, 1,2, 0
0.389343444422271, 43.514697456457014, 0.6259508482675583, 0.44508134580092673, 0,8, 0
0.39419942792523116, 55.542293696148725, 0.6229065141811864, 0.4362070190135157, 0,9, 0
0.330672520454999, 253078043.04947376, 0.6660013360608485, 0.46155060825816363, 0,5, 0
0.6197698396860241, 1.5622904517736862, 0.4913916256976728, 0.39164642453447707, 0,10, 0
0.6590833499634138, 1.5024020039263772, 0.47656032859360503, 0.3814165510615392, 0,7, 0
0.6785738042972128, 1.4572320806401156, 0.46255179381942013, 0.36911342694453525, 1,7, 0
0.7277988425463979, 1.4269250327949097, 0.4346156236516871, 0.35439814221039645, 0,11, 0
0.7320561431517328, 1607.3598152787786, 0.4069104238899549, 0.35064194278603245, 2,7, 0
0.7434311182066121, 951.563688896902, 0.4004080953776563, 0.3442028510823515, 2,8, 0
0.7493514268609061, 158625.16090743963, 0.4008435218987795, 0.3343157896062789, 2,8, 0
0.7576664671057007, 2468864.714988731, 0.3708768409951189, 0.3271142556587441, 0,7, 0
0.7561364997006585, 22370099.564041134, 0.3681160480254585, 0.32684219570843204, 0,6, 0
0.7606598815938269, 40660560.89733743, 0.34592647334704607, 0.3099649462423353, 1,5, 0
0.12652165236479745, 56000.37782432035, 0.8488920554209759, 0.5558937444258613, 0,8, 0
0.7530100445686158, 1.3374039688374535, 0.3744521789692191, 0.3222070239080324, 1,9, 0
0.7669793121798709, 1.3095716578781957, 0.3557037483716836, 0.3141159707029112, 1,4, 0
0.10337258032328876, 972.8402609684617, 0.881323289425272, 0.5713888489658681, 1,10, 0
0.1149471163440431, 116.75443754792946, 0.8583246885118629, 0.5617740789341679, 0,7, 0
0.11248586443158384, 51167.03677927034, 0.8757987659605493, 0.5722208052013625, 1,7, 0
0.13104503425796582, 157189717.0561701, 0.8658816020138701, 0.5498607841338113, 2,8, 0
0.7369786469766514, 1.3522350493929292, 0.4043643913554924, 0.33795204262173667, 5,7, 0
0.7442293620701124, 1.3366471304260414, 0.4046178511573394, 0.33318266820597914, 0,7, 0
0.19423934011840618, 18461.83528614114, 0.7683396135961345, 0.5188891862085555, 1,7, 0
0.30446351360340584, 3260069.602309993, 0.7233634642076028, 0.4800504348277376, 0,8, 0
0.2806492383423136, 3065.698294730079, 0.7496757669498857, 0.497501092018994, 0,9, 0
0.6683296747156257, 1.393315553589332, 0.4351431763700452, 0.324287446572532, 1,5, 0
0.6965342912259695, 1.3603835967502884, 0.4084155262970412, 0.31857459979336256, 0,8, 0
0.714627818798643, 1.3359042258815106, 0.38852163966501413, 0.3239503642205188, 0,4, 0
0.7295948912392736, 1.3217903462551528, 0.40249628647789615, 0.3180928686695885, 2,9, 1
0.30792257034524045, 55.98760614502226, 0.7705927901323544, 0.5147693398926447, 0,10, 0
0.527838754739573, 3.7239195336987163, 0.6450657055351011, 0.4355619257963872, 0,5, 0
0.29022816470431717, 11.631876336140108, 0.771208079610327, 0.5179020777503472, 0,4, 0
0.33246856914787465, 5.612189845204309, 0.7551664517466655, 0.5111677077596726, 0,8, 0
0.22091398922370784, 20771181687.07625, 0.7761180698437861, 0.5280810465801601, 0,10, 0
0.281846604137564, 3363115412517.9004, 0.7607271727827145, 0.4993674842788639, 1,9, 0
0.30459655424732257, 691091849519.1515, 0.7764261667705473, 0.5112757408169025, 5,5, 0
0.7065123395197233, 1.4641894461883325, 0.41205609416355593, 0.32194827934095166, 3,7, 0
0.7176212332867691, 1.4269358613187266, 0.38691388280460765, 0.31961225166853535, 6,6, 0
0.7419011508015699, 1.403957224449085, 0.3552393526448664, 0.29890499772248236, 6,7, 0
0.7434311182066121, 1.388654938801902, 0.3559665357883612, 0.30025031347852393, 3,7, 0
0.7801503359276258, 1.263501092025832, 0.32592863695757573, 0.29087900340070716, 10,4, 0
0.780549457859376, 1.2079222538833536, 0.32273468939570354, 0.28479893710819054, 12,7, 0
0.7807490188252512, 1.1604567984428693, 0.31497463391720154, 0.2862917249563483, 12,3, 0
0.7806824985032927, 1.1500115858359083, 0.3166413005838682, 0.28775517555656976, 12,8, 0
0.7808820594691678, 1.1333624639748527, 0.32611062717453093, 0.28250914383147874, 7,6, 0
0.11461451473425131, 235560655912.06973, 0.873688547242356, 0.5667494750708951, 14,6, 0
0.1168762056808355, 6387507533216.811, 0.8190827167046792, 0.557504612314172, 6,9, 0
0.14840683828909731, 2.1271642322222492e+29, 0.8109937578481408, 0.5227572752502604, 6,10, 0
0.10111088937670458, nan, 0.9116167084157132, 0.5805628945363122, 4,6, 0
0.10111088937670458, nan, 0.9116167084157132, 0.5817184703418138, 9,5, 0
0.10111088937670458, nan, 0.9116167084157132, 0.579109016897077, 5,9, 0
0.10111088937670458, nan, 0.9116167084157132, 0.5795033413378701, 2,8, 0
0.10111088937670458, nan, 0.9116167084157132, 0.5783272389322485, 7,10, 0
0.10111088937670458, nan, 0.9116167084157132, 0.5817096311272764, 9,6, 0
0.10111088937670458, nan, 0.9116167084157132, 0.5776010217866042, 8,13, 0
0.10111088937670458, nan, 0.9116167084157132, 0.5784888832438821, 3,6, 0
0.10111088937670458, nan, 0.9116167084157132, 0.5839717306258964, 7,7, 0
0.10111088937670458, nan, 0.9116167084157132, 0.5816741012514478, 9,7, 0
0.10111088937670458, nan, 0.9116167084157132, 0.5812703384784258, 16,4, 0
0.10111088937670458, nan, 0.9116167084157132, 0.5802729983876134, 8,10, 0
0.10111088937670458, nan, 0.9116167084157132, 0.5811708203447143, 13,7, 0
0.10111088937670458, nan, 0.9116167084157132, 0.5784086298637119, 5,8, 0
0.10111088937670458, nan, 0.9116167084157132, 0.5803529292892804, 11,5, 0
0.10111088937670458, nan, 0.9116167084157132, 0.5819324415046746, 8,6, 0
0.10111088937670458, nan, 0.9116167084157132, 0.5797128823792718, 5,11, 0
0.10111088937670458, nan, 0.9116167084157132, 0.5855701972613311, 8,5, 0
0.10111088937670458, nan, 0.9116167084157132, 0.5757674801779116, 8,9, 0
0.10111088937670458, nan, 0.9116167084157132, 0.5817110678878011, 7,7, 0
0.10111088937670458, nan, 0.9116167084157132, 0.5815281109958516, 7,7, 0
0.10111088937670458, nan, 0.9116167084157132, 0.5827621265442481, 5,7, 0
0.10111088937670458, nan, 0.9116167084157132, 0.5804828947308578, 14,6, 0
0.10111088937670458, nan, 0.9116167084157132, 0.579975967791437, 11,10, 0
0.10111088937670458, nan, 0.9116167084157132, 0.580349054388732, 7,10, 0
0.10111088937670458, nan, 0.9116167084157132, 0.5816502842223473, 7,6, 0
0.10111088937670458, nan, 0.9116167084157132, 0.5847373592579546, 2,10, 0
0.10111088937670458, nan, 0.9116167084157132, 0.5818202559341582, 9,10, 0
0.10111088937670458, nan, 0.9116167084157132, 0.5790639396154381, 9,7, 0
0.08527905275061531, 2.303817075938591, 0.9037011371081701, 0.3915808812621583, 0,0, 0
0.2774562628883124, 2.1668651284020415, 0.7574663878103333, 0.337351198710591, 0,0, 0
0.6250914654426928, 211434.3252499009, 0.4968982672631997, 0.3830223626976234, 0,3, 0
0.5431384287899953, 343.76401990660054, 0.5072381541482196, 0.39133064514648597, 0,7, 0
0.622896294818067, 113.24225547548653, 0.49914796530440525, 0.3699291939278258, 0,7, 0
0.6015432714694339, 31.299492184415513, 0.5175356475017725, 0.3769929945060955, 1,7, 1
0.6564225370850795, 17.77866931317211, 0.46421744080772503, 0.3560501409775141, 0,8, 0
0.6840949910197566, 10.470429298406573, 0.4216113045053309, 0.3394862696607499, 0,5, 0
0.745094126255571, 8.157865308434419, 0.3808861207799813, 0.3285435748701703, 0,6, 0
0.7293288099514401, 3.1960185393331892, 0.3822347227930549, 0.308611968899771, 0,7, 0
0.6703252843743763, 421.30628594101125, 0.4664071624786387, 0.3586136890387268, 0,6, 0
0.7198164039113949, 2152.7724409820667, 0.4300895115856025, 0.33210909771599306, 1,8, 0
0.7163573471695603, 3.991441081072162, 0.40829040261903005, 0.3220927397341133, 1,7, 0
0.6966008115479279, 2.862618831201111, 0.4261510613404539, 0.3224195738508319, 0,3, 0
0.7517461584514069, 2.246718221023046, 0.3807296439987855, 0.3026149264055881, 0,4, 0
0.6401250582052818, 25.441670928242843, 0.4823848692708757, 0.3560243895823676, 0,4, 0
0.5970198895762655, 76116318.25092149, 0.48919043585222866, 0.37435895552019216, 1,5, 0
0.3317368456063327, 2.0592059590165777, 0.788949959843781, 0.5312217973593122, 0,4, 0
0.398988891106233, 2.0217983938774915, 0.6687105378855285, 0.4903447543669236, 1,8, 0
0.5067518126787733, 1.9384684492622966, 0.6105117590915512, 0.4433728509996247, 2,9, 0
0.5503891438834564, 1.8811338496749006, 0.5615449689157826, 0.4203560306270838, 0,9, 0
0.5979511740836826, 1.750157779426241, 0.5192150134613144, 0.39470064445844094, 2,6, 0
0.6324087008581122, 1.7143713162543728, 0.4910497263674559, 0.3847797968094539, 2,8, 0
0.6536952038847869, 1.6729267210547403, 0.48009935326415326, 0.37426197108741355, 2,4, 0
0.666733186988625, 1.6011490779334434, 0.49406718224847973, 0.374708053480526, 1,3, 0
0.6858245193906739, 1.5412655487495024, 0.48194536827959517, 0.3647332935134471, 2,4, 0
0.689017494844675, 1.5028661985408995, 0.45020895582473613, 0.3524868121467239, 0,5, 0
0.6956695270405109, 1.4697750893461803, 0.4427767875439863, 0.3459392540113976, 2,3, 0
0.7194172819796448, 1.4773657396579465, 0.36468955484881105, 0.3139158513806261, 0,5, 0
0.7551386948712832, 1.4104507557538775, 0.34562690834678733, 0.3114353201911646, 0,2, 0
0.4000532162575667, 55422.0272612284, 0.6361520989004075, 0.4669885618896093, 2,7, 0
0.7329874276591498, 1.5327728954941453, 0.3879246299761141, 0.33504584847528596, 1,5, 0
0.7531430852125325, 1.5051542858413567, 0.3458799555672817, 0.30677371505234396, 2,7, 0
0.3939333466373977, 6925.050271150272, 0.6600665855068564, 0.4549125921346024, 1,4, 0
0.45746025410762986, 117.14342080672971, 0.5996495904921622, 0.4403422746015616, 0,6, 0
0.4180137031863234, 426.54178734091266, 0.6443222357498345, 0.46288293221449506, 2,5, 0
0.4289230359874942, 1244.2002547437542, 0.6372012277948903, 0.4480371208793821, 0,8, 0
0.4150202886981973, 9443.512705446785, 0.6333802584033015, 0.47229498865020103, 2,6, 0
0.43883456395928955, 25675.50158920467, 0.6045534518546445, 0.446502015358709, 1,5, 0
0.43471030399787136, 136788.03564923842, 0.6048416089990916, 0.4454483546624327, 1,8, 0
0.4200758331670325, 583.209943116472, 0.5783608596753949, 0.42579401552567303, 1,5, 0
0.5463314042439965, 190.36038182064863, 0.522767924929303, 0.39735351626465737, 2,9, 0
0.583915386150469, 70.82288623206473, 0.5165540828220903, 0.38994008464852065, 2,5, 0
0.5355551120867424, 2144830.2328710067, 0.5478093326626139, 0.42804552076164654, 1,12, 0
0.6753808288432116, 1.7604649970480792, 0.46175233007838196, 0.36705024580387774, 0,5, 0
0.7168229894232688, 1.7078574966325308, 0.4245479624388896, 0.34919943781860996, 5,8, 0
0.7456262888312379, 1.6359498086261834, 0.38053632241070656, 0.33017729985272304, 2,4, 0
0.743963280782279, 1378748568300.1929, 0.39158871333665846, 0.33437944304330275, 2,6, 0
0.10111088937670458, nan, 0.9116167084157132, 0.5781044250654568, 6,4, 0
0.10111088937670458, nan, 0.9116167084157132, 0.5821225370201053, 11,5, 0
0.10111088937670458, nan, 0.9116167084157132, 0.5789702828012374, 9,4, 0
0.10111088937670458, nan, 0.9116167084157132, 0.5826440113432348, 9,6, 0
0.10111088937670458, nan, 0.9116167084157132, 0.5843602546162441, 10,8, 0
0.10111088937670458, nan, 0.9116167084157132, 0.5805934501923226, 4,2, 0
0.10111088937670458, nan, 0.9116167084157132, 0.5798067305722463, 7,8, 0
0.10111088937670458, nan, 0.9116167084157132, 0.5812661005043206, 8,4, 0
0.10111088937670458, nan, 0.9116167084157132, 0.5791126531551773, 8,6, 0
0.10111088937670458, nan, 0.9116167084157132, 0.5790363071590778, 8,8, 0
0.10111088937670458, nan, 0.9116167084157132, 0.5796836818623936, 10,7, 0
0.10111088937670458, nan, 0.9116167084157132, 0.5816581606226159, 13,5, 0
0.10111088937670458, nan, 0.9116167084157132, 0.5820895822943875, 4,5, 0
0.10111088937670458, nan, 0.9116167084157132, 0.5788969770790191, 12,5, 0
0.10111088937670458, nan, 0.9116167084157132, 0.5792170166673001, 13,4, 0
0.10111088937670458, nan, 0.9116167084157132, 0.5817935460835547, 8,6, 0
0.10111088937670458, nan, 0.9116167084157132, 0.5795735586991544, 12,6, 0
0.10111088937670458, nan, 0.9116167084157132, 0.5798391230796853, 11,6, 0
0.10111088937670458, nan, 0.9116167084157132, 0.5769383033362332, 5,6, 0
0.10111088937670458, nan, 0.9116167084157132, 0.5815998435899912, 12,8, 0
0.10111088937670458, nan, 0.9116167084157132, 0.5818256050292299, 9,4, 0
0.10111088937670458, nan, 0.9116167084157132, 0.5779333043479912, 4,7, 0
0.10111088937670458, nan, 0.9116167084157132, 0.5853630457046056, 4,10, 0
0.10111088937670458, nan, 0.9116167084157132, 0.58259033699607, 9,5, 0
0.10111088937670458, nan, 0.9116167084157132, 0.5809806903027318, 8,7, 0
0.10111088937670458, nan, 0.9116167084157132, 0.580056502349783, 9,8, 0
0.10111088937670458, nan, 0.9116167084157132, 0.579275684990379, 9,3, 0
0.10111088937670458, nan, 0.9116167084157132, 0.5819513662804087, 5,9, 0
0.10111088937670458, nan, 0.9116167084157132, 0.5822179398104644, 12,2, 0
0.10111088937670458, nan, 0.9116167084157132, 0.581688796234063, 6,6, 0
0.10111088937670458, nan, 0.9116167084157132, 0.5788527755223779, 3,5, 0
0.10111088937670458, nan, 0.9116167084157132, 0.5866225545081174, 9,7, 0
0.10111088937670458, nan, 0.9116167084157132, 0.5802582504064394, 4,8, 0
0.10111088937670458, nan, 0.9116167084157132, 0.5837111929864311, 5,4, 0
0.10111088937670458, nan, 0.9116167084157132, 0.5811760965660632, 4,7, 0
0.10111088937670458, nan, 0.9116167084157132, 0.5796742276107502, 3,8, 0
0.10111088937670458, nan, 0.9116167084157132, 0.5813376810080024, 12,5, 0
0.10111088937670458, nan, 0.9116167084157132, 0.5816271856056416, 9,8, 0
0.10111088937670458, nan, 0.9116167084157132, 0.5789982748497374, 6,5, 0
0.10111088937670458, nan, 0.9116167084157132, 0.5838855347174485, 13,5, 0
0.10111088937670458, nan, 0.9116167084157132, 0.5783919425736967, 4,8, 0
0.10111088937670458, nan, 0.9116167084157132, 0.5788466985698963, 7,6, 0
0.10111088937670458, nan, 0.9116167084157132, 0.5798348280832396, 2,3, 0
0.10111088937670458, nan, 0.9116167084157132, 0.5802434225744828, 6,9, 0
0.10111088937670458, nan, 0.9116167084157132, 0.5810916206648823, 11,3, 0
0.10111088937670458, nan, 0.9116167084157132, 0.5816339690591454, 4,9, 0
0.10111088937670458, nan, 0.9116167084157132, 0.5761669884459988, 12,6, 0
0.10111088937670458, nan, 0.9116167084157132, 0.5826834649323037, 8,4, 0
0.10111088937670458, nan, 0.9116167084157132, 0.581034823991152, 8,8, 0
0.10111088937670458, nan, 0.9116167084157132, 0.5820169559599724, 4,9, 0
0.10111088937670458, nan, 0.9116167084157132, 0.5808238365095212, 10,7, 0
0.10111088937670458, nan, 0.9116167084157132, 0.5851459632460007, 6,8, 0
0.10111088937670458, nan, 0.9116167084157132, 0.5819467508962248, 6,3, 0
0.07742965475952904, 2.30641686585677, 0.9087540216325581, 0.33480182282209825, 0,0, 0
0.24259961418213263, 2.133207715244372, 0.7851949687615846, 0.38615786745746256, 0,0, 0
0.6238275793254839, 26603353.40913693, 0.4728992680766248, 0.3676396642316758, 0,7, 0
0.5392802501164106, 2.039372885432586, 0.6424194697183988, 0.4416288738402842, 0,4, 0
0.6075966207676445, 1.9649788095733327, 0.5508119869254325, 0.3875880158196919, 0,7, 0
0.6436506352690747, 1.9038844291205765, 0.48068271361645215, 0.3625810707997879, 0,9, 0
0.6889509745227167, 1.8269352235773768, 0.4732291074829537, 0.3618151900516547, 1,7, 0
0.7344508747422338, 1.7203983605276727, 0.460888331354476, 0.3444794593423779, 0,8, 0
0.7430985165968204, 1.664631291533043, 0.4081423420172559, 0.3292008491953103, 1,9, 0
0.7746291492050822, 1.6139177202084087, 0.3822123722937893, 0.32072681541859055, 0,5, 0
0.7691079624825384, 1.577706464611825, 0.3738500427993843, 0.3221099915003209, 0,7, 0
0.7667132308920375, 1.531756119856988, 0.3987772159873934, 0.32884666610653485, 1,8, 0
0.11980309984700326, 29077.842923062835, 0.8695798547919301, 0.576072650782148, 0,9, 0
0.7827446284840018, 1.485903002082338, 0.3546973961693439, 0.30492052487867977, 0,7, 0
0.2698729461850595, 27.852778953712733, 0.7404208829125397, 0.5205522508358782, 0,10, 0
0.14913856183063925, 21.769137491047015, 0.8270323965312802, 0.5634754469786363, 1,7, 0
0.10829508414820728, 10373.702367700313, 0.8683433625528073, 0.5726390723483039, 1,8, 0
0.16137830107097717, 5154.465230718088, 0.8430090555525753, 0.5683494634743843, 0,8, 0
0.35242466573538217, 29.222228804467413, 0.7017277079816735, 0.49569229298664813, 0,7, 0
0.15818532561697599, 2004.0832069053515, 0.8303970181314034, 0.5532629787997912, 0,5, 0
0.23754406971329742, 22.433575188434553, 0.766069823263611, 0.5133752091467177, 0,9, 0
0.3219583582784541, 1460.057499073532, 0.6918679586852206, 0.4817044680461217, 0,6, 0
0.34524047096387944, 2768.249937940689, 0.6876753254023705, 0.46182417905212114, 0,8, 0
0.34863300738375574, 868.5438766396546, 0.6606791756148555, 0.46923983435102584, 0,9, 0
0.338654959090002, 659.3921887284596, 0.659725769819875, 0.4568386279861602, 0,7, 0
0.35654892569680036, 715.16647608726, 0.6696549771668306, 0.4589878473205855, 0,10, 0
0.3866826315439367, 264.97253074415374, 0.6470004317302716, 0.4437720701341988, 0,6, 0
0.36905474622497175, 335.72762387912655, 0.6452642407161597, 0.4628045211291005, 0,5, 0
0.3582119337457593, 195.0263541251553, 0.6546230968133793, 0.449704161850263, 0,4, 0
0.4075034923169028, 163.7239294127625, 0.6014716420208363, 0.42186746964305954, 0,7, 0
0.45114082352158585, 180.38075362666265, 0.5553947623073696, 0.4202151495896632, 0,6, 0
0.4603871482737976, 272.45421206628146, 0.5464807173313773, 0.4123478625149636, 0,7, 0
0.38415485930951904, 149.947486943678, 0.6346587397161139, 0.4337792444822044, 0,5, 0
0.44734916516995943, 112.94894902485049, 0.5779984724728229, 0.4033577463999303, 1,7, 0
0.5021619104636467, 84.21089100489397, 0.5415038050227506, 0.3941875504165459, 0,3, 0
0.4857313909399322, 119.71779993859452, 0.5227314751274359, 0.4015288654218563, 0,6, 0
0.48766048027672454, 121.20383145771046, 0.5435431274337605, 0.4125982680381292, 0,7, 0
0.43717155591033063, 387.88809025194615, 0.6065786108239276, 0.37260702397680473, 0,8, 0
0.34969733253508944, 105.02824030554424, 0.6441787465474281, 0.45316542575263985, 0,4, 0
0.4323820927293288, 118.9088874533465, 0.5871088058179074, 0.4177505050327239, 0,4, 0
0.42579658085545136, 1598.1274683356824, 0.6172372582396688, 0.43712174172215823, 1,7, 1
0.4895230492915586, 43.030884484609565, 0.5620185591269826, 0.4208884131977588, 1,3, 0
0.46071974988358944, 54.52521608402114, 0.5691909396727126, 0.41475395810542354, 0,9, 0
0.46071974988358944, 26.47853336744915, 0.5738622679395583, 0.42423844074929723, 0,4, 0
0.4921838621698929, 1171.5492011462445, 0.5394060059060327, 0.3983795879973566, 0,8, 0
0.501496707244063, 37.50814140479839, 0.5372715713956306, 0.40391813954499495, 0,8, 0
0.44428923035987494, 28.592680648366212, 0.5734907945392902, 0.4200377692869053, 1,5, 0
0.39825716756469104, 6604.301750097253, 0.6073379204372216, 0.44616553124540625, 0,8, 0
0.4450209539014169, 45.6033301171146, 0.5813327622088694, 0.406012425734036, 0,2, 0
0.49258298410164303, 26.4909904368792, 0.5491791440378413, 0.3902341582568925, 0,4, 0
0.5575068183330008, 27.809545139168208, 0.4920976028692979, 0.35897417660411235, 0,8, 0
0.5765316304130912, 20.209991197347165, 0.4981550804672726, 0.3615849312134033, 1,7, 0
0.5062196501031065, 437.5281296128204, 0.555087437001447, 0.36757582119652754, 1,6, 0
0.5938269141222644, 24.807464447279244, 0.5068990345364122, 0.36606881609319325, 0,8, 0
0.6227632541741502, 18.645955838955047, 0.4453789197239676, 0.33284690746465684, 1,5, 0
0.5608328344309187, 363890075.8960475, 0.5150596790364772, 0.3798657660646111, 1,10, 0
0.5236479744561964, 1.6682588883853995, 0.603160256542674, 0.41343110532969896, 0,6, 0
0.6423867491518659, 1.564367202680236, 0.528850798582914, 0.3838883905213929, 0,7, 0
0.7033858843876805, 1.4989129779437247, 0.4334284022611255, 0.34956470236810033, 2,7, 0
0.7025876405241801, 1.4712795080516832, 0.4465920806879619, 0.3559214610351642, 0,7, 0
0.7445619636799042, 1.407119622325807, 0.387273197187175, 0.32190460165169377, 4,9, 0
0.7460919310849464, 1.365963274994027, 0.4151463176140671, 0.33926070126786817, 1,11, 0
0.7525444023149072, 1.2991348432412542, 0.40044408436344675, 0.3328612849750613, 3,6, 0
0.7757599946783742, 1.2713706390815114, 0.3531127723425319, 0.3068872911924221, 0,8, 0
0.4736912126654693, 13821363.715906011, 0.5660657715803076, 0.35187589312920586, 1,8, 0
0.7397059801769441, 1.2662720904720683, 0.32418460663334353, 0.29546092390108686, 0,6, 0
0.7769573604736247, 1.2451375759957135, 0.3443192016226709, 0.3075592922746038, 1,6, 0
0.7862036852258365, 1.1961617357738954, 0.3235784608819302, 0.2861800639070724, 4,7, 0
0.7815472626887514, 1.1762326537592855, 0.34041823336812654, 0.3017144036483082, 4,8, 0
0.7850063194305861, 1.15984862045654, 0.3224101766100699, 0.29443719632884063, 1,3, 0
0.7854054413623361, 1.1444773954707754, 0.31074350994340316, 0.28337874548539144, 3,7, 0
0.7877336526308787, 1.13081563079961, 0.3196675216339123, 0.2885966347130295, 1,7, 0
0.7897292622896295, 1.1273984358501195, 0.29888830085469154, 0.2767754233294145, 0,4, 0
0.7896627419676712, 1.1162598146292821, 0.3030549675213582, 0.2796411501748879, 0,10, 0
0.7899288232555045, 1.1086984475733717, 0.29055496752135823, 0.27879815940171754, 0,8, 0
0.7897957826115879, 1.0938225616006776, 0.2972216341880249, 0.283327551695701, 0,8, 0
0.7921905142020887, 1.0850978272361214, 0.29815237011876083, 0.28335084956069073, 0,6, 0
0.7921905142020887, 1.06834260747704, 0.29815237011876083, 0.28411464712282664, 0,5, 0
0.21106898157387083, 206876246586.01773, 0.7642835322104624, 0.49442245516976085, 0,5, 0
0.7765582385418746, 1.1091719192664542, 0.33204688237593827, 0.29571627196219924, 1,10, 0
0.7813477017228764, 1.0985738948614014, 0.3248778204733738, 0.286324537889226, 0,9, 0
0.3105833832235748, 270.87215776609025, 0.7700660731636916, 0.5177954153794816, 0,7, 0
0.16743165036918778, 600.3759613737473, 0.8576292635882719, 0.5638036711999227, 0,6, 0
0.23934011840617309, 1163.9535984573968, 0.7505864597014805, 0.5176521745306187, 0,10, 0
0.24765515865096788, 4162.0603875265715, 0.7491983174793707, 0.5238348995096572, 0,8, 0
0.29135901017760923, 55.519938251616644, 0.7406789620257025, 0.5250337642567672, 1,6, 0
0.33200292689416616, 710.2885622258602, 0.7300986904398851, 0.5242935376220043, 0,5, 0
0.3131111554579924, 347.3278998414696, 0.759476823064104, 0.5205614219433348, 1,6, 0
0.4162176544934478, 545.339645260768, 0.6409210699636023, 0.48455577516497106, 1,7, 0
0.2724672387414355, 2521.738606186589, 0.8014486659978117, 0.5293624990248285, 1,7, 0
0.2831104902547728, 57.06165786252423, 0.8035106572176464, 0.5392801505858197, 1,4, 0
0.29960753010044566, 16.911158501139717, 0.7509689790876567, 0.515413379704746, 1,2, 0
0.2590966540278055, 47.34375260956492, 0.7596455736260992, 0.4949353132859038, 1,5, 0
0.33506286170425065, 454.15576817944867, 0.725658076940681, 0.479648985335601, 0,5, 0
0.4067052484534025, 74.87488182842507, 0.6499745225527016, 0.44769179346151433, 0,4, 0
0.41488724805428057, 2391.6457966688204, 0.6374463259097746, 0.4421400623862251, 1,9, 0
0.39293554180802237, 3167.1827071996886, 0.6804401975928451, 0.4688705070532356, 1,8, 0
0.4038448746091931, 1382.5444006086627, 0.681160543764298, 0.45138576072690983, 1,5, 0
0.3315372846404577, 1120.21915568191, 0.7023469389835991, 0.47708701243714574, 0,7, 0
0.5043570810882725, 1685.140872244926, 0.5501542658149264, 0.4034482710417727, 2,9, 0
0.4899221712233087, 446.0278338785736, 0.6185375623412412, 0.4053016416010545, 2,6, 0
0.13157719683363267, 2.3028076051880655, 0.8540281820340121, 0.3469355978610065, 0,0, 0
0.25523847535422073, 2.0617252333050184, 0.7987745340099096, 0.5165350368208025, 0,0, 0
0.5710769640125058, 2657774.9336234196, 0.4999238969476684, 0.371455945914888, 0,7, 0
0.7184859974722277, 2.127520029181485, 0.3995098116953242, 0.3447211391278624, 0,5, 0
0.7001263886117208, 1.997654764529974, 0.46485715753233925, 0.3615187578163581, 1,6, 0
0.7103039978713497, 1.9220540161531843, 0.45079459967217794, 0.3523839046308454, 1,4, 0
0.1836626089270272, 890.317919943473, 0.801711216684732, 0.5443755271013964, 1,7, 0
0.22710037916583517, 189.8978854685695, 0.7721443925375842, 0.5100171286280524, 0,8, 0
0.20621299807091067, 94.1355665555533, 0.7958846115984427, 0.5426256472544458, 1,5, 1
0.2685425397458924, 783.1808886462527, 0.6922082895274574, 0.4988935894487448, 0,9, 0
0.2254373711168762, 1043.3801014202063, 0.7300429758664697, 0.4895581800721141, 0,6, 0
0.23075899687354487, 384.8788320448351, 0.7573730630224746, 0.4873642164906586, 0,6, 0
0.24419610190913324, 633.5695144333833, 0.7370279753154435, 0.5001881294153752, 0,8, 0
0.33180336592829107, 513.904409130612, 0.7005642860984373, 0.48755798310321735, 0,11, 0
0.2775893035322291, 255.1089777937407, 0.7303159443909845, 0.4868077917367951, 0,6, 0
0.321758797312579, 337.64300710307305, 0.6794485960001899, 0.47248805307135044, 0,6, 0
0.3002727333200293, 266.59757972505963, 0.6892515215150692, 0.472075094207651, 1,7, 0
0.31464112286303464, 163.72977296808818, 0.653058308730822, 0.455747515685454, 0,5, 0
0.3449078693540877, 211.63232838985718, 0.682071992779983, 0.4575379502260337, 0,6, 0
0.3576132508481341, 294.8656016729314, 0.6167079836332641, 0.4386151814999857, 1,9, 0
0.3051287168229894, 258.8908392629322, 0.7091050010709286, 0.4724047774763194, 1,7, 0
0.3286769107962483, 137.01181347245208, 0.647820049896747, 0.444537741709416, 0,7, 0
0.36200359209738575, 133.47478449423406, 0.629463530655191, 0.4389079032341369, 0,8, 0
0.35575068183330005, 122.37620932340408, 0.6189245644411244, 0.4438492415864567, 0,12, 0
0.3663939333466374, 98.22496924710862, 0.6460732512196752, 0.44986699229996524, 0,6, 0
0.406239606199694, 93.3568777319783, 0.5918330866583174, 0.43844315733277, 2,7, 0
0.3823588106166434, 79.39059594689745, 0.6344314564610787, 0.4393169532997942, 0,5, 0
0.3638661611122198, 66.4360458053335, 0.6685870125800264, 0.4489852572309202, 0,5, 0
0.43630679172487197, 59.27136525313809, 0.610227143681498, 0.42617456446048513, 2,6, 0
0.3734450874742234, 67.63730501257062, 0.6605119638869769, 0.45470258786053674, 0,7, 0
0.3006718552517794, 1228.645183445063, 0.6987545271798151, 0.44682586021519144, 1,6, 0
0.3627353156389277, 69.28683926627069, 0.6650766113399038, 0.45934518629647825, 0,5, 0
0.3179671389609526, 98.72083430705811, 0.687373902423941, 0.4659828144483856, 1,10, 0
0.45446683961950374, 47.26308701874411, 0.5950406323634154, 0.4187956639760762, 0,5, 0
0.36852258364930485, 55.572159371753926, 0.6458733159196853, 0.45041188646050506, 0,9, 0
0.3511607796181733, 51.490639785270005, 0.6556457509674009, 0.45498091267331264, 1,6, 0
0.3339985365529169, 50.825984147582425, 0.6922447647323132, 0.4692233995734085, 1,6, 0
0.421472759928158, 7430562.256727661, 0.6129021074185735, 0.43094081293720193, 0,6, 0
0.5281048360274063, 1.483561112672246, 0.6363155342546898, 0.4354815993155848, 0,6, 0
0.1468103505620967, 114.29542060016418, 0.8409548005809658, 0.5592568433642481, 0,5, 0
0.22437304596554247, 57.331975337290416, 0.7954600864808725, 0.5186934657127108, 0,4, 0
0.35495243796979975, 1184.5292649387734, 0.7013869264626246, 0.46134758888578326, 1,11, 0
0.3509612186522983, 422.29669754029334, 0.6927237653907083, 0.4575516690863989, 0,8, 0
0.37537417681101576, 344.78708277457446, 0.6957764372615672, 0.4593726466655862, 0,7, 0
0.34909864963746423, 152.8484514321739, 0.7178393939133352, 0.46254465004636364, 0,6, 0
0.3721146810350562, 215.11354378432063, 0.6829444117609208, 0.43659535101320834, 0,8, 0
0.36360007982438636, 192.38982750235024, 0.6920794640065004, 0.44837766624434555, 1,7, 0
0.3523581454134238, 130.95892307825054, 0.6779947956079507, 0.44463633470849684, 0,5, 0
0.3507616576864232, 26738.603710534084, 0.6493354976875529, 0.4195744872854542, 1,8, 0
0.46437836759129913, 128178.4921217065, 0.5750989317108054, 0.39486281793853445, 2,6, 1
0.5486596155125391, 1.5347106440745748, 0.5823694805785206, 0.43686803820096154, 0,6, 0
0.6010111088937671, 1.494928656765759, 0.5988199621686163, 0.4105926217600001, 1,4, 0
0.19477150269407303, 2218.911610897539, 0.8246564282574731, 0.5315285976546135, 0,9, 0
0.1975653562163241, 185.60324245582615, 0.8305428031965575, 0.5439141458322243, 1,4, 0
0.19576930752344843, 40.89448036848082, 0.854957735703506, 0.5517046777948057, 1,4, 0
0.12166566886183729, 1890.7391911816678, 0.9024453094513208, 0.5683342669492067, 0,6, 0
0.12199827047162909, 1136.7525936793577, 0.8924453094513208, 0.5566565162707992, 0,5, 0
0.24778819929488458, 1341.7604902935846, 0.7763354456132465, 0.5065297967856237, 0,9, 0
0.24532694738242533, 1002.3794784477855, 0.7882908909522862, 0.5051190077517309, 1,6, 0
0.3135102773897426, 1052.1219719582648, 0.7320600613281651, 0.48523859896923605, 0,8, 0
0.3032661478081554, 390.39066436290267, 0.7202840536270402, 0.4742263824719339, 0,6, 0
0.27319896228297746, 566060.5480978179, 0.7534045839004208, 0.5014106518607109, 0,7, 0
0.37317900618638994, 53199.2532588569, 0.6600795158602739, 0.434821625324179, 0,5, 0
0.13024679039446552, 11782.364913893738, 0.8523425458668781, 0.562215810053595, 0,8, 0
0.6027406372646844, 1.4688953522218346, 0.5606554633260808, 0.4151956628961034, 0,6, 0
0.6203685225836493, 1.4249737878780255, 0.5540892390221517, 0.40816108286980446, 0,8, 0
0.6399254972394066, 1.3720590829478028, 0.5220381340725999, 0.39446166676624456, 0,7, 0
0.7314574602541076, 1.2927244285129367, 0.4291640701068213, 0.3482699590790779, 0,8, 0
0.7345839153861504, 1.2773332016037398, 0.4281897821615546, 0.35303015089285794, 0,7, 0
0.7357147608594425, 1.2650138887838258, 0.426012678386425, 0.35074795232482514, 0,8, 0
0.7472892968801969, 1.2401715495950691, 0.4121889101756825, 0.3424715750858928, 0,6, 0
0.7560699793787002, 1.1877503424153344, 0.3941060406642415, 0.3351576225021504, 1,7, 0
0.7739639459854986, 1.1661627050480514, 0.33641902697944437, 0.3057005596435028, 0,5, 0
0.7745626288831238, 1.1904296059066515, 0.3485154464329454, 0.3082948813022352, 1,9, 1
0.7791525310982506, 1.1663606462275713, 0.346076368656789, 0.30994284722613236, 0,7, 0
0.47794851327080423, 5.2998897695061284, 0.598233478512178, 0.430120316443194, 0,10, 0
0.735781281181401, 1.2125851008246848, 0.3857711794904676, 0.33313449477647494, 1,5, 1
0.3335328942992084, 226.75024011428104, 0.717265828306741, 0.4637615462714901, 0,6, 0
0.35914321825317636, 124.18778016331413, 0.6881641277839827, 0.45601389538875714, 0,6, 0
0.33286769107962483, 68.3490443057815, 0.6812394620275843, 0.4442614498604484, 1,4, 1
0.1984966407237411, 497.2222672350621, 0.7854780465117898, 0.503640213830005, 0,7, 0
0.3568815273065922, 174069.1204752267, 0.6624185921652976, 0.44836563080909014, 1,7, 1
0.40457659815073505, 38579595.52741977, 0.5661638612951887, 0.42018593490416273, 0,5, 0
0.45499900219517064, 1205.5004210209377, 0.5803358725759888, 0.40664696510537096, 0,5, 0
0.4843344641788066, 329.7067327802572, 0.5375900151717388, 0.39040282771873513, 0,5, 0
0.2892303598749418, 1323.203295809268, 0.7164776042935763, 0.446647443596223, 1,9, 0
0.36872214461517994, 332.05276930447764, 0.6028793296841624, 0.4140591777578132, 0,5, 0
0.47056475753342647, 220.7111197011288, 0.5604614394048045, 0.3874271806135832, 0,6, 0
0.3731124858644316, 379.83573102426766, 0.649184210482171, 0.4344441600369094, 1,6, 0
0.4829375374176811, 165.07429922060683, 0.5795948417492527, 0.39053674701643004, 1,7, 0
0.5174615845140691, 282.0830030436131, 0.5693516279978859, 0.3923776897496793, 0,10, 0
0.46391272533759065, 317.0488005301228, 0.5966790472977711, 0.40698905366184124, 1,6, 0
0.45340251446817004, 180.87328174780112, 0.5728102792259014, 0.40646542050187456, 1,7, 0
0.48014368389543005, 192.49685894390015, 0.5807288313203188, 0.402541229360835, 0,6, 0
0.5516530300006652, 188.38830607096057, 0.5115295648968919, 0.3688143032113539, 0,6, 0
0.5834497438967604, 387.3097054159371, 0.5212132578262664, 0.3663790451492791, 0,8, 0
0.5351559901549924, 701.9987324163794, 0.5683612780618865, 0.39017560628452297, 0,7, 0
0.54659748553183, 877.7335091273195, 0.5048284144816255, 0.38681968297909236, 1,5, 0
0.5676844275926296, 502.7004871830059, 0.5374643001433029, 0.3807834628282349, 1,3, 0
0.5404110955897027, 274.7634888700894, 0.5357050130404286, 0.38100715730676826, 0,4, 0
0.4765515865096787, 253.76450055138437, 0.5697716471409087, 0.395438820973187, 1,10, 0
0.11434843344641787, 2.3032234700577927, 0.8806243029821288, 0.33765287626054596, 0,0, 0
0.2901616443823588, 2.101159402054243, 0.7526847629737732, 0.41765905869133496, 0,0, 0
0.5731390939932149, 339726.8551410581, 0.5420856347671963, 0.4113850735038465, 0,5, 0
0.6373312046830306, 2.1085741057776883, 0.5198134530359231, 0.4066721035027938, 0,5, 0
0.2256369320827513, 772.7625070364581, 0.7874051430205141, 0.5454459779546494, 0,8, 0
0.29022816470431717, 158.924718171523, 0.7394923802103471, 0.5125044253183934, 0,5, 0
0.2841082950841482, 150.73869628478818, 0.7383584971648751, 0.5033662384571013, 0,5, 0
0.326215658883789, 151.34693986735311, 0.730371181615181, 0.5052175139768839, 0,6, 0
0.37238076232288964, 112.29967924345317, 0.6863214026870286, 0.4855676936750634, 0,7, 0
0.3745094126255571, 85.8905653502423, 0.6767219779672412, 0.48077129525491835, 0,7, 0
0.4344442227100379, 39.71888982546521, 0.642952218246365, 0.45860593627773605, 0,4, 0
0.43803632009578924, 60.54486130544259, 0.5952510709587243, 0.4186939932658855, 0,7, 0
0.41249251646377966, 83.07118251872284, 0.6017122277674527, 0.43080625208240014, 0,9, 0
0.4563294086343378, 63.96463431967713, 0.5747359853054331, 0.4152694351165727, 0,8, 0
0.4621831969666733, 51.737734721872805, 0.5832064086654057, 0.42395811154516144, 0,8, 0
0.4261291824652431, 51.73502232545836, 0.6400992544358044, 0.43786688564165277, 0,6, 0
0.44954433579458525, 38.391288972796154, 0.6176568259514483, 0.4244068813704232, 0,9, 0
0.4631810017960487, 31.801777999316673, 0.6080914050940123, 0.4085230579891258, 1,5, 0
0.5502561032395397, 26.31741423411102, 0.5500049695499569, 0.3978744634977477, 0,4, 0
0.5470631277855384, 22.7668196387536, 0.5660376422785238, 0.3953862665889069, 0,8, 0
0.6405907004589902, 17.79694515208358, 0.47307745029726983, 0.3598290134506083, 0,3, 0
0.4306525643584115, 209.89987464869492, 0.6019030116815149, 0.40928887704910694, 0,7, 0
0.5138029668063594, 136.59412347652335, 0.543614741704926, 0.3781847655858096, 0,5, 0
0.6296148473358611, 7.562992272243086, 0.4561356156629094, 0.3348245327276181, 0,6, 0
0.653362602274995, 681.9497841512925, 0.4436254935672796, 0.3311531673273368, 1,8, 0
0.6952038847868024, 28.73337685727391, 0.4115582653500447, 0.3187266891526316, 0,7, 0
0.5714760859442559, 61.1666561251696, 0.47966034590752465, 0.35220467173967124, 0,8, 0
0.5895696135169294, 18.714764073849746, 0.4818774425375539, 0.34422362072927326, 0,4, 0
0.5444023149072041, 306.5389761625315, 0.5302970014948643, 0.382673993202106, 0,6, 0
0.5954899221712233, 5.5174189812845835, 0.4665124499373384, 0.35952253069670725, 1,3, 0
0.6830971861903812, 4.066668832365415, 0.4282953490674123, 0.33866518722086836, 0,7, 0
0.536952038847868, 484214.10197383276, 0.4971194341516309, 0.3849838791903536, 1,7, 0
0.5899022151267213, 7003678682.048784, 0.5074395485432732, 0.3928786222013677, 0,8, 0
0.5242466573538216, 3.8410252334776065e+24, 0.6103321366344361, 0.44735937914559387, 1,5, 0
0.10111088937670458, nan, 0.9116167084157132, 0.5833726541147422, 9,11, 0
0.10111088937670458, nan, 0.9116167084157132, 0.5818303939168203, 12,5, 0
0.10111088937670458, nan, 0.9116167084157132, 0.5837698932418607, 3,8, 0
0.10111088937670458, nan, 0.9116167084157132, 0.5801618118343211, 5,4, 0
0.10111088937670458, nan, 0.9116167084157132, 0.5774316401350945, 4,9, 0
0.10111088937670458, nan, 0.9116167084157132, 0.5835998974866825, 4,9, 0
0.10111088937670458, nan, 0.9116167084157132, 0.5886076613210683, 9,7, 0
0.10111088937670458, nan, 0.9116167084157132, 0.5813436022501979, 8,6, 0
0.10111088937670458, nan, 0.9116167084157132, 0.5885148914709163, 7,10, 0
0.10111088937670458, nan, 0.9116167084157132, 0.5843778502488091, 8,5, 0
0.10111088937670458, nan, 0.9116167084157132, 0.5838385185940238, 9,6, 0
0.10111088937670458, nan, 0.9116167084157132, 0.5805504030319242, 2,5, 0
0.10111088937670458, nan, 0.9116167084157132, 0.5789826447971467, 7,7, 0
0.10111088937670458, nan, 0.9116167084157132, 0.5808726717792322, 9,4, 0
0.10111088937670458, nan, 0.9116167084157132, 0.5820539588074376, 2,4, 0
0.10111088937670458, nan, 0.9116167084157132, 0.5833985699850812, 6,6, 0
0.10111088937670458, nan, 0.9116167084157132, 0.5765662542641862, 7,9, 0
0.10111088937670458, nan, 0.9116167084157132, 0.5803549451009422, 8,5, 0
0.10111088937670458, nan, 0.9116167084157132, 0.5805004104356132, 8,8, 0
0.10111088937670458, nan, 0.9116167084157132, 0.5803281387379059, 9,7, 0
0.10111088937670458, nan, 0.9116167084157132, 0.5780714819790506, 10,4, 0
0.10111088937670458, nan, 0.9116167084157132, 0.5784277074602227, 9,7, 0
0.10111088937670458, nan, 0.9116167084157132, 0.583257301900878, 5,7, 0
0.10111088937670458, nan, 0.9116167084157132, 0.5833347012018449, 10,5, 0
0.10111088937670458, nan, 0.9116167084157132, 0.5794516625008729, 8,7, 0
0.10111088937670458, nan, 0.9116167084157132, 0.5840595402648048, 3,8, 0
0.10111088937670458, nan, 0.9116167084157132, 0.5818259091692386, 3,7, 0
0.10111088937670458, nan, 0.9116167084157132, 0.5841169160199899, 7,9, 0
0.10111088937670458, nan, 0.9116167084157132, 0.5799860779893191, 6,6, 0
0.10111088937670458, nan, 0.9116167084157132, 0.5794050718869281, 3,6, 0
0.10111088937670458, nan, 0.9116167084157132, 0.580224577739819, 8,7, 0
0.10111088937670458, nan, 0.9116167084157132, 0.5813739220805626, 11,8, 0
0.10111088937670458, nan, 0.9116167084157132, 0.5852289294483982, 7,7, 0
0.10111088937670458, nan, 0.9116167084157132, 0.5814942783070325, 7,7, 0
0.10111088937670458, nan, 0.9116167084157132, 0.580465512749069, 6,7, 0
0.10111088937670458, nan, 0.9116167084157132, 0.5843612573871696, 7,9, 0
0.10111088937670458, nan, 0.9116167084157132, 0.5840971627167275, 5,6, 0
0.10111088937670458, nan, 0.9116167084157132, 0.5824062137243821, 5,5, 0
0.10111088937670458, nan, 0.9116167084157132, 0.5784794854992164, 6,4, 0
0.10111088937670458, nan, 0.9116167084157132, 0.5800038166570117, 12,5, 0
0.10111088937670458, nan, 0.9116167084157132, 0.5848183660817294, 6,5, 0
0.10111088937670458, nan, 0.9116167084157132, 0.5838730376480328, 5,7, 0
0.10111088937670458, nan, 0.9116167084157132, 0.5797440426951926, 7,9, 0
0.10111088937670458, nan, 0.9116167084157132, 0.5816837746728573, 6,6, 0
0.10111088937670458, nan, 0.9116167084157132, 0.5786066819475078, 4,8, 0
0.10111088937670458, nan, 0.9116167084157132, 0.5758869073111546, 5,8, 0
0.10111088937670458, nan, 0.9116167084157132, 0.5801099649160288, 12,7, 0
0.10111088937670458, nan, 0.9116167084157132, 0.5880251139216095, 9,9, 0
0.10111088937670458, nan, 0.9116167084157132, 0.5821109876036737, 7,6, 0
0.10111088937670458, nan, 0.9116167084157132, 0.578550709749355, 8,7, 0
0.10111088937670458, nan, 0.9116167084157132, 0.5802565173170833, 14,3, 0
0.10111088937670458, nan, 0.9116167084157132, 0.5790268033883869, 10,7, 0
0.10111088937670458, nan, 0.9116167084157132, 0.5808451910977073, 14,7, 0
0.10111088937670458, nan, 0.9116167084157132, 0.5765653569605604, 6,7, 0
0.10111088937670458, nan, 0.9116167084157132, 0.5782745808425129, 5,7, 0
0.10111088937670458, nan, 0.9116167084157132, 0.5800717683418178, 11,4, 0
0.10111088937670458, nan, 0.9116167084157132, 0.5804735475082292, 6,6, 0
0.10111088937670458, nan, 0.9116167084157132, 0.5796100478236401, 11,7, 0
0.10111088937670458, nan, 0.9116167084157132, 0.5812163232499992, 11,3, 0
0.10111088937670458, nan, 0.9116167084157132, 0.5763997032224041, 12,5, 0
0.10111088937670458, nan, 0.9116167084157132, 0.580357018423189, 6,5, 0
0.10111088937670458, nan, 0.9116167084157132, 0.5824875264230799, 2,7, 0
0.10111088937670458, nan, 0.9116167084157132, 0.5762858571584714, 7,7, 0
0.10111088937670458, nan, 0.9116167084157132, 0.5844829606061654, 5,10, 0
0.10111088937670458, nan, 0.9116167084157132, 0.5836697034774048, 4,9, 0
0.10111088937670458, nan, 0.9116167084157132, 0.580782011170069, 8,9, 0
0.10111088937670458, nan, 0.9116167084157132, 0.5772481791213265, 7,5, 0
0.10031264551320429, 2.30100164211717, 0.8920487934836254, 0.4039926472427542, 0,0, 0
0.21486063992549723, 2.165574323399088, 0.8320537111408501, 0.5408514448777771, 0,0, 0
0.6786403246191711, 120145342.55333139, 0.4713921721942472, 0.3603561110738538, 0,11, 0
0.5687487527439633, 1.986725615220402, 0.6126732358786477, 0.4435436594913472, 0,7, 0
0.6181068316370651, 1.9162148612270191, 0.5380624026060175, 0.41080948304028503, 0,6, 0
0.7165569081354354, 1.8420065095235447, 0.4641035063290696, 0.3619417117557546, 1,8, 0
0.7383090534158185, 1.7926407580658608, 0.4188360484387591, 0.3415722329995519, 1,5, 0
0.761790727067119, 1.7392484474616685, 0.383142563118985, 0.3240389619951085, 1,9, 0
0.7642519789795783, 1.6824578201747786, 0.37595835259266913, 0.3165846165638842, 0,5, 0
0.7683762389409965, 1.6316401292894254, 0.36494372663025976, 0.31139116600931227, 1,4, 0
0.7760925962881661, 1.5614583321351345, 0.3727555854817804, 0.30501317794471877, 1,10, 0
0.7820794252644183, 1.5303960218039339, 0.36791488670687117, 0.30920982044656387, 1,7, 0
0.10955897026541608, 40245.10903838703, 0.8745968948259275, 0.5785057194100603, 1,8, 0
0.7381094924499435, 1.5190593851857228, 0.40346409641348585, 0.3251595327445881, 1,8, 0
0.20747688418811946, 20770.18943085141, 0.7883635664545298, 0.5203485863154407, 1,11, 0
0.22636865562429323, 8165.44845885459, 0.7555023085478402, 0.5074918942985162, 0,8, 0
0.2085412093394532, 2749.4467056382005, 0.7963683620999277, 0.5127118231895986, 1,6, 1
0.21306459123262156, 7643.771112976805, 0.7960989270531817, 0.5215871209431602, 0,6, 0
0.22803166367325217, 5018.56976066127, 0.7698552247055329, 0.5183267240448631, 1,10, 0
0.31896494379032797, 1752.5729520297261, 0.7448931395878527, 0.5017498860901227, 1,8, 0
0.2895629614847336, 1572.9745165085765, 0.7636027509533362, 0.5127465464329041, 0,8, 0
0.2775893035322291, 946.2559709035731, 0.7906487100398444, 0.508038052851199, 1,6, 0
0.2664138894432249, 1622.5906546259396, 0.799722947615363, 0.5054412746462991, 1,9, 0
0.3439100645247123, 1246.544845689408, 0.6958692354743475, 0.4863305274258649, 1,9, 0
0.5962216457127653, 206.28704068085705, 0.4736876562993954, 0.3044944362304493, 1,6, 0
0.6042040843477683, 1607.6291566934963, 0.48296796533850866, 0.3204304503397738, 1,6, 0
0.3777023880795583, 741.1385281340199, 0.6975789443683, 0.4610160465426848, 1,8, 0
0.41269207742965475, 41806.10339779557, 0.6453122811905705, 0.45810638439344326, 0,8, 0
0.4368389543005388, 410.6576295245244, 0.6302886638059045, 0.4334481154606503, 1,11, 0
0.4758198629681368, 209.29023494765616, 0.5642719492103344, 0.4140959180611533, 0,7, 0
0.4385019623494978, 125.94472132538242, 0.5855022109765131, 0.4099162361445806, 0,6, 0
0.4820062529102641, 1681974.1806436877, 0.5741892640661317, 0.414160774583468, 1,4, 0
0.42499833699195105, 582544595.0635049, 0.6213682723027223, 0.45975706630267227, 0,6, 0
0.7381094924499435, 1.6039279418351495, 0.3999928883686692, 0.3397214747934896, 0,9, 0
0.7570677842080755, 1.539932833901107, 0.3528205568061506, 0.306693896435206, 2,7, 0
0.764385019623495, 1.4991174483203304, 0.3833017874767862, 0.3209449478085309, 1,12, 0
0.2571675646910131, 1423.858097672962, 0.7721665325324106, 0.5010695025641694, 2,7, 0
0.30765648905740706, 6140793.465959756, 0.735832768704681, 0.4764814421753771, 2,4, 0
0.36220315306326084, 1506.5503940676165, 0.6603645781993807, 0.473041209095213, 0,7, 0
0.43497638528570476, 28999.532494484018, 0.6040991497871034, 0.4217422078105548, 2,8, 0
0.4468170025942926, 1064.7088725231113, 0.5823666337582465, 0.41973552007119663, 2,7, 0
0.4032461917115679, 1472.4206903464049, 0.6434121003659966, 0.4438063838379911, 2,10, 0
0.43357945852457924, 1971.8166275521276, 0.5927898594954782, 0.420744652658787, 3,6, 0
0.4796115213197632, 2377.715007558137, 0.5930390816111708, 0.4275763724743158, 2,7, 0
0.4960420408434777, 2016.8538132110984, 0.6021563362705183, 0.4359502799385942, 2,5, 0
0.47748287101709574, 980.2303691482949, 0.6139266034284616, 0.43893092859282595, 0,8, 0
0.46437836759129913, 1266.4341133672935, 0.6314382724871745, 0.4379722254391942, 1,7, 0
0.5211202022217788, 972.3681816233449, 0.5942875920571434, 0.4194844962869869, 1,7, 0
0.5295682831104902, 804.9270518481192, 0.5573930258356115, 0.417036146035467, 0,6, 0
0.4828710170957227, 5710.726516352816, 0.589942619190785, 0.43046884809899266, 0,4, 0
0.6460453668595756, 1.6352378235554843, 0.469706654165017, 0.37394783421755007, 0,7, 0
0.24047096387946518, 3295.980429839592, 0.7962761355964932, 0.4932751897516184, 2,8, 0
0.2573006053349298, 2887.1375833011266, 0.7792923720239773, 0.4952896880234372, 2,7, 0
0.2711368323022683, 1663.2777473244896, 0.7631553841885282, 0.4847461061235901, 1,8, 0
0.2798509944788133, 871.150520562332, 0.7589443860776105, 0.498335157381385, 1,5, 0
0.31098250515532494, 1014.0701974086052, 0.7084434121796229, 0.4826543431261843, 1,4, 0
0.2632209139892237, 205465.46399235993, 0.7076696997165541, 0.484003057246019, 2,6, 0
0.38994212731989625, 1600309.2657350053, 0.6243507539578081, 0.45710773255855863, 1,9, 0
0.6588837889975387, 2.134293617702823, 0.43413681021490347, 0.33481836995496594, 0,10, 0
0.3069247655158651, 3673.609218350001, 0.7251473544923184, 0.4591580226543307, 0,10, 0
0.2956163107829442, 769.1379724382554, 0.7290500025513551, 0.456602333801565, 1,5, 0
0.35169294219384023, 794.1944528236635, 0.6811919707644275, 0.4371541991668957, 2,8, 0
0.39220381826648043, 25569604.658737056, 0.637071717471765, 0.4354010886507062, 1,9, 0
0.7049158517927226, 1.581405297287494, 0.4010902199298307, 0.3469743888162039, 0,8, 0
0.7425663540211535, 1.5646974724986744, 0.39904369774312154, 0.3375133022690818, 0,8, 0
0.7436971994944456, 1.5348205371014985, 0.3728315765310002, 0.3248909720937789, 0,6, 0
0.7552717355151999, 1.482252003080726, 0.35960080641009917, 0.3246993822707793, 0,5, 0
0.3315372846404577, 10854.119450986802, 0.6589422687797657, 0.4519699942228064, 0,10, 0
0.3628683562828444, 1311.9542429352782, 0.6343638446540871, 0.4645314102228478, 0,7, 0
0.42213796314774166, 1423.632244936363, 0.5857823827960292, 0.4329253194449569, 0,5, 0
0.4224705647575334, 1435.2498131462573, 0.6062997601773372, 0.43431583324871736, 0,4, 0
0.48845872414022484, 2260.399458246061, 0.5762641625964127, 0.41617980275474936, 0,11, 0
0.46244927825450677, 1533.0611966751571, 0.5883023238367445, 0.4263605182057992, 0,10, 0
0.4741568549191778, 648.4870149185213, 0.5908338048382665, 0.43203465746827663, 0,8, 0
0.4634470830838821, 542.7979742547615, 0.6149462575299163, 0.4240865299251022, 0,6, 0
0.45054214062396064, 439.21409038671885, 0.6271940659491471, 0.43672045958665884, 1,7, 0
0.4423601410230826, 632737140.8247625, 0.6244100039217192, 0.4444010164594531, 1,7, 0
0.6467770904011175, 1.6112907771252827, 0.45045473396913754, 0.35280358331562317, 0,7, 0
0.6725204549990021, 1.5683421331224172, 0.4283024029644352, 0.35274457716766144, 0,8, 0
0.7762256369320828, 1.4750682471247798, 0.31663352445404586, 0.29864597094466894, 0,1, 0
0.7881327745626289, 1.4125184099161006, 0.2999546653117532, 0.2846705417150137, 1,4, 0
0.7925231158118805, 1.3800180988132396, 0.2975695504266383, 0.2799821777906004, 1,9, 0
0.7926561564557972, 1.357468056621677, 0.2943660872231751, 0.2811359010155491, 0,4, 0
0.7925896361338389, 1.332706578488733, 0.2976994205565084, 0.28713633461756527, 2,8, 0
0.16909465841814675, 21019.705639237964, 0.8200904909749573, 0.5317364234822017, 1,7, 1
0.29681367657819463, 25719.27375859281, 0.7349481027959662, 0.47377926138358367, 2,9, 0
0.29874276591498705, 1116.8310703021777, 0.7039294682087881, 0.4566764778391613, 1,5, 1
0.3021353023348633, 2320.3212869591257, 0.7082545566013846, 0.46510339784470417, 2,7, 0
0.23055943590766978, 18136.12673696466, 0.7591253472383768, 0.47214204933348725, 1,10, 0
0.3337324552650835, 1128.1735093555692, 0.6619614769621512, 0.43229106749951135, 2,8, 0
0.3329342114015832, 24099783.31935594, 0.6643798421959345, 0.4321668959488251, 2,8, 0
0.5505221845273731, 2294.830395348774, 0.5001976216253005, 0.4024082360981673, 0,6, 0
0.4997006585511874, 1769.8197906584128, 0.5803552328958651, 0.4257021353036843, 1,7, 0
0.47202820461651035, 1918.0646403748492, 0.6098388279821613, 0.4388441585966728, 1,10, 0
0.4202753941329076, 918.9151454483496, 0.62532150420625, 0.4455441805865815, 2,7, 1
0.3820262090068516, 987.280260853031, 0.6494106399314211, 0.44742039971842823, 2,8, 0
0.4626488392203818, 530.6715724411612, 0.6165816978961601, 0.44765247469460595, 2,7, 0
0.387480875407437, 1167.7453536357225, 0.6988420748171431, 0.4667446731739908, 1,5, 0
0.44914521386283507, 1386219.4765268455, 0.6456229394943465, 0.4448629715617812, 0,7, 0
0.6192376771103573, 21598325.932070613, 0.5028596809991973, 0.3745950965668376, 0,6, 0
0.6918113483669261, 1.5957192140869583, 0.374566183367854, 0.32991367622957246, 0,6, 0
0.09991352358145414, 2.3021589300712253, 0.8833147674393872, 0.5472767825957177, 0,0, 0
0.29295549790460984, 2.1039286730318483, 0.7404138008951614, 0.365163792718289, 0,0, 0
0.6415219849664072, 115587.87085073686, 0.5065826524566645, 0.38291190512909346, 0,4, 0
0.5006319430586044, 51.75715036408926, 0.5641318086284978, 0.42290520416375593, 0,5, 0
0.5541808022350828, 138.43651317677802, 0.5410666119513963, 0.40191014537420905, 1,5, 0
0.6137830107097718, 51.08147749317428, 0.49741185976503205, 0.3811297578713006, 0,9, 0
0.661544601875873, 27.043793053487363, 0.46163429355726476, 0.3555497213305614, 0,9, 0
0.658950309319497, 12.864514887550357, 0.44647185826970287, 0.34520125951541486, 1,6, 0
0.7259362735315639, 5.677035212233318, 0.40529012542348525, 0.32697509082140724, 1,7, 0
0.7035854453535555, 3.529327840925314, 0.41257123207133084, 0.32416906878255697, 1,5, 0
0.7281979644781481, 3.6652609851548403, 0.44558561748380204, 0.33083027322844893, 0,8, 0
0.7331204683030665, 11.657054947838681, 0.43149629714865556, 0.3317712662367677, 0,8, 0
0.7323222244395663, 37.04476070294495, 0.40548556414631826, 0.32425236235651356, 0,8, 0
0.7426993946650702, 36.22912247279486, 0.38773389558334637, 0.31919308653904893, 0,10, 0
0.6947382425330939, 28.21543579920296, 0.4373127430541087, 0.33262046720096805, 0,8, 0
0.726867558038981, 4.709561982707565, 0.42637966210157385, 0.3214674665513002, 0,7, 0
0.7142286968668928, 10.784743531058883, 0.4303016891324575, 0.3297521123231896, 0,8, 0
0.667664471496042, 709.3617026621168, 0.45476331350232685, 0.3384674011235398, 2,5, 0
0.6516995942260361, 8018675.141661455, 0.4789516740382493, 0.3817360896312729, 1,8, 0
0.5049557639858977, 130618.92651696531, 0.6334259097945492, 0.4567288595645136, 0,9, 0
0.6180403113151067, 23476243.924474303, 0.5208023289846889, 0.3893577258454002, 7,5, 0
0.6248253841548593, 1.8383189378951685, 0.5203234279802393, 0.39812958043097446, 4,10, 0
0.6966008115479279, 1.7435081832575272, 0.4403329899208645, 0.35138163605749834, 6,6, 0
0.691611787401051, 1.6737714072611727, 0.48197500592466574, 0.37488775455977924, 6,8, 0
0.7665136699261624, 1.5523328999000292, 0.3637275870183159, 0.3191984904288054, 12,3, 0
0.7695070844142886, 1.5191136452896046, 0.37207567172264305, 0.3226020127115692, 10,8, 0
0.263087873345307, 4121625.8174898177, 0.802077529282018, 0.5408539285278258, 1,5, 0
0.7395729395330274, 1.5274690984807344, 0.3458727547087977, 0.30532033605102554, 0,5, 0
0.7820129049424599, 1.453485606639818, 0.3275506915214394, 0.2953816817825378, 0,6, 0
0.7840085146012107, 1.4299660554282214, 0.3370824424530205, 0.2981781414539551, 0,6, 0
0.7850063194305861, 1.3895357499192877, 0.3134278168455034, 0.2840061680406627, 1,5, 1
0.7901283842213797, 1.3741267543527202, 0.3189901419359617, 0.2895864789713084, 0,8, 0
0.7951839286902148, 1.3517073350562343, 0.3012953338497563, 0.2808729897150912, 0,8, 0
0.7926561564557972, 1.3248154003883577, 0.3429159763651356, 0.30046960031286163, 0,8, 0
0.7915253109825051, 1.311669780560091, 0.3072604384446225, 0.274739554782021, 0,6, 0
0.791126189050755, 1.2887985521385645, 0.3142734254576095, 0.2806845741634963, 0,8, 0
0.787600611986962, 1.2809178927870066, 0.3090561237238103, 0.2787971043646349, 1,8, 0
0.7871349697332535, 1.2512003156324112, 0.3173191107367973, 0.2843964345934065, 1,4, 1
0.7872680103771702, 1.24222698497164, 0.3162152146329012, 0.2990131417603999, 1,8, 0
0.78686888844542, 1149155469.9062097, 0.3161549285212066, 0.2799465493206817, 1,8, 0
0.7858710836160447, 25253866231.47614, 0.31429218609137527, 0.2821560107866207, 1,9, 0
0.7911927093727134, 1.200780070335345, 0.30762808550344606, 0.2821390950808519, 0,6, 0
0.7889975387480875, 1.2017354247747745, 0.34236994014003747, 0.3025110156572132, 7,6, 0
0.7889975387480875, 1.199054072623734, 0.34236994014003747, 0.30690660111362333, 6,6, 0
0.5525177941861239, 2036305477850169.2, 0.49740057130529924, 0.33811812918592904, 11,9, 0
0.7839419942792523, 2930075658758097.5, 0.31432875022628737, 0.28906076689239485, 4,6, 0
0.7889310184261292, 1.1687665908372957, 0.33302500993963396, 0.29732949653284796, 7,7, 0
0.7906605467970464, 1.1473933924062638, 0.30528315530304256, 0.2807532915965412, 6,5, 0
0.7906605467970464, 1.132674780645719, 0.30528315530304256, 0.27816981525906237, 7,5, 0
0.7907935874409632, 1.142579215927462, 0.30028315530304256, 0.28045065575374634, 7,8, 0
0.7907270671190049, 1.1406510105012246, 0.30194982196970926, 0.27875663611247126, 13,3, 0
0.7901283842213797, 1.123270802016463, 0.3132373855388262, 0.2793176502234297, 9,7, 0
0.7887979777822125, 1.1262928849995744, 0.31067436032874224, 0.28505384677072565, 7,5, 0
0.7856050023282113, 17322214794051.395, 0.30993211165977885, 0.2899004207350584, 7,5, 0
0.7838089536353356, 1.592075464326203e+16, 0.3099399314732197, 0.29590850760637644, 8,8, 0
0.7872680103771702, 1.119773765558164, 0.309292246507604, 0.2918374900172805, 10,8, 0
0.785738042972128, 1.1122519264536284, 0.30169586570508633, 0.2846488365609597, 4,5, 0
0.7887979777822125, 1918801749890158.8, 0.30735535364297334, 0.28621344256696213, 3,6, 0
0.7888644981041708, 1.093239701903208, 0.3073410269954089, 0.28503652832980286, 10,5, 0
0.7879332135967538, 1.0898893981198625, 0.3019751733368723, 0.281911892608678, 11,6, 0
0.7879332135967538, 1.0919494930939, 0.3019751733368723, 0.28015989992731194, 6,8, 0
0.7878666932747954, 1.0823727462772543, 0.30530850667020565, 0.2817196703962206, 6,6, 0
0.7879332135967538, 1.0905119508275893, 0.30280850667020565, 0.28202275533137483, 4,6, 0
0.7878666932747954, 1.1086869302556948, 0.30530850667020565, 0.28084916184808617, 5,7, 0
0.7725670192243731, 1.1200314295306373, 0.3105121265797079, 0.28186681748935305, 4,8, 0
0.789463181001796, 1.084968537911956, 0.29538203608197033, 0.2782570836601111, 8,4, 0
0.789263620035921, 1.0915909066983644, 0.30371536941530364, 0.28332287360223624, 11,6, 0
0.789263620035921, 1.0746368727700852, 0.30371536941530364, 0.281603243529594, 8,6, 0
0.789463181001796, 1.074386222455902, 0.29538203608197033, 0.2803905987530152, 7,5, 0
0.7853389210403778, 1.060821150032993, 0.30342772136115814, 0.28119921412251847, 9,6, 0
0.7810151001130845, 1.0598377073012049, 0.3121901948616614, 0.2852771052485707, 7,6, 0
0.7811481407570012, 1.0517218735341376, 0.30552352819499473, 0.28366302405193794, 5,9, 0
0.7809485797911262, 1.055244854486166, 0.3131901948616614, 0.28060286329470335, 8,7, 0
0.7810816204350429, 1.0540682590535413, 0.30652352819499473, 0.2868941476060954, 6,6, 0
0.7798177343178341, 28215733081875.035, 0.3112717911890363, 0.29045576030938136, 9,8, 0
0.7799507749617508, 1.037341878091687, 0.31115767453645815, 0.29224504167007, 4,8, 0
0.7800172952837092, 1.0437978874922478, 0.31106058715781737, 0.28959613549001806, 4,8, 0
0.7846737178207942, 1.0536659266942177, 0.30712800288815445, 0.2849744486324337, 10,7, 0
0.7846737178207942, 1.0598172767842762, 0.30712800288815445, 0.2817972591090504, 15,6, 0
0.7828776691279186, 1.0517821643782286, 0.30079832000849765, 0.281155802992658, 9,7, 0
0.7852724007184195, 208183306986542.6, 0.29856434169641416, 0.27805258205265077, 10,6, 0
0.10111088937670458, nan, 0.9116167084157132, 0.5796329219413502, 6,8, 0
0.10111088937670458, nan, 0.9116167084157132, 0.5816042620267993, 6,8, 0
0.10111088937670458, nan, 0.9116167084157132, 0.5825648837927245, 10,9, 0
0.10111088937670458, nan, 0.9116167084157132, 0.5782776438694018, 9,7, 0
0.10111088937670458, nan, 0.9116167084157132, 0.5805543924842193, 10,6, 0
0.10111088937670458, nan, 0.9116167084157132, 0.580211884940313, 6,10, 0
0.10111088937670458, nan, 0.9116167084157132, 0.5831551569471742, 7,7, 0
0.10111088937670458, nan, 0.9116167084157132, 0.5783469931796184, 6,6, 0
0.10111088937670458, nan, 0.9116167084157132, 0.5777213968853071, 12,5, 0
0.10111088937670458, nan, 0.9116167084157132, 0.5790953552244711, 3,7, 0
0.10111088937670458, nan, 0.9116167084157132, 0.5816808905587567, 10,6, 0
0.10111088937670458, nan, 0.9116167084157132, 0.5808791872656541, 5,7, 0
0.10111088937670458, nan, 0.9116167084157132, 0.5802554718563331, 4,10, 0
0.10111088937670458, nan, 0.9116167084157132, 0.5817170749360845, 3,6, 0
0.10111088937670458, nan, 0.9116167084157132, 0.5825901521429018, 11,4, 0
0.10111088937670458, nan, 0.9116167084157132, 0.5836283414709943, 9,5, 0
0.10111088937670458, nan, 0.9116167084157132, 0.5799313572891984, 9,6, 0
0.10111088937670458, nan, 0.9116167084157132, 0.5805745051060066, 8,6, 0
0.10111088937670458, nan, 0.9116167084157132, 0.5882706097605651, 12,6, 0
0.10111088937670458, nan, 0.9116167084157132, 0.5840653291779482, 9,7, 0
0.08780682498503292, 2.3024564685756825, 0.9106878689155893, 0.3545783445172759, 0,0, 0
0.24885252444621833, 2.180875247723644, 0.7839831791684843, 0.41461676575758355, 0,0, 0
0.6284174815406106, 42749696.39211578, 0.48550419998302424, 0.39182591173548686, 0,8, 0
0.7113683230226834, 2.029360398429125, 0.47370141835293383, 0.3534958243772307, 0,6, 0
0.7539413290760327, 1.8894848542394875, 0.424238840988952, 0.33532859257155545, 0,9, 0
0.7724339785804564, 1.8163401770875625, 0.39241144769805203, 0.31953963311935557, 0,7, 0
0.7678440763653296, 1.7380733787874687, 0.4070716230262104, 0.3225481900337839, 1,7, 0
0.7752278321027074, 1.6408656987214227, 0.385469958830885, 0.3154442953759277, 1,3, 0
0.7810151001130845, 1.5922765430923644, 0.36603828835082736, 0.30038444729027947, 0,5, 0
0.7902614248652964, 1.5494367832927927, 0.3534490918330594, 0.29650735499758446, 1,5, 0
0.22397392403379232, 19103.786788444086, 0.7983009471508083, 0.5415788551179219, 1,11, 0
0.17574669061398257, 3514.680275005502, 0.8371416903427134, 0.5626770710224032, 1,9, 0
0.2847734983037318, 2383.564590317962, 0.7302639966341097, 0.5142863927595088, 1,8, 0
0.19650103106499037, 787.2860352188767, 0.8346322857079207, 0.5512900764994364, 0,5, 0
0.38415485930951904, 2879.430031619592, 0.6903058811550529, 0.491828290593989, 1,10, 0
0.39745892370119074, 4198.445053132052, 0.7143851492535919, 0.4923414720500582, 0,9, 0
0.3134437570677842, 538.9626515873383, 0.7623975790682083, 0.5096656207736734, 1,4, 1
0.3339985365529169, 304.38067309148767, 0.7704217779808633, 0.5024815502460398, 0,5, 0
0.43717155591033063, 2379.2241687277615, 0.633343494611599, 0.4403718352852716, 1,7, 0
0.3580788931018426, 2598.172118470712, 0.7077398765869541, 0.4616799268610552, 1,10, 0
0.2986097252710703, 1433.145944548519, 0.7379315407755882, 0.4688451847170682, 1,8, 0
0.3032661478081554, 855.9883145220557, 0.7317551752850093, 0.4729437154154708, 0,7, 0
0.3230226834297878, 651.9386872644942, 0.7178742723937238, 0.4629735559772466, 0,8, 0
0.2691412226435176, 478.5930162083561, 0.7595366851681703, 0.47594531087505565, 0,5, 0
0.367990421073638, 385.6967696453579, 0.7307286851462576, 0.4648521951919974, 1,9, 0
0.3387879997339187, 709.1870132684311, 0.7140141415035863, 0.46334939473697007, 1,11, 0
0.42420009312845075, 341.16911297036546, 0.6584319209078779, 0.44212148341675284, 0,6, 0
0.5316304130911994, 278.80782869843557, 0.5709114391230845, 0.41259650574207557, 0,6, 0
0.49550987826781084, 228.77285662521095, 0.5752275687638666, 0.4116166813670005, 1,8, 0
0.4304530033925364, 34062.42718321462, 0.5854976855573375, 0.41141541027953765, 2,5, 0
0.42380097119670057, 125.4789464276676, 0.6025142445556174, 0.40846757253845967, 2,6, 0
0.4887913257500166, 120.44698564651125, 0.5769549445451829, 0.40313473644394376, 0,9, 0
0.5275726734517395, 96.18733296377273, 0.5403668441880761, 0.38378755401592435, 2,5, 0
0.5454666400585378, 90.29340002286582, 0.569884256405814, 0.3864147396499866, 0,8, 0
0.5219849664072375, 70.10037350284901, 0.5656243794698149, 0.3859542571069705, 2,6, 0
0.5127386416550256, 61.825588118041765, 0.5711949037953941, 0.38253872100859726, 2,8, 0
0.5740703785006319, 55.459809855777, 0.5286996026141195, 0.3768489658394295, 2,9, 0
0.518193308055611, 7080507.536305091, 0.6124829792836417, 0.43246555484253213, 2,6, 0
0.4668396195037584, 1.6846206681730385, 0.6020147271490442, 0.43104403252443413, 0,7, 0
0.28543870152331535, 1834695.4957429974, 0.6812528393427673, 0.46262473489778777, 0,8, 0
0.3935342247056476, 33871.09075299213, 0.5612512989148568, 0.4150200131315794, 0,6, 0
0.4030466307456928, 815.4164644584962, 0.5416046073962888, 0.4053619994156298, 0,8, 0
0.3997871349697332, 1156.820455096104, 0.5656294020378398, 0.4159542487845419, 0,7, 0
0.4073039313510277, 274.8364874369675, 0.583282401715335, 0.41379722237147065, 0,5, 0
0.3751080955231823, 155.92859878086892, 0.6190907083575599, 0.4280746444291425, 1,7, 0
0.38781347701722874, 159.68683582386754, 0.5898399693045195, 0.4197100499015698, 1,8, 0
0.42559701988957627, 109.40657519677902, 0.5836500033231481, 0.3911666618872561, 1,5, 0
0.5382159249650769, 301.36202059084803, 0.49957526370915273, 0.3726072685825851, 1,5, 0
0.5346903479012839, 202.57956952246568, 0.5053168431247345, 0.37529201856256755, 1,8, 0
0.5096787068449411, 280.63177979923125, 0.5309064585608368, 0.38367584644772523, 0,6, 0
0.4703651965675514, 64149.8712826787, 0.5591783465895585, 0.3970134451476349, 1,6, 0
0.5823854187454267, 476.55077541412044, 0.4805371554027704, 0.3863782199024752, 2,5, 0
0.5912991418878467, 443.69768862077234, 0.4765805200568687, 0.3779941834111725, 0,4, 0
0.5809884919843012, 467.5537948472073, 0.4971072958110887, 0.3717564908046283, 1,9, 0
0.6148473358611055, 3834225.6873378186, 0.4897058875199295, 0.3702553562531586, 2,7, 0
0.561830639260294, 12144.606593806562, 0.539238442047823, 0.415511094290454, 2,6, 0
0.5000332601609792, 157591.66663733323, 0.63424035434095, 0.43775403300044835, 0,10, 0
0.6375972859708641, 60395025.95425996, 0.48180474328536854, 0.37628626292291734, 0,5, 0
0.6163773032661478, 695.3894563470675, 0.4909875163146863, 0.3849503187884505, 1,7, 0
0.5591033060600014, 797.6521078921232, 0.5244541778977818, 0.40167826433281134, 0,9, 0
0.48666267544734915, 329.75736108859746, 0.577862926357886, 0.4196771620393834, 0,6, 0
0.6033393201623096, 91.57527909241604, 0.5137806810382616, 0.39697379526510573, 1,5, 0
0.4073039313510277, 169.9336552621333, 0.6038785758990438, 0.43219681073288835, 0,7, 0
0.5444688352291626, 109.06574427761254, 0.5433758216716837, 0.39391132494100006, 0,5, 0
0.5678839885585046, 465.66952494898663, 0.5423307439508186, 0.3963441459748349, 0,8, 0
0.6053349298210603, 309.71558136174986, 0.48267692976246146, 0.37373278531071663, 0,8, 0
0.5994146211667665, 398.334444423259, 0.4877685130770732, 0.3679145669326712, 0,7, 0
0.6146477748952305, 606.5316229934308, 0.46339108288835257, 0.3635065643622478, 0,6, 0
0.6230293354619837, 197.15018942725473, 0.4853146303155934, 0.37570688432547766, 0,7, 0
0.5725404110955897, 216.53346162260019, 0.5289126203289696, 0.3812164454796645, 0,4, 0
0.5845140690480942, 219.01099961629885, 0.5157003964111726, 0.3816280659860222, 1,7, 0
0.5473957293953303, 185.54247035473486, 0.5369075383083345, 0.38492700636466515, 0,6, 0
0.5720747688418812, 4541580.013723181, 0.5135845594197235, 0.37360576761818165, 0,7, 0
0.3967272001596488, 1.8751816362021634, 0.6399999893865163, 0.441371910946957, 1,7, 0
0.42360141023082554, 1.798010555118459, 0.6101252341599782, 0.4340705975657475, 1,7, 0
0.5285704782811149, 1.7041503008944954, 0.5501797068230253, 0.41149853786429635, 1,8, 0
0.5962216457127653, 1.6511121900552825, 0.48115320225726804, 0.3714145168955488, 1,4, 0
0.5999467837424333, 1.6219291811589511, 0.4817438806144439, 0.371301106751356, 1,6, 0
0.6209006851593162, 1.600802452619114, 0.44858681330206274, 0.3546545112279374, 1,7, 0
0.6291492050821526, 1.5693586572815397, 0.4362928047895668, 0.3491445217819693, 1,5, 0
0.23987228098183996, 28507.772364080272, 0.7283064930999998, 0.47076337667901347, 0,11, 0
0.2983436439832369, 75259.54208518511, 0.683043719479382, 0.4714665217176184, 1,11, 0
0.3694538681567219, 56626.407779103436, 0.6520153955036299, 0.4605679311309081, 0,8, 0
0.10343910064524713, 17726.23993235999, 0.8874213009379117, 0.570308833688853, 0,9, 0
0.718352956828311, 1.4923098108057236, 0.4036730948066439, 0.32234284492308807, 0,6, 0
0.7243397858045633, 1.426343851484324, 0.4011249403467248, 0.32233507670326134, 0,5, 0
0.7746291492050822, 1.40025479800398, 0.36308878532527555, 0.30601686551287105, 0,7, 0
0.7769573604736247, 1.3722166885150207, 0.3613632397137196, 0.29828473902318425, 0,9, 0
0.7787534091665004, 1.352856888830848, 0.36509835605802815, 0.3044483177991464, 0,9, 0
0.28357613250848135, 433.6476331879787, 0.6886030867549721, 0.4552913538957595, 0,10, 0
0.351094259296215, 493.232810492185, 0.6426234919984988, 0.4425541466770153, 0,6, 0
0.418678906405907, 774507.5885183474, 0.5820906736164045, 0.411915965959476, 0,7, 0
0.4245326947382425, 741761.5407997023, 0.5941711795334604, 0.42173115307036907, 1,6, 0
0.42306924765515863, 658.3397861309635, 0.5781224587914725, 0.41253166095104665, 0,9, 0
0.4854653096520987, 1505.6411834996534, 0.5347049224618923, 0.39244253863958534, 0,12, 0
0.5420741036386616, 1382.823016115528, 0.5393686064932284, 0.3881844383255049, 0,9, 0
0.4581919776491718, 1723.2176582700013, 0.5938897962378199, 0.40795802119581615, 0,6, 0
0.49497771569214394, 2094.43820847806, 0.5695307395436573, 0.40127560450398375, 0,7, 0
0.5124060400452338, 1602.9588592229234, 0.5590893484436106, 0.40494199045809814, 1,6, 1
0.49145213862835097, 1246.605044283821, 0.5315920060663842, 0.39038173455615366, 0,6, 0
0.4737577329874277, 1068.2439197861715, 0.5651877047551572, 0.41376269551817485, 1,10, 0
0.0919976052684095, 2.3028671472822606, 0.9201835129356865, 0.5013154475939702, 0,0, 0
0.26820993813610056, 2.121953354214572, 0.7625854643765833, 0.36207699669579546, 0,0, 0
0.5896361338388878, 12219465.844054937, 0.5432085504541899, 0.39591011087969646, 0,5, 0
0.738774695669527, 2.0623275790157125, 0.41917284815880945, 0.34060169947773977, 0,6, 0
0.7466240936606133, 1.944283140290087, 0.4316410316504931, 0.34389542905693965, 1,6, 0
0.7597285970864099, 1.8575474368687726, 0.4210946760789323, 0.32651269301337293, 2,6, 0
0.2756602141954367, 2617.598617596659, 0.7225645397490343, 0.489992335895262, 2,7, 0
0.3735781281181401, 2924.2973425942632, 0.6464962051458049, 0.44513274597472546, 2,5, 0
0.35049557639858975, 647.4491038379462, 0.6624213988366853, 0.4471768142123782, 0,5, 0
0.33892104037783544, 657.568874743855, 0.6637664529234878, 0.45992409635477316, 1,4, 0
0.4332468569147875, 728.3991631560718, 0.6160184810055079, 0.4366776257481255, 1,8, 0
0.3922703385884388, 994.8808132098803, 0.6754777137197299, 0.44785448470370326, 1,8, 0
0.3349963413822923, 3541.2434939354325, 0.724797939383067, 0.46008514464871014, 0,6, 0
0.3268808621033726, 3547.589192966708, 0.7292710882342704, 0.46586789957539737, 0,9, 0
0.3070578061597818, 513.5560649134089, 0.7646628851157081, 0.47186726974593385, 0,7, 0
0.32455265083483004, 630.6843956632068, 0.7640451678249562, 0.47412208951993534, 1,8, 0
0.3069247655158651, 1531.0610729331845, 0.7768784090698974, 0.48533395393768275, 2,4, 0
0.29315505887048493, 159738234.52764484, 0.7594647677663632, 0.47817089925487793, 0,4, 0
0.6954699660746358, 1.612309743795163, 0.4295275923084532, 0.34162828377124277, 0,5, 0
0.7156256236280184, 10225.889667034915, 0.39575718660620424, 0.3182082645007871, 1,4, 0
0.1313776358677576, 1972183.7862547245, 0.8832058663642407, 0.5648160111330311, 0,7, 0
0.26741169427260025, 1437.3534706591258, 0.7841692891478744, 0.5176816794374567, 0,7, 0
0.44748220581387615, 2493.714705242968, 0.6048991006820776, 0.4390107440081088, 0,9, 0
0.4776824319829708, 1018.0027324116123, 0.6115522768158228, 0.41753428352979355, 0,8, 0
0.46836958690880065, 993.0061170689274, 0.5647130713412536, 0.3955672165188922, 1,7, 0
0.5424067052484534, 595.1849008534813, 0.5416050751918356, 0.37427340624285754, 2,8, 0
0.5153994545333599, 262.68215858266905, 0.5793388787828949, 0.388498242684229, 1,4, 0
0.518925031597153, 470.14697179656014, 0.5746074488612473, 0.39250539213703756, 0,7, 0
0.5718086875540478, 180.27520319765156, 0.5078277013403, 0.36675217163234936, 0,5, 0
0.5801237277988426, 145.077631040997, 0.47423564540093344, 0.350807821613754, 1,9, 0
0.5459322823122464, 99.1166385305531, 0.5565003470417319, 0.37919998252913706, 1,4, 0
0.5372846404576598, 137.780883042905, 0.5781688980322998, 0.3871961390842673, 1,7, 0
0.4386350029934145, 16363.236974518437, 0.6422909738863486, 0.40383565482598127, 1,6, 0
0.5996807024545999, 1.8050739553212516, 0.49676886122581626, 0.3861976139642873, 6,7, 0
0.6552916916117874, 1.743659149829851, 0.4160346063362472, 0.337771135450674, 0,9, 0
0.7250715093461052, 1.6831660201909466, 0.36157705628446307, 0.3118088672240351, 1,8, 0
0.7275992815805229, 1.5985575106917032, 0.35429485742448125, 0.304987159987513, 1,8, 0
0.7332535089469833, 1.5549554571312107, 0.3416234060688192, 0.3043655768557931, 0,5, 0
0.7742965475952903, 1.5082838226828137, 0.33221845817131984, 0.2968820832179481, 1,4, 1
0.7835428723475022, 1.4596918884793386, 0.3277641652181835, 0.29823306302492975, 1,9, 0
0.7915253109825051, 1.3935926710624367, 0.33310704117453627, 0.28235596657456774, 0,5, 0
0.7807490188252512, 80257494.15023626, 0.3173818824449564, 0.29565596156408624, 0,5, 0
0.7909266280848799, 1.3359574507358172, 0.3039895314435139, 0.278617329046567, 0,6, 0
0.13969267611255237, 11076.032743409018, 0.8298828222834438, 0.5473537505923095, 0,8, 0
0.7683762389409965, 1.3183710640366346, 0.35206181777431433, 0.31832837453396623, 1,8, 0
0.3616044701656356, 251.86697700806494, 0.6897234151523545, 0.47317380080048493, 0,9, 0
0.2737976451806027, 2953.3712203503446, 0.748913111122947, 0.5014715002341495, 0,7, 0
0.323421805361538, 3192.3823176058977, 0.7156615430938654, 0.4711244647233642, 0,10, 0
0.3316703252843744, 1307.9976851693457, 0.692523838643088, 0.4651414505392219, 0,7, 0
0.30566087939865627, 24666.359330824, 0.7254596193968327, 0.469305681040265, 1,8, 0
0.35082817800838156, 1015757.1013164903, 0.7083412547117456, 0.45899032498477527, 4,7, 0
0.7506818333000732, 19119434.842621107, 0.37214698179732536, 0.31173328357858227, 5,8, 0
0.7704383689217056, 26646672.102692205, 0.3530583738379307, 0.30596082395977714, 2,3, 0
0.5838488658285106, 31829039636950.61, 0.5368146592933397, 0.35542547426158344, 7,8, 0
0.7624559302867026, 2.8245246723684254e+20, 0.36171060840134117, 0.2986235888062355, 0,7, 0
0.10111088937670458, nan, 0.9116167084157132, 0.5812049467682937, 7,8, 0
0.10111088937670458, nan, 0.9116167084157132, 0.5823481685796442, 3,7, 0
0.10111088937670458, nan, 0.9116167084157132, 0.5813344194855466, 8,10, 0
0.10111088937670458, nan, 0.9116167084157132, 0.579985682620527, 3,10, 0
0.10111088937670458, nan, 0.9116167084157132, 0.5844806990514769, 9,7, 0
0.10111088937670458, nan, 0.9116167084157132, 0.5804454063560355, 4,7, 0
0.10111088937670458, nan, 0.9116167084157132, 0.5792276742911446, 7,5, 0
0.10111088937670458, nan, 0.9116167084157132, 0.5797233659663654, 3,8, 0
0.10111088937670458, nan, 0.9116167084157132, 0.5814960841813732, 6,9, 0
0.10111088937670458, nan, 0.9116167084157132, 0.5787966940167579, 2,10, 0
0.10111088937670458, nan, 0.9116167084157132, 0.58289354568832, 8,7, 0
0.10111088937670458, nan, 0.9116167084157132, 0.5789742919885427, 9,10, 0
0.10111088937670458, nan, 0.9116167084157132, 0.5807355471996646, 3,4, 0
0.10111088937670458, nan, 0.9116167084157132, 0.5777034595979312, 8,4, 0
0.10111088937670458, nan, 0.9116167084157132, 0.5809646577722711, 12,7, 0
0.10111088937670458, nan, 0.9116167084157132, 0.5811674535710641, 9,8, 0
0.10111088937670458, nan, 0.9116167084157132, 0.5803249316416175, 9,10, 0
0.10111088937670458, nan, 0.9116167084157132, 0.5796643634684548, 9,11, 0
0.10111088937670458, nan, 0.9116167084157132, 0.5826389952243393, 12,10, 0
0.10111088937670458, nan, 0.9116167084157132, 0.578702435823033, 13,7, 0
0.10111088937670458, nan, 0.9116167084157132, 0.5796615397483326, 11,7, 0
0.10111088937670458, nan, 0.9116167084157132, 0.5808287870158599, 4,7, 0
0.10111088937670458, nan, 0.9116167084157132, 0.5810002977926946, 12,2, 0
0.10111088937670458, nan, 0.9116167084157132, 0.5812568206858382, 5,7, 0
0.10111088937670458, nan, 0.9116167084157132, 0.576507573146413, 9,5, 0
0.10111088937670458, nan, 0.9116167084157132, 0.5779737155497169, 6,8, 0
0.10111088937670458, nan, 0.9116167084157132, 0.5765979729735358, 12,10, 0
0.10111088937670458, nan, 0.9116167084157132, 0.5802776563744292, 14,2, 0
0.10111088937670458, nan, 0.9116167084157132, 0.5807368105004982, 6,5, 0
0.10111088937670458, nan, 0.9116167084157132, 0.5791495737072464, 7,8, 0
0.10111088937670458, nan, 0.9116167084157132, 0.582361837952233, 12,7, 0
0.10111088937670458, nan, 0.9116167084157132, 0.5819471471940085, 11,7, 0
0.10111088937670458, nan, 0.9116167084157132, 0.5841009319512318, 7,9, 0
0.10111088937670458, nan, 0.9116167084157132, 0.5813835019793386, 13,3, 0
0.10111088937670458, nan, 0.9116167084157132, 0.5811620030498179, 6,6, 0
0.10111088937670458, nan, 0.9116167084157132, 0.5788733702697464, 4,10, 0
0.10111088937670458, nan, 0.9116167084157132, 0.581806507143234, 8,8, 0
0.10111088937670458, nan, 0.9116167084157132, 0.5761135922706364, 11,8, 0
0.10111088937670458, nan, 0.9116167084157132, 0.5803582276652356, 7,7, 0
0.10111088937670458, nan, 0.9116167084157132, 0.5840456087269984, 7,4, 0
0.10111088937670458, nan, 0.9116167084157132, 0.5810630797518342, 9,7, 0
0.10111088937670458, nan, 0.9116167084157132, 0.5777487440077623, 6,6, 0
0.10111088937670458, nan, 0.9116167084157132, 0.5824999051912918, 7,7, 0
0.10111088937670458, nan, 0.9116167084157132, 0.5840253332348702, 7,7, 0
0.10111088937670458, nan, 0.9116167084157132, 0.578234724730185, 4,6, 0
0.10111088937670458, nan, 0.9116167084157132, 0.5779103923403862, 5,7, 0
0.11022417348499967, 2.30467806734392, 0.8778983127582903, 0.34227132662706866, 0,0, 0
0.18579125922969467, 2.202927822323844, 0.8355042097081764, 0.5456346118154747, 0,0, 0
0.6754473491651699, 4078174.0394841908, 0.4665398998262117, 0.3785698163950037, 0,4, 0
0.720947249384687, 2.0572192298353356, 0.4864706664281124, 0.3730315654625098, 0,9, 0
0.7369786469766514, 1.9714201352699847, 0.4335603971837936, 0.3483043373153734, 1,6, 0
0.7387081753475687, 1.861091032694622, 0.4274143031743192, 0.33838001887876085, 1,10, 0
0.2901616443823588, 1640.0675740612517, 0.7448422291193378, 0.5045902519502594, 1,8, 0
0.3333333333333333, 805.2186818176488, 0.682718780202365, 0.47771738051487717, 0,9, 0
0.3419809751879199, 690.6526292223484, 0.6881929958816072, 0.48141768864235523, 0,12, 0
0.37397725004989024, 345.9076750233139, 0.6540176768478837, 0.46040394414627506, 0,7, 0
0.4126255571076964, 173.20427518020549, 0.6386411486072178, 0.4381472455600352, 0,5, 0
0.45845805893700525, 196.56555935412445, 0.594445617334053, 0.4287584296668738, 0,7, 0
0.43856848267145615, 171.66738269922698, 0.596412840198744, 0.4190097079773744, 0,6, 0
0.4369054746224972, 156.8306475844305, 0.6213599687092592, 0.4283763476060037, 1,9, 0
0.3808953635335595, 131.2824500596651, 0.628212710413653, 0.4394522410678509, 1,9, 0
0.3711833965276392, 105.96072195475247, 0.6154368343174075, 0.44243296997914755, 0,9, 0
0.4450209539014169, 63.48663683950605, 0.587404886961413, 0.4220785862701998, 0,4, 0
0.4025809884919843, 47.201280989945005, 0.5860548178697264, 0.4204011388229697, 0,3, 0
0.4657087740304663, 43.88402606319004, 0.5679910173561753, 0.4213457393448548, 0,6, 0
0.46351360340584047, 47.3170989727392, 0.6181016460256505, 0.43495529358112833, 0,8, 0
0.37597285970864097, 3297.7770627748328, 0.6924199397677436, 0.4496086384400555, 1,9, 0
0.4164172154593228, 18069302.77319448, 0.6307240468020927, 0.4513840616358921, 0,10, 0
0.5302334863300738, 1.6801086334189612, 0.5791466834800897, 0.4201148484788224, 0,5, 0
0.6152464577928557, 1.6184710800302788, 0.5145441563104414, 0.3985179330259739, 0,7, 0
0.6509013503625357, 1.5835175592439155, 0.4921393307438511, 0.37526753259668366, 0,6, 0
0.6787733652630878, 1.517009615735075, 0.47877881831458025, 0.35860087812920627, 1,7, 0
0.7340517528104836, 1.450032949444906, 0.4554420979899811, 0.35168762335562465, 1,9, 0
0.21020421738841216, 42.3501486456376, 0.8425810737967171, 0.5274201636868974, 0,3, 0
0.20195569746557573, 113.25535867950899, 0.841202710015393, 0.5299240306789358, 1,4, 0
0.23248852524446217, 1134.786552424029, 0.8120714641375233, 0.5315835424086803, 1,6, 0
0.2539080689150536, 1087.0816728643558, 0.7937056020406347, 0.5223089988032836, 0,8, 0
0.2812479212399388, 749.2040975275183, 0.792033579236659, 0.4874632922374712, 0,7, 0
0.2774562628883124, 586.701263416958, 0.8029601450551342, 0.49660716105815644, 0,7, 0
0.32009578926362003, 355.14406521916527, 0.7361442434284392, 0.4680247686626089, 0,6, 0
0.43903412492516464, nan, 0.6263473799858993, 0.4070245768443156, 2,9, 1
0.10111088937670458, nan, 0.9116167084157132, 0.5820700092414157, 2,7, 0
0.10111088937670458, nan, 0.9116167084157132, 0.58067321332098, 6,9, 0
0.10111088937670458, nan, 0.9116167084157132, 0.5784949120752616, 10,7, 0
0.10111088937670458, nan, 0.9116167084157132, 0.5863689457082858, 7,6, 0
0.10111088937670458, nan, 0.9116167084157132, 0.5821848064458636, 10,7, 0
0.10111088937670458, nan, 0.9116167084157132, 0.5826079891942275, 4,11, 0
0.10111088937670458, nan, 0.9116167084157132, 0.5829529646129197, 5,5, 0
0.10111088937670458, nan, 0.9116167084157132, 0.5757716113946866, 5,8, 0
0.10111088937670458, nan, 0.9116167084157132, 0.5786581265847022, 10,5, 0
0.10111088937670458, nan, 0.9116167084157132, 0.5834676595819048, 10,6, 0
0.10111088937670458, nan, 0.9116167084157132, 0.5815056915701232, 9,5, 0
0.10111088937670458, nan, 0.9116167084157132, 0.5786925019722974, 7,8, 0
0.10111088937670458, nan, 0.9116167084157132, 0.5790570726673139, 6,9, 0
0.10111088937670458, nan, 0.9116167084157132, 0.5799517804218935, 5,7, 0
0.10111088937670458, nan, 0.9116167084157132, 0.5773334417945237, 6,5, 0
0.10111088937670458, nan, 0.9116167084157132, 0.5813481999614843, 6,10, 0
0.10111088937670458, nan, 0.9116167084157132, 0.5809567275295732, 5,9, 0
0.10111088937670458, nan, 0.9116167084157132, 0.5829015868357126, 8,4, 0
0.10111088937670458, nan, 0.9116167084157132, 0.5822326395690586, 4,9, 0
0.10111088937670458, nan, 0.9116167084157132, 0.5801771300568852, 7,6, 0
0.10111088937670458, nan, 0.9116167084157132, 0.5830259163953013, 6,6, 0
0.10111088937670458, nan, 0.9116167084157132, 0.5767267144587784, 10,7, 0
0.10111088937670458, nan, 0.9116167084157132, 0.5833522330518537, 9,9, 0
0.10111088937670458, nan, 0.9116167084157132, 0.583456254649332, 4,8, 0
0.10111088937670458, nan, 0.9116167084157132, 0.5813551930752338, 14,7, 0
0.10111088937670458, nan, 0.9116167084157132, 0.585271189886541, 8,9, 0
0.10111088937670458, nan, 0.9116167084157132, 0.5779152064445015, 7,12, 0
0.10111088937670458, nan, 0.9116167084157132, 0.5791833343070961, 4,8, 0
0.10111088937670458, nan, 0.9116167084157132, 0.5865190843041874, 11,7, 0
0.10111088937670458, nan, 0.9116167084157132, 0.5811702434481412, 3,4, 0
0.10111088937670458, nan, 0.9116167084157132, 0.581333733019421, 5,6, 0
0.10111088937670458, nan, 0.9116167084157132, 0.581080919355072, 10,3, 0
0.10111088937670458, nan, 0.9116167084157132, 0.5791876575942119, 2,7, 0
0.10111088937670458, nan, 0.9116167084157132, 0.5826529011876468, 8,10, 0
0.10111088937670458, nan, 0.9116167084157132, 0.5855249030408463, 12,7, 0
0.10111088937670458, nan, 0.9116167084157132, 0.582637949807052, 9,7, 0
0.10111088937670458, nan, 0.9116167084157132, 0.5782594160998034, 6,6, 0
0.10111088937670458, nan, 0.9116167084157132, 0.580989979782589, 9,6, 0
0.10111088937670458, nan, 0.9116167084157132, 0.580292782190023, 8,7, 0
0.10111088937670458, nan, 0.9116167084157132, 0.5791930402937274, 7,6, 0
0.10111088937670458, nan, 0.9116167084157132, 0.5776213867197375, 11,7, 0
0.10111088937670458, nan, 0.9116167084157132, 0.5766885311539803, 8,3, 0
0.10111088937670458, nan, 0.9116167084157132, 0.5796294968558535, 9,7, 0
0.10111088937670458, nan, 0.9116167084157132, 0.5799012286548658, 13,9, 0
0.10111088937670458, nan, 0.9116167084157132, 0.5810767773631871, 9,4, 0
0.10111088937670458, nan, 0.9116167084157132, 0.5794662064437098, 10,5, 0
0.10111088937670458, nan, 0.9116167084157132, 0.5788506928187132, 9,6, 0
0.10111088937670458, nan, 0.9116167084157132, 0.5806677588264988, 3,8, 0
0.10111088937670458, nan, 0.9116167084157132, 0.5783833696547641, 12,6, 0
0.10111088937670458, nan, 0.9116167084157132, 0.5844671103025785, 8,7, 0
0.10111088937670458, nan, 0.9116167084157132, 0.582045069014277, 4,7, 0
0.10111088937670458, nan, 0.9116167084157132, 0.5787698468246418, 9,7, 0
0.10111088937670458, nan, 0.9116167084157132, 0.5794275516434655, 9,7, 0
0.10111088937670458, nan, 0.9116167084157132, 0.579754488662118, 7,14, 0
0.10111088937670458, nan, 0.9116167084157132, 0.5782508021564413, 3,9, 0
0.10111088937670458, nan, 0.9116167084157132, 0.5843235742888438, 9,8, 0
0.10111088937670458, nan, 0.9116167084157132, 0.5838003789359707, 9,9, 0
0.10111088937670458, nan, 0.9116167084157132, 0.5836257973044136, 6,6, 0
0.10111088937670458, nan, 0.9116167084157132, 0.5785848009638228, 5,5, 0
0.10111088937670458, nan, 0.9116167084157132, 0.5820014881667873, 8,8, 0
0.10111088937670458, nan, 0.9116167084157132, 0.5807998775578994, 6,10, 0
0.10111088937670458, nan, 0.9116167084157132, 0.5810118345006062, 5,6, 0
0.10111088937670458, nan, 0.9116167084157132, 0.5806392491578369, 10,8, 0
0.10111088937670458, nan, 0.9116167084157132, 0.5792396362828651, 12,5, 0
0.10111088937670458, nan, 0.9116167084157132, 0.5805858487703934, 7,6, 0
0.10111088937670458, nan, 0.9116167084157132, 0.5795070426717962, 8,7, 0
