acuracia,loss,frr,fpr, removed, n_clf, tp_removed
0.09825051553249518, 2.3036959122288754, 0.8944041643372586, 0.40467750686587217, 0,0, 0
0.2359475819862968, 2.0998220074710465, 0.7889635841123256, 0.5190660718348685, 0,0, 0
0.59116610124393, 214377.93846724287, 0.5155057146258243, 0.3929174478663227, 0,1, 0
0.3819596886848932, 15.717748411355647, 0.5974603686029801, 0.4602491672345774, 0,3, 0
0.3981241269207743, 54.727192258280354, 0.602569613757261, 0.43188575597201895, 0,4, 0
0.45706113217587974, 24.391808719147964, 0.5577483141029864, 0.4103886427104723, 0,5, 0
0.5805228497305926, 5.902343280426958, 0.47578211422389693, 0.3822178788674894, 0,5, 0
0.5997472227765582, 4.717389285783611, 0.4853951297085045, 0.3768868323473002, 0,5, 0
0.6619437238076232, 3.276618727161333, 0.4561125348339536, 0.3559182927884493, 0,6, 0
0.6775094791458791, 2.558373318069932, 0.4446226313150634, 0.347993983338544, 0,6, 0
0.6975986163773032, 1.9428849589911137, 0.4193799082288697, 0.33460122365475536, 0,5, 0
0.709040111754141, 1.7390223348023235, 0.4101458118143452, 0.3283290107248338, 0,9, 0
0.732455265083483, 1.3461442513361217, 0.3826697450584076, 0.3132024641021054, 0,7, 0
0.7458923701190714, 1.1440682825251496, 0.3683147264798301, 0.310518340887009, 0,7, 0
0.745825849797113, 1.0419976490575045, 0.3759599678008742, 0.3158240925686118, 0,5, 0
0.7812146610789596, 0.9886981657746423, 0.34465084646011823, 0.28902113644462674, 0,5, 0
0.777955165303, 0.8845696960822013, 0.35417573933643326, 0.295581990567796, 0,4, 0
0.7902614248652964, 0.8521421898137034, 0.3233442257715031, 0.2882743593083216, 0,6, 0
0.7853389210403778, 0.7843983304081079, 0.3306790858565225, 0.29119058067483866, 0,6, 0
0.7897292622896295, 0.7933343598682419, 0.34015372648910863, 0.29445393911820333, 0,6, 0
0.7896627419676712, 0.7089999465627181, 0.31418237510086827, 0.2827483907348928, 0,6, 0
0.7921239938801303, 0.7008151717360604, 0.3279283051669381, 0.2787992011845407, 0,6, 0
0.7883988558504623, 0.6652317834793445, 0.3228586182523811, 0.28690618671955403, 0,9, 0
0.7798842546397925, 0.6806117185244367, 0.3463187613149139, 0.29602400721589806, 0,6, 0
0.7926561564557972, 0.6886800971503946, 0.30399285831016154, 0.2806774515154858, 0,6, 0
0.7496175081487394, 0.947077563538869, 0.34489176136176114, 0.2978470123064594, 0,9, 0
0.7292622896294818, 16.04356628312625, 0.3712981609889359, 0.3078006574189793, 0,5, 0
0.6954034457526774, 7.15254910952258, 0.4222627655527017, 0.3257046271866021, 0,6, 0
0.6785072839752544, 37.34017547822033, 0.42197184503308705, 0.3459647610940014, 0,7, 0
0.7673119137896628, 1.4374417207896273, 0.3423693468010674, 0.29974756592623053, 0,5, 0
0.6962682099381361, 21.408236818519292, 0.37771859694179616, 0.31594000305893766, 0,5, 0
0.7757599946783742, 0.9144642004486991, 0.3686645537414403, 0.30160596424067926, 0,8, 0
0.59562296281514, 227597.21988039056, 0.454693570720983, 0.358985303802527, 0,6, 0
0.30951905807224106, 2.0349839473765092, 0.8336899914251422, 0.5209000049976129, 0,6, 0
0.44894565289696003, 1.9013370652600994, 0.7341593151493595, 0.4662371183779004, 0,7, 0
0.4328477349830373, 238.62203002259403, 0.7238150433465471, 0.35251268143093945, 0,6, 0
0.42885651566553584, 8037.594581774632, 0.666529352349678, 0.3729603292043617, 0,7, 0
0.6803698529900885, 1.554699203149768, 0.4656960151941195, 0.37154270992858096, 0,12, 0
0.36220315306326084, 1247582.4334501415, 0.6770782069901496, 0.47771696654318563, 0,7, 0
0.5186589503093195, 879337.5081857501, 0.5401773249968422, 0.4202139613702143, 0,6, 0
0.6238940996474422, 2980665.645320376, 0.45922845673908, 0.37063996978162483, 0,9, 0
0.5683496308122131, 1129503.7908661638, 0.5095931042675301, 0.3948334515210841, 0,6, 0
0.4204084347768243, 1.9339315401836124, 0.7028745655823961, 0.4663006022884199, 0,6, 0
0.39686024080356547, 87245.72411518371, 0.6529564956309332, 0.4302008140289317, 0,7, 0
0.5966207676445154, 25961664.922678236, 0.49670078152979097, 0.3824011662004418, 0,8, 0
0.5069513736446485, 5696694.972834114, 0.5160528060693355, 0.3830659816661843, 0,6, 0
0.5680835495243797, 133653.222467916, 0.5001537917007722, 0.3845763650172649, 0,7, 0
0.5819862968136765, 67042.28641784021, 0.43403660881506667, 0.3588198558226242, 0,4, 0
0.6084613849531032, 2513.1204295346656, 0.5125263514219133, 0.38402041924444086, 0,7, 0
0.5697465575733387, 10878.242703420194, 0.48779054018933116, 0.3716420574695681, 0,7, 0
0.5084148207277324, 776.1088082156045, 0.5306917973654903, 0.3986224233411278, 0,8, 0
0.3458391538615047, 27.46323489133825, 0.6220948188578959, 0.4383205796621173, 0,8, 0
0.5480609326149138, 47114151.77108955, 0.4738184614627127, 0.3532228843996579, 0,7, 0
0.5269074702321559, 21552685.421295747, 0.46818983689994625, 0.3573728328858181, 0,8, 0
0.6822324220049225, 14031.389239248847, 0.38411458479951, 0.3322904632671015, 0,6, 0
0.5656888179338788, 31.010485598704665, 0.503144882114514, 0.39123286714538447, 0,9, 0
0.578726801037717, 723994.0662227317, 0.48620109764806807, 0.3789103216240212, 0,3, 0
0.6455132042839087, 7.146541094301201, 0.43843802447901714, 0.34379136711975805, 0,4, 0
0.5910330606000133, 17.599766926550185, 0.47508151271150806, 0.3446289391084989, 0,9, 0
0.6205680835495244, 40.91403192018017, 0.4259089092248327, 0.3376536672207668, 0,8, 0
0.593028670258764, 86.67809345397761, 0.4370471590048908, 0.3531722428709809, 0,10, 0
0.5962881660347236, 1653154.8345495856, 0.4592422919105919, 0.3126301630428661, 0,5, 0
0.5573072573671256, 172674.38535957225, 0.48891976954970784, 0.3593284268421806, 0,8, 0
0.5497904609858312, 144.09595851409674, 0.48692563414589474, 0.3800548025991417, 0,3, 0
0.5875074835362203, 30.0715996817071, 0.48034279829456034, 0.3649314753078307, 0,8, 0
0.5754007849397991, 6370.733005873851, 0.5009044481575481, 0.3672973044032869, 0,9, 0
0.6018093527572673, 45.08255737430654, 0.4871614422976281, 0.3693038766407248, 0,9, 0
0.5785937603938003, 461054.9968162039, 0.4791630585504165, 0.3367715882837276, 0,7, 0
0.6690613982571676, 32408.907306410933, 0.4108163626438174, 0.32873044716066974, 0,5, 0
0.3434444222710038, 2.5647834878878136e+18, 0.7716192574973807, 0.48881182455456723, 0,8, 0
0.10111088937670458, nan, 0.9116167084157132, 0.5845288722780139, 0,5, 0
0.10111088937670458, nan, 0.9116167084157132, 0.5789491794693707, 0,8, 0
0.10111088937670458, nan, 0.9116167084157132, 0.5770769184370317, 0,8, 0
0.10111088937670458, nan, 0.9116167084157132, 0.5776911121813026, 0,9, 0
0.10111088937670458, nan, 0.9116167084157132, 0.5817116000826806, 0,6, 0
0.10111088937670458, nan, 0.9116167084157132, 0.5805812778084887, 0,3, 0
0.10111088937670458, nan, 0.9116167084157132, 0.5816583659983973, 0,8, 0
0.10111088937670458, nan, 0.9116167084157132, 0.5893089119971993, 0,8, 0
0.10111088937670458, nan, 0.9116167084157132, 0.5776875836652223, 0,6, 0
0.10111088937670458, nan, 0.9116167084157132, 0.5815041018890127, 0,5, 0
0.10111088937670458, nan, 0.9116167084157132, 0.5803458552459932, 0,7, 0
0.10111088937670458, nan, 0.9116167084157132, 0.580909007935101, 0,7, 0
0.10111088937670458, nan, 0.9116167084157132, 0.5776551325236746, 0,7, 0
0.10111088937670458, nan, 0.9116167084157132, 0.5798874489404907, 0,3, 0
0.10111088937670458, nan, 0.9116167084157132, 0.5777097087541481, 0,8, 0
0.10111088937670458, nan, 0.9116167084157132, 0.5812409810942798, 0,7, 0
0.10111088937670458, nan, 0.9116167084157132, 0.5814099207591009, 0,6, 0
0.10111088937670458, nan, 0.9116167084157132, 0.5798596998623906, 0,7, 0
0.10111088937670458, nan, 0.9116167084157132, 0.5785344429934093, 0,4, 0
0.10111088937670458, nan, 0.9116167084157132, 0.5797902881293143, 0,6, 0
0.10111088937670458, nan, 0.9116167084157132, 0.5813458675198788, 0,10, 0
0.10111088937670458, nan, 0.9116167084157132, 0.5812110034531855, 0,7, 0
0.10111088937670458, nan, 0.9116167084157132, 0.5761532940361787, 0,8, 0
0.10111088937670458, nan, 0.9116167084157132, 0.5774878227064728, 0,5, 0
0.10111088937670458, nan, 0.9116167084157132, 0.5826538832571017, 0,8, 0
0.10111088937670458, nan, 0.9116167084157132, 0.5815850636635173, 0,5, 0
0.10111088937670458, nan, 0.9116167084157132, 0.5793040005989957, 0,3, 0
0.10111088937670458, nan, 0.9116167084157132, 0.5801768924537813, 0,6, 0
0.10111088937670458, nan, 0.9116167084157132, 0.5830081848154366, 0,6, 0
0.10111088937670458, nan, 0.9116167084157132, 0.5812327976102428, 0,9, 0
0.10111088937670458, nan, 0.9116167084157132, 0.5789039783407655, 0,7, 0
0.07323887447615246, 2.3039629924069747, 0.9407149701307503, 0.2940504930186107, 0,0, 0
0.2654160846138495, 2.1351159920372393, 0.7797273827192597, 0.38900381469204276, 0,0, 0
0.5746025410762988, 1762.0262004949975, 0.4913579990817219, 0.3742188097698391, 0,1, 0
0.6040045233818931, 4.31508963672446, 0.5175325849163187, 0.3971421726193073, 0,2, 0
0.7369786469766514, 1.6817302967647043, 0.4479276643330077, 0.34618532065322183, 0,3, 0
0.6507017893966607, 240.42485847640484, 0.4924072610714789, 0.3693468229148023, 0,10, 0
0.6147142952171889, 7623699.038156543, 0.47852062646579463, 0.3784737266973995, 0,8, 0
0.5513869487128318, 2.0934601107701836, 0.577270417367741, 0.4278359364005712, 0,7, 0
0.5815871748819265, 2.0388303994577357, 0.5384760098205481, 0.4051020216791802, 0,8, 0
0.6485731390939932, 72.871489323352, 0.4886431330873438, 0.37830094621525867, 0,8, 0
0.7241402248386882, 8729.8988762338, 0.43366259592707396, 0.336947679224013, 0,5, 0
0.7452936872214462, 21.504006423779227, 0.382182774602637, 0.3149018045891496, 0,9, 0
0.21605800572074768, 46.52962072358396, 0.775298439138384, 0.5168111589616768, 0,7, 0
0.26741169427260025, 236.38041545731042, 0.6735827061433859, 0.4859371055217625, 0,8, 0
0.3171688950974523, 208097533.11786106, 0.6745990301867587, 0.475751540051566, 0,8, 0
0.4899886915452671, 24114293771.035324, 0.5748100400043996, 0.44088033255163417, 0,6, 0
0.6831637065123395, 45693621.347091064, 0.4619098161254864, 0.3444074317726658, 0,7, 0
0.6925430719084681, 578794320.0845803, 0.44626129254648556, 0.34486296773098496, 0,8, 0
0.7136300139692676, 49714258170.56488, 0.4275872832494295, 0.33242409732670736, 0,6, 0
0.7685092795849132, 1.5801850345362638, 0.4023823844542364, 0.32039446671249516, 0,6, 0
0.7730991818000399, 1.5627030840472278, 0.3521911677761775, 0.29776363288366936, 0,7, 0
0.768841881194705, 1.5368248628363086, 0.3864397437615956, 0.31318246173054737, 0,6, 0
0.4313842878999534, 20.624689624048248, 0.6012743343314461, 0.4269646488550599, 0,9, 0
0.5008980243464378, 2175.8813614893934, 0.535437001595799, 0.4080295556778728, 0,8, 0
0.41934410962549057, 1114.3169935141436, 0.6291552872007675, 0.46599001766295556, 0,5, 0
0.489789130579392, 50.8947022594967, 0.5809029884848308, 0.4197806205321626, 0,6, 0
0.45619636799042107, 857.8222343551298, 0.59348977205844, 0.43806521069732207, 0,8, 0
0.5298343643983237, 587.8106185442227, 0.5292071334066464, 0.39999408593770697, 0,10, 0
0.47508813942659484, 1859.2267742470465, 0.5237799729366427, 0.4096224709400079, 0,10, 0
0.5161976983968602, 1600.880693674832, 0.5295751048294332, 0.4143085264045549, 0,8, 0
0.4073039313510277, 280.0745748497252, 0.5943620111630554, 0.4220126098652513, 0,8, 0
0.560899354752877, 557.0933555067795, 0.466561620359812, 0.37634249474948556, 0,8, 0
0.5925630280050556, 91.64712144037154, 0.43124324177559864, 0.34530347050991245, 0,6, 0
0.5614980376505022, 324.5780689449277, 0.4552234671083514, 0.37016848991947104, 0,9, 0
0.5799906871549259, 3416.1016875172554, 0.453160695400947, 0.36431227264189286, 0,4, 0
0.6107895962216457, 4755.978557447946, 0.4962109227158205, 0.3867352937645358, 0,9, 0
0.5499235016297479, 169.74279353294153, 0.5222669407425452, 0.40133033374120314, 0,11, 0
0.596354686356682, 1467.9873618982722, 0.49090815751333394, 0.37575627913077336, 0,7, 0
0.6677975121399587, 214.9732080559968, 0.4113528681372399, 0.3340001755342725, 0,9, 0
0.6038714827379764, 1870.5987229812552, 0.49331059779085285, 0.3767531554464255, 0,7, 0
0.6297478879797779, 115.61174385747377, 0.47046822034905544, 0.3701313012482087, 0,4, 0
0.6867558038980909, 56.54092746879861, 0.41524347941356576, 0.34587335049655665, 0,8, 0
0.551985631610457, 18930657.779000208, 0.5328831348083285, 0.37383743380435, 0,8, 0
0.585046231623761, 57218.23734115225, 0.45740959337758474, 0.37025790217892585, 0,4, 0
0.6722543737111688, 1303.8961523644334, 0.4179297541986335, 0.351164942749031, 0,11, 0
0.49670724406306127, 2475.91956735296, 0.5767026111827697, 0.4237163182339625, 0,7, 0
0.5473957293953303, 88.31895803999949, 0.5375753309820466, 0.41082700067111944, 0,8, 0
0.5643584114947117, 123.45344088883401, 0.49978009364319986, 0.3923719850029039, 0,7, 0
0.5596354686356682, 113.75738462659793, 0.5267153298658653, 0.4058520611882661, 0,5, 0
0.6173751080955232, 45.64206650613682, 0.42896547276000824, 0.3483213650056855, 0,6, 0
0.6529634803432448, 711.5794198589734, 0.4515613381116383, 0.3486109174789829, 0,5, 0
0.643517594625158, 5935.138519493098, 0.451356428995872, 0.36391278697364443, 0,9, 0
0.4615845140690481, 295.05206851958616, 0.5787702497109013, 0.43077092508088943, 0,8, 0
0.4701656356016763, 55433143.22039183, 0.5540779065520017, 0.41522852243935693, 0,4, 0
0.5720747688418812, 72.31103779470838, 0.4696882203655439, 0.37501606985565167, 0,5, 0
0.5163972593627353, 209.45005343600127, 0.5106997127327301, 0.39323725384452324, 0,10, 0
0.6247588638329009, 10552407561.29101, 0.44530021318742496, 0.3610792995276894, 0,7, 0
0.7124991684959755, 1.8365338310358459, 0.46532094159199794, 0.3413726005231103, 0,7, 0
0.7529435242466573, 1.6997777692141476, 0.39127413423390034, 0.323797727184075, 0,9, 0
0.7470232155923635, 1.642191123402952, 0.42564665074420227, 0.3356445853417711, 0,6, 0
0.7466906139825716, 1.5795810614974406, 0.42892750450582523, 0.3360898436064157, 0,9, 0
0.7591299141887847, 1.5413758909639654, 0.4165250314541921, 0.33218726995889236, 0,6, 0
0.7638528570478281, 1.4963238030118966, 0.4009578045634358, 0.3259678001465381, 0,6, 0
0.7671788731457461, 1.4682990869082575, 0.41199722128706306, 0.32968219450786046, 0,3, 0
0.7687088405507883, 1.4221928833097246, 0.39653356213919344, 0.31938905509705995, 0,7, 0
0.7649171821991618, 604868548062.2688, 0.40870625419731704, 0.3153600996588494, 0,6, 0
0.7585977516131178, 1.3453350791361076, 0.3582059139126608, 0.3070552684697554, 0,8, 0
0.7549391339054081, 2.0882438321996707e+22, 0.3866499620172128, 0.31903024041547107, 0,7, 0
0.7552052151932416, 1.3048137133428217, 0.371409648924829, 0.3172447089924464, 0,12, 0
0.7535422071442825, 1.2945238778556345, 0.3748611141262942, 0.31263782079582775, 0,7, 0
0.7545400119736579, 1.2796881715814479, 0.37635711075503425, 0.31491383706423, 0,6, 0
0.7585312312911594, 1.2682058994233238, 0.3555978773630574, 0.31219091377462954, 0,13, 0
0.7595290361205348, 1.254151724878621, 0.36292720732513084, 0.31595926961002935, 0,6, 0
0.7597951174083682, 1.2386365073469674, 0.35444777009569345, 0.3096598153884602, 0,9, 0
0.7575999467837424, 1.225915840723407, 0.3666020112746866, 0.3074932495546905, 0,8, 0
0.7595955564424932, 1.2130998742691035, 0.3557161569329499, 0.30988340233907286, 0,11, 0
0.7622563693208275, 1.2050787037004176, 0.35900403572082873, 0.30809954146662394, 0,7, 0
0.7581986296813676, 5.922836132801377e+21, 0.3667188334497124, 0.31342428482406853, 0,8, 0
0.76012771901816, 1.1976887566693362, 0.35635153299945643, 0.319108831940231, 0,8, 0
0.7656489057407038, 1.1914000172218322, 0.35545093723982674, 0.3057170094321989, 0,8, 0
0.7870019290893367, 1.1840468539876756, 0.3385223756053826, 0.3005960539998688, 0,9, 0
0.7917913922703386, 1.1720612768150966, 0.32414312390470246, 0.29024270998288293, 0,7, 0
0.788531896494379, 1.161247275045617, 0.326245010873846, 0.29270075894114295, 0,7, 0
0.790194904543338, 1.1637681478074804, 0.3153600551216336, 0.2817877224856306, 0,9, 0
0.7899288232555045, 1.1531903134543826, 0.3228600551216336, 0.30039111885976627, 0,4, 0
0.7897957826115879, 1.1458174891347126, 0.32545714250027435, 0.29420299295409075, 0,9, 0
0.7852058803964611, 1.1532919309259666, 0.32678905350301746, 0.2935669971477539, 0,9, 0
0.7785538482006253, 1.1547016751682544, 0.3454795296934936, 0.3032296483143775, 0,6, 0
0.7773564824053748, 1.1426370760009237, 0.3266819821053253, 0.29055718847581147, 0,8, 0
0.7017228763387214, 8.584841164060874e+24, 0.38686621559454826, 0.29612106489723145, 0,9, 0
0.10111088937670458, nan, 0.9116167084157132, 0.5784942873271863, 0,8, 0
0.10111088937670458, nan, 0.9116167084157132, 0.5800432582321345, 0,10, 0
0.10111088937670458, nan, 0.9116167084157132, 0.5801039047987616, 0,6, 0
0.10111088937670458, nan, 0.9116167084157132, 0.5784304214730177, 0,8, 0
0.10111088937670458, nan, 0.9116167084157132, 0.5770898936258136, 0,10, 0
0.10111088937670458, nan, 0.9116167084157132, 0.5785077304784787, 0,8, 0
0.10111088937670458, nan, 0.9116167084157132, 0.5803430443987805, 0,6, 0
0.10111088937670458, nan, 0.9116167084157132, 0.5840219061587173, 0,6, 0
0.10111088937670458, nan, 0.9116167084157132, 0.5800513070578802, 0,6, 0
0.10111088937670458, nan, 0.9116167084157132, 0.5783218905005285, 0,7, 0
0.10111088937670458, nan, 0.9116167084157132, 0.5807595378230829, 0,7, 0
0.13523581454134237, 2.299045359993983, 0.8492197628975375, 0.3280492003522848, 0,0, 0
0.2802501164105634, 2.0509539504516847, 0.7907728727459972, 0.5057297830558708, 0,0, 0
0.6291492050821526, 675965.2325951967, 0.49140913380977475, 0.37195915964134046, 0,3, 0
0.39519723275460655, 2.1646548585724243, 0.6905882168637001, 0.49360814414837134, 0,5, 0
0.1923102507816138, 138.92641543768403, 0.7735362293058743, 0.5477390548396559, 0,4, 0
0.2106033393201623, 88.06890838313186, 0.7621455040619748, 0.5364480493195019, 0,5, 0
0.30951905807224106, 250.14678247898738, 0.6872248157212434, 0.4863665261810221, 0,8, 0
0.37517461584514067, 238.2203718093856, 0.6422623682608151, 0.4518894010711405, 0,6, 0
0.536952038847868, 133.08802082801856, 0.5583436918619689, 0.42058872364803485, 0,6, 0
0.525044901217322, 108.67195159066844, 0.5814820139174063, 0.4321921996534131, 0,12, 0
0.5406106565555777, 91.31859853012584, 0.5487102710174796, 0.42329360207206823, 0,5, 0
0.5552451273864165, 72.26672359690856, 0.5759220744740385, 0.4262201228526062, 0,5, 0
0.5508547861371649, 58.58141306645883, 0.5711816288725067, 0.4246236929191406, 0,6, 0
0.5533825583715826, 44.78746416248302, 0.5873391952082723, 0.436192969133687, 0,6, 0
0.5420741036386616, 37.03664333272823, 0.5738997026936212, 0.4198395825659385, 0,10, 0
0.5380828843211601, 31.34432387912347, 0.5920547463447232, 0.42238696998635483, 0,12, 0
0.5185259096654028, 33.38361466267948, 0.5984526081646405, 0.4194332747201706, 0,5, 0
0.5805228497305926, 542.8456769910048, 0.5577918350843047, 0.4055935261555917, 0,10, 0
0.6063992549723941, 76.65657828782403, 0.5365722080229566, 0.38187853727529875, 0,8, 0
0.6463779684693673, 5.916592007135906, 0.501702339530576, 0.36640730515971387, 0,7, 0
0.5881061664338455, 51.93859270969178, 0.5509117104982924, 0.3821068970542702, 0,5, 0
0.5473957293953303, 62.67023833371148, 0.552263509231501, 0.37716690755756027, 0,8, 0
0.6034723608062263, 93.83181672390903, 0.5343400918132795, 0.37442030886394734, 0,5, 0
0.6124526042706047, 6.046559089293493, 0.5240167674332623, 0.3690497121483912, 0,8, 0
0.5134038448746092, 162837.64695893132, 0.5876148781479427, 0.3988323408351453, 0,10, 0
0.6062662143284774, 108.25384841318417, 0.4879629847791844, 0.37903111469090617, 0,10, 0
0.5509213064591233, 28983.107920402097, 0.5112032105593193, 0.3855381766557214, 0,4, 0
0.6650036586177077, 10877724.422255393, 0.4521425537702789, 0.33782210796001955, 0,6, 0
0.41462116676644717, 2.0421441964091938, 0.6451687729027173, 0.45583910300015135, 0,10, 0
0.4798776026075966, 304753.38195188215, 0.6068282780101993, 0.43502916428783656, 0,7, 0
0.3764385019623495, 5234290.655666565, 0.6708682597511403, 0.47296767850458, 0,5, 0
0.5079491784740238, 672.7619794782954, 0.6161316697307766, 0.441510945647869, 0,2, 0
0.584647109692011, 13976.173526919303, 0.544695266355796, 0.39560125536481366, 0,7, 0
0.6738508614381694, 2.5034948727035045, 0.4322875890592611, 0.3481572816128716, 0,10, 0
0.4625823188984235, 211.46814935425633, 0.6439743830295555, 0.45605581079205765, 0,7, 0
0.5037583981906473, 27463.028319928293, 0.5706347008355526, 0.41220675299096216, 0,8, 0
0.4883922038182665, 238.7741897140634, 0.5733133841470671, 0.4219542743137682, 0,8, 0
0.4720947249384687, 128507609.00261776, 0.5929743059335614, 0.4406957512409076, 0,9, 0
0.611388279119271, 1.6884098675431332, 0.5281339522133696, 0.382792193856396, 0,9, 0
0.6544269274263288, 334173.5247484022, 0.5035288067858332, 0.360765388371172, 0,3, 0
0.6870218851859243, 1.5603036468815503, 0.40960843836251215, 0.3417245791094102, 0,9, 0
0.7269340783609393, 3368708.310779144, 0.38412228482972566, 0.3304908258922667, 0,13, 0
0.7313909399321493, 1.5039107087767387, 0.38138671659670753, 0.326759242300969, 0,9, 0
0.7375773298742766, 1.4800497346027306, 0.38725534309164666, 0.32983986966940726, 0,8, 0
0.30426395263753075, 494.0543150746433, 0.6689120708218503, 0.46737835432353336, 0,10, 0
0.4064391671655691, 1686.2871950996189, 0.6130303984036062, 0.45068333164294716, 0,8, 0
0.42160580057207475, 3568700777.073173, 0.5799949238668435, 0.39449538043835103, 0,3, 0
0.7245393467704384, 224272458.5334818, 0.3927699398428899, 0.3223194103619018, 0,10, 0
0.7285970864098982, 36147460585.05261, 0.39101690340099343, 0.32408643019835737, 0,9, 0
0.7319896228297745, 687627010.4854772, 0.3857352633264264, 0.32440673098745904, 0,7, 0
0.7405042240404444, 1.4169047125264222, 0.374634313819935, 0.31923770195109663, 0,6, 0
0.7464910530166966, 151899042.1136818, 0.3698559176538583, 0.3088112701614509, 0,5, 0
0.745094126255571, 414334992156.8468, 0.37630971040810424, 0.3053112760230312, 0,7, 0
0.7611255238475354, 1.3640426660227551, 0.3455424874602243, 0.31017554675147646, 0,4, 0
0.7623228896427858, 1.3751938509753163, 0.3352354699163646, 0.30217921865604663, 0,5, 0
0.7637863367258697, 32333385703.373314, 0.32366205252753216, 0.2987282590920105, 0,7, 0
0.7645180602674116, 1.3028850865090098, 0.32475978281277057, 0.29772425957664034, 0,7, 0
0.4115612319563627, 20598507510.936607, 0.5994115068471617, 0.4395201883386901, 0,10, 0
0.43111820661212, 6991804439802.71, 0.6098665395046482, 0.42687512439953, 0,7, 0
0.7496840284706978, 416208178229439.5, 0.3336471933197574, 0.30372538798065546, 0,11, 0
0.7492183862169893, 1.3503142128401964, 0.3432691234790706, 0.2939922727328169, 0,4, 0
0.7732322224439566, 1.287177399439202, 0.32422843104710536, 0.2884261221366766, 0,6, 0
0.7786203685225837, 1.265508578394766, 0.3143337763967466, 0.2819708342834167, 0,11, 0
0.7702388079558306, 2.9833697455033276e+16, 0.32947621912039443, 0.29512096387549863, 0,6, 0
0.774230027273332, 1.215394946727509, 0.3164919337733506, 0.2874033361844582, 0,5, 0
0.7693740437703719, 2.689548222018085e+16, 0.3322070080970852, 0.29323563960555626, 0,10, 0
0.658950309319497, 3.0678607912043102e+19, 0.4412487088400525, 0.3252626262024381, 0,4, 0
0.10111088937670458, nan, 0.9116167084157132, 0.5774175717752736, 0,7, 0
0.10111088937670458, nan, 0.9116167084157132, 0.5818160963913528, 0,6, 0
0.10111088937670458, nan, 0.9116167084157132, 0.5788012193924653, 0,7, 0
0.10111088937670458, nan, 0.9116167084157132, 0.5819680841626677, 0,4, 0
0.10111088937670458, nan, 0.9116167084157132, 0.5804772169514302, 0,10, 0
0.10111088937670458, nan, 0.9116167084157132, 0.5800390290399945, 0,6, 0
0.10111088937670458, nan, 0.9116167084157132, 0.5808898177875352, 0,6, 0
0.10111088937670458, nan, 0.9116167084157132, 0.5797762776969885, 0,6, 0
0.10111088937670458, nan, 0.9116167084157132, 0.5808275813638831, 0,7, 0
0.10111088937670458, nan, 0.9116167084157132, 0.5792596327090267, 0,2, 0
0.10111088937670458, nan, 0.9116167084157132, 0.5803507986066311, 0,9, 0
0.10111088937670458, nan, 0.9116167084157132, 0.5814533484855484, 0,7, 0
0.10111088937670458, nan, 0.9116167084157132, 0.5857209420213466, 0,8, 0
0.10111088937670458, nan, 0.9116167084157132, 0.5794334722518766, 0,7, 0
0.10111088937670458, nan, 0.9116167084157132, 0.5805487377768145, 0,7, 0
0.10111088937670458, nan, 0.9116167084157132, 0.584997984372209, 0,9, 0
0.10111088937670458, nan, 0.9116167084157132, 0.5777976948824801, 0,11, 0
0.10111088937670458, nan, 0.9116167084157132, 0.5835459347803789, 0,5, 0
0.10111088937670458, nan, 0.9116167084157132, 0.5806013485984287, 0,4, 0
0.10111088937670458, nan, 0.9116167084157132, 0.5862574407112208, 0,8, 0
0.10111088937670458, nan, 0.9116167084157132, 0.5804927453094804, 0,5, 0
0.10111088937670458, nan, 0.9116167084157132, 0.5792543347405611, 0,5, 0
0.10111088937670458, nan, 0.9116167084157132, 0.5785657005940519, 0,9, 0
0.10111088937670458, nan, 0.9116167084157132, 0.5792374794670626, 0,12, 0
0.10111088937670458, nan, 0.9116167084157132, 0.5795082685835297, 0,6, 0
0.10111088937670458, nan, 0.9116167084157132, 0.5833215351092765, 0,9, 0
0.10111088937670458, nan, 0.9116167084157132, 0.5801458917868925, 0,5, 0
0.10111088937670458, nan, 0.9116167084157132, 0.582941240375388, 0,4, 0
0.10111088937670458, nan, 0.9116167084157132, 0.5845232560356641, 0,9, 0
0.10111088937670458, nan, 0.9116167084157132, 0.5790072076922086, 0,8, 0
0.10111088937670458, nan, 0.9116167084157132, 0.5778381517711182, 0,8, 0
0.10111088937670458, nan, 0.9116167084157132, 0.5818437635402117, 0,5, 0
0.10111088937670458, nan, 0.9116167084157132, 0.5802894851685332, 0,6, 0
0.10111088937670458, nan, 0.9116167084157132, 0.5801039898613309, 0,8, 0
0.07210802900286037, 2.304747221403744, 0.9170941287946094, 0.4079154246274396, 0,0, 0
0.2584314508082219, 2.0927448331742737, 0.7758992438588749, 0.48817184010159226, 0,0, 0
0.6105235149338123, 138854.3732519669, 0.5068005827600737, 0.38712023579302207, 0,2, 0
0.4606532295616311, 20.27447784898401, 0.5928828760379915, 0.444546459420326, 0,2, 0
0.3030665868422803, 109.89539697918786, 0.7096333475371999, 0.5019563099123068, 0,6, 0
0.34803432448613053, 74.4232489409571, 0.6693928904116746, 0.45551348819904136, 0,3, 0
0.42260360540145014, 26.966830488880724, 0.6001659061014514, 0.4443250980186763, 0,1, 0
0.4768176677975121, 17.51546398356601, 0.5767966613274664, 0.41016063043270706, 0,4, 0
0.5330938601742833, 13.610392265279353, 0.5404421662545823, 0.38236983833774824, 0,7, 0
0.5556442493181667, 15.777630856525109, 0.517360489553837, 0.38523125034165795, 0,7, 0
0.5593028670258764, 11.714836810036667, 0.5142959939376943, 0.3834080606935529, 0,5, 0
0.590234816736513, 11.176417432764548, 0.5137036512235464, 0.3995358225634301, 0,5, 0
0.6367990421073638, 9.441883580405678, 0.49618618369036116, 0.36790247036118773, 0,6, 0
0.6328078227898623, 8.062668901365749, 0.5223392340165424, 0.37824428611801414, 0,4, 0
0.6350029934144882, 6.263287231722238, 0.5138955658867653, 0.39136029197921585, 0,4, 0
0.6513669926162443, 4.623827860960453, 0.4619120670573678, 0.35483284445893, 0,5, 0
0.6774429588239207, 4.140289043003418, 0.4859768697320678, 0.36975413242103883, 0,5, 0
0.648905740703785, 3.6278386093306363, 0.5181669480379549, 0.3828835110750238, 0,7, 0
0.6688618372912924, 3.615019010029263, 0.5038413943082907, 0.3635357648695097, 0,6, 0
0.6301470099115279, 3.8418587240042497, 0.5737426830172645, 0.3965936490263202, 0,7, 0
0.6698596421206678, 3.0321865507534516, 0.5289506491439274, 0.3932929082728498, 0,4, 0
0.7192842413357281, 2.21773974360516, 0.47392794601588156, 0.35888838584081034, 0,10, 0
0.7171555910330606, 2.23592808113515, 0.4819299390506877, 0.3534693897799455, 0,7, 0
0.7226102574336459, 2.223584318618227, 0.4689770206390279, 0.34912916456220444, 0,7, 0
0.7168229894232688, 2.7541837238407556, 0.47767039875487655, 0.3371176895768525, 0,5, 0
0.7132308920375174, 3.8897028507298588, 0.48202788251946144, 0.35481547448656053, 0,5, 0
0.6537617242067452, 17.162534143831206, 0.510990895127632, 0.35755418217493584, 0,9, 0
0.635535155990155, 16.624910917515916, 0.5366942341883177, 0.35998077482119195, 0,6, 0
0.6485731390939932, 62.02034710012746, 0.4931675629828897, 0.35401582989484554, 0,5, 0
0.6520987161577863, 18.14533872659163, 0.47125255751832784, 0.3319511010842722, 0,7, 0
0.6401250582052818, 132.64033405337054, 0.4890727568801594, 0.3430825151989821, 0,8, 0
0.6805694139559636, 4.662490419858121, 0.45961736019351035, 0.3409665424609646, 0,11, 0
0.7111687620568083, 86.76231106552505, 0.440208518064205, 0.34577965290921286, 0,6, 0
0.6753808288432116, 23.088414005622212, 0.4635075145835368, 0.33412955115760373, 0,3, 0
0.6049358078893102, 4058.3002618378814, 0.493074281342535, 0.36635145114595496, 0,6, 0
0.5747355817202155, 85.70950777097175, 0.5087808040252617, 0.3784847700244069, 0,6, 0
0.5712765249783809, 3206.27980760509, 0.5106045359104326, 0.3657681435185737, 0,7, 0
0.552916916117874, 5539.009231873608, 0.49522426851794826, 0.3796062409194282, 0,5, 0
0.5712765249783809, 260.30703668244723, 0.5126916897828139, 0.35731195147710637, 0,7, 0
0.5135368855185259, 87924.72271336692, 0.5753874266550537, 0.4159687653300107, 0,6, 0
0.5755338255837158, 633322.4024548245, 0.5022004655817917, 0.3815472863201403, 0,5, 0
0.658750748353622, 646.1510941924272, 0.4245051963076279, 0.34400997441238296, 0,10, 0
0.6560899354752877, 5978036.273147253, 0.42877768863898225, 0.33884213666956897, 0,8, 0
0.3175014967072441, 1.955446371198422, 0.7635460404080382, 0.5022671333311228, 0,8, 0
0.4072374110290694, 1.8536096912677564, 0.7219691506825926, 0.4670534295956481, 0,4, 0
0.46797046497705047, 1.7801201676510372, 0.6490036619856522, 0.4289158349771477, 0,7, 0
0.6238275793254839, 1.6719758136657978, 0.492373598950043, 0.3720963716632799, 0,6, 0
0.6067318565821859, 1.580666969445844, 0.5312159843400891, 0.37966320325128683, 0,9, 0
0.6872214461517994, 1.5140457051065022, 0.44974962838097887, 0.3608832892198148, 0,8, 0
0.6929421938402182, 1.4587861385196694, 0.42774108429348745, 0.351480910107852, 0,4, 0
0.7061132175879731, 1.3954699591118396, 0.4505964044119654, 0.3493344390700849, 0,7, 0
0.7386416550256103, 1.3548167234729374, 0.3741685638987662, 0.3189922741934955, 0,7, 0
0.7383755737377768, 1.3140460106783394, 0.3778049275351299, 0.3171914364515519, 0,7, 0
0.7455597685092796, 1.2666504327865733, 0.3822571838627279, 0.3083369834764433, 0,4, 0
0.782212465908335, 1.256858801020799, 0.33507826112495365, 0.2992120952201, 0,4, 0
0.7825450675181268, 1.2177930622688273, 0.3405706853673779, 0.29610491709255715, 0,6, 0
0.7757599946783742, 1.2040009973534154, 0.3716396713349707, 0.30884873954951547, 0,8, 0
0.7778221246590834, 1.1896866588737882, 0.33198542575033463, 0.29518629133449026, 0,8, 0
0.7813477017228764, 1.1697343802437021, 0.3262290718891421, 0.2942199918497019, 0,7, 0
0.7778221246590834, 1.164099538167865, 0.33516724393215275, 0.29238715953551625, 0,5, 0
0.7784208075567086, 1.1522028171730867, 0.32972699235982583, 0.2940490282619455, 0,8, 0
0.7783542872347502, 1.1590602524632594, 0.33222699235982583, 0.2923739554963741, 0,4, 0
0.7758265150003326, 1.148093751658998, 0.3572291568619903, 0.30168414364432616, 0,5, 0
0.7773564824053748, 1.1399389611581783, 0.35025945989229335, 0.29741434282590673, 0,8, 0
0.7776225636932083, 1.121426624049864, 0.34454517417800756, 0.29419765493681604, 0,9, 0
0.7778221246590834, 1.1146953179366748, 0.343769964093974, 0.2947919437165064, 0,4, 0
0.7760925962881661, 1.099795327499496, 0.353032636905034, 0.3020848384008842, 0,9, 0
0.7781547262688752, 1.0949100762901054, 0.3372017822757922, 0.2936387020717305, 0,10, 0
0.7759595556442493, 1.0795874029456447, 0.32585631956240496, 0.30011654051379394, 0,4, 0
0.7784208075567086, 1.0545590630219082, 0.3234537221598076, 0.29406323973341575, 0,6, 0
0.7792190514202089, 1.0538264118704437, 0.3130134705874806, 0.28274658614818976, 0,7, 0
0.7631211335062862, 1.0721197982280226, 0.34035994763983995, 0.3008111357839532, 0,5, 0
0.7630546131843278, 1.0643026196866632, 0.34160994763983993, 0.30638440922281324, 0,5, 0
0.7792190514202089, 1.0402435824604106, 0.3130134705874806, 0.2903717225718739, 0,8, 0
0.7788864498104171, 1.0338729467920214, 0.3230134705874806, 0.2941149207498933, 0,8, 0
0.7730326614780816, 1.0320409099861156, 0.3487513348737319, 0.30505008179721904, 0,5, 0
0.7754273930685824, 1.0232849876170667, 0.3339718062262787, 0.3012215914117571, 0,5, 0
0.7750947914587907, 1.0247223385477295, 0.3411146633691359, 0.3054166045582412, 0,7, 0
0.7724339785804564, 1.0283665614425521, 0.3311906516786267, 0.30251860969260747, 0,3, 0
0.7764251978979578, 1.0168776941641016, 0.3281449663994389, 0.2991244950001294, 0,11, 0
0.7782212465908335, 1.0119432211898602, 0.3145965793026647, 0.2881566035608141, 0,5, 0
0.7806159781813344, 1.0061870509354542, 0.3303497733815886, 0.2937256772420722, 0,11, 0
0.7791525310982506, 1.0144305534654374, 0.31648975789090056, 0.28304161973031267, 0,9, 0
0.7788199294884587, 1.028756513871708, 0.3264897578909005, 0.297934745991939, 0,8, 0
0.7798177343178341, 1.0107266379645812, 0.3233816223664534, 0.30239352308100126, 0,6, 0
0.7806159781813344, 1.0070944088206675, 0.3129413707941264, 0.28388161975015835, 0,6, 0
0.7816803033326681, 0.9997059720712893, 0.3116405577859963, 0.28136206253954293, 0,9, 0
0.7818133439765849, 0.9829245349370612, 0.30497389111932965, 0.27914554066827973, 0,1, 0
0.7842080755670857, 0.9836833733007899, 0.3059046270500656, 0.28338990702920275, 0,9, 0
0.7836759129914189, 0.9755425402244245, 0.309678211955726, 0.2869661233805473, 0,5, 0
0.7842080755670857, 0.9740712306332935, 0.3059046270500656, 0.28410217467718624, 0,5, 0
0.7842080755670857, 0.9666608199702701, 0.3059046270500656, 0.27724758301745117, 0,3, 0
0.7818133439765849, 0.9585743559904678, 0.3156749351733149, 0.2949104716959761, 0,9, 0
0.7836759129914189, 0.9563838751155352, 0.3070474841929227, 0.2823681198301664, 0,3, 0
0.7826781081620435, 0.9614054824824122, 0.3127863474801731, 0.2827981379165235, 0,6, 0
0.7841415552451274, 0.96031514655677, 0.30923796038339896, 0.2841705414667292, 0,7, 0
0.783875473957294, 0.9568711208540277, 0.3169013917279607, 0.2857296778648724, 0,3, 0
0.783875473957294, 0.9380829687483858, 0.3169013917279607, 0.28398042382999583, 0,6, 0
0.7842080755670857, 0.9551253721109548, 0.3165337446691372, 0.28318415084485804, 0,8, 0
0.7851393600745028, 0.952702593812302, 0.3141282147152201, 0.2790196673623489, 0,7, 0
0.7657819463846205, 1.1638732243998972e+20, 0.32355085270105916, 0.2911303028977093, 0,8, 0
0.08847202820461651, 2.3024026325249682, 0.9209333442896931, 0.36781829997545656, 0,0, 0
0.30586044036453136, 2.1177323049654593, 0.7373996922950871, 0.31997533632550773, 0,0, 0
0.5835162642187188, 35955.51744097738, 0.5424330964756314, 0.40884746204714484, 0,2, 0
0.5952903612053483, 35.81484048356959, 0.5194532325774422, 0.39714092688092684, 0,2, 0
0.6719217721013769, 12.714234074987608, 0.4390960563488751, 0.3466076586399264, 0,2, 0
0.6997937870019291, 3.6089829527339874, 0.41795796726178963, 0.3387580892394918, 0,8, 0
0.712765249783809, 2.0082916541396165, 0.4328986274639896, 0.351272228401065, 0,5, 0
0.7695736047362469, 1.1356772309295973, 0.36690132717881596, 0.31876728210105976, 0,8, 0
0.7618572473890773, 1.092058051965084, 0.42782325113938474, 0.32381168297837676, 0,7, 0
0.7699062063460387, 1.1095775063293147, 0.41984882961876013, 0.3230147156453521, 0,9, 0
0.7764917182199161, 1.0259775542315142, 0.4013330263445068, 0.31438810270027423, 0,4, 0
0.7719683363267478, 1.0312331548850373, 0.4195264734075709, 0.3270849151183763, 0,6, 0
0.7707709705314973, 1.174854199027269, 0.4373847441852349, 0.33130885666900134, 0,5, 0
0.7732322224439566, 1.3313041727084896, 0.40791831143729185, 0.30910824644940543, 0,7, 0
0.7433645978846538, 5.136270873091842, 0.42186643861139717, 0.32506177084988847, 0,7, 0
0.7418346304796115, 9.767609159224248, 0.4184408818496019, 0.31741147083786597, 0,4, 0
0.7615246457792856, 1.700237478573628, 0.4030802307242849, 0.318753341489132, 0,5, 0
0.7602607596620767, 3.6175769204222727, 0.3946111770486165, 0.31841333609057976, 0,8, 0
0.7522783210270738, 7.918999426680882, 0.3881831309489017, 0.32751885746339454, 0,6, 0
0.6155790594026475, 4980.3669952087175, 0.5417754559109668, 0.39996207862019645, 0,5, 0
0.6515665535821193, 4460.766524548567, 0.436336713274596, 0.3487336391556061, 0,11, 0
0.5970198895762655, 2598854.7693568533, 0.4497653701282158, 0.37517361256278675, 0,9, 0
0.380429721279851, 2.0711315146845704, 0.7189452524062796, 0.4823094392084073, 0,9, 0
0.6149803765050222, 1.9541695053599786, 0.48566413365623196, 0.3856506448470343, 0,7, 0
0.5689483137098383, 1.8216893268798804, 0.5579726041540483, 0.4252621225204055, 0,7, 0
0.593959954766181, 1.756450275048789, 0.5322227803709861, 0.4074238531505215, 0,5, 0
0.671190048559835, 1.6847827403692717, 0.45703740950917926, 0.3625954162963587, 0,9, 0
0.6691279185791259, 1.6222598299107565, 0.46929139675000864, 0.3787756328495716, 0,7, 0
0.7645845805893701, 1.5791148142563896, 0.38575869771066174, 0.3174159152423827, 0,5, 0
0.7639858976917449, 1.5057568568645865, 0.38329336643177114, 0.3116651473437655, 0,6, 0
0.7653828244528703, 1.4686455319327112, 0.3444194404766677, 0.30427594566987853, 0,7, 0
0.7729661411561232, 1.4384342935041603, 0.3398361071433344, 0.3026202359199514, 0,7, 0
0.7730326614780816, 1.353192624254061, 0.34796795260469976, 0.2957327730066196, 0,6, 0
0.7811481407570012, 1.3077459301526204, 0.36465822971051237, 0.30439949923360876, 0,8, 0
0.7836093926694605, 1.2888782195385595, 0.336876844429127, 0.2932541342917927, 0,3, 0
0.782944189449877, 1.2779627408677927, 0.3501333379356206, 0.29839911368380295, 0,9, 0
0.7863367258697532, 1.2620632441152255, 0.33141896897125167, 0.2919913987602547, 0,6, 0
0.7865362868356283, 1.2422281876806092, 0.323502302304585, 0.28811530693886445, 0,6, 0
0.7821459455863766, 1.2224459211862246, 0.345187136287806, 0.29864829710832747, 0,5, 0
0.7824120268742101, 1.1981622862921324, 0.3416017297588511, 0.30102169659625533, 0,6, 0
0.778686888844542, 1.2180468670962885, 0.33851574316480004, 0.30146112798226077, 0,7, 0
0.7780882059469167, 1.2013033541641907, 0.35137288602194294, 0.3006649722676578, 0,6, 0
0.7784208075567086, 1.181602208282426, 0.3442300288790857, 0.3013564261176291, 0,4, 0
0.7788199294884587, 1.150899281387402, 0.33476574316480007, 0.29985155837302, 0,6, 0
0.7801503359276258, 1.1424678343161172, 0.3330474540792543, 0.2960868843800508, 0,7, 0
0.7877336526308787, 1.1211885655905833, 0.32721412074592093, 0.2936218781401504, 0,8, 0
0.7804829375374177, 1.1171383097428829, 0.32019031122211145, 0.3077932513655018, 0,7, 0
0.7801503359276258, 1.1143292465990575, 0.3330474540792543, 0.3002167221383956, 0,9, 0
0.7789529701323754, 1.1070552398720472, 0.3434783677495177, 0.30230878538710093, 0,6, 0
0.7869354087673784, 1.1071734456383229, 0.3263355106066605, 0.29227178636813034, 0,6, 0
0.7847402381427526, 1.1026142782784505, 0.3313619656331155, 0.29597164762151373, 0,7, 0
0.7847402381427526, 1.0943899097107315, 0.3313619656331155, 0.2992774407206025, 0,9, 0
0.7847402381427526, 1.0901494687726054, 0.3301119656331155, 0.2967414392117542, 0,4, 0
0.7848067584647109, 1.0754021801297824, 0.32802863229978224, 0.297383519022178, 0,7, 0
0.7843411162110024, 1603158172.9138222, 0.3317512135460229, 0.29868535619540415, 0,8, 0
0.7798177343178341, 1.0704785729344912, 0.33844179756588866, 0.29680570756570257, 0,8, 0
0.7821459455863766, 1.0653660379452778, 0.3324629615870527, 0.2947954709558813, 0,5, 0
0.7828111488059603, 1.0370209800236947, 0.31532010444419556, 0.2849874637973592, 0,8, 0
0.15465974855318299, 2920174940085.4707, 0.8616690319049218, 0.5612425236976517, 0,4, 0
0.7552717355151999, 1.0863371833044755, 0.3461036397186299, 0.30616508450821095, 0,6, 0
0.7476218984899887, 1.0775939631102678, 0.3598696016866468, 0.31920478671012786, 0,5, 0
0.7548726135834497, 1.0723089552171285, 0.34338025199524225, 0.30934171148919437, 0,8, 0
0.7750282711368323, 1.0599874904135034, 0.3116387385464117, 0.287462411431841, 0,6, 0
0.774961750814874, 1.0836300071620548, 0.3141387385464117, 0.28596691780481065, 0,4, 0
0.7530765648905741, 1.1236369586462038, 0.3220664493897852, 0.29140778440916604, 0,9, 0
0.7825450675181268, 1.0943272374818178, 0.307472071879745, 0.2822174614188357, 0,2, 0
0.7826115878400851, 1.0594053764835665, 0.304972071879745, 0.27891187893555797, 0,5, 0
0.7826115878400851, 1.048902881250399, 0.304972071879745, 0.28131012532427024, 0,5, 0
0.7814807423667931, 1.0408583044451205, 0.3087728848878751, 0.28518525493308916, 0,5, 0
0.7825450675181268, 1.0299587630787166, 0.307472071879745, 0.2790741966169821, 0,6, 0
0.7825450675181268, 1.0316907085963016, 0.307472071879745, 0.2799097937867965, 0,5, 0
0.7819463846205016, 1.0305505604062843, 0.32128159568926884, 0.29366080875122214, 0,6, 0
0.7811481407570012, 1.025437199632989, 0.3082128126204858, 0.28821113663893994, 0,11, 0
0.7825450675181268, 1.028703812636157, 0.307472071879745, 0.2765133761553712, 0,9, 0
0.7825450675181268, 1.0101860436821328, 0.307472071879745, 0.28172820305887825, 0,7, 0
0.7825450675181268, 1.0073831694357125, 0.307472071879745, 0.28814317456607735, 0,6, 0
0.7834098317035855, 1.0074242095045485, 0.3065019226260137, 0.2759120114290959, 0,9, 0
0.7835428723475022, 0.9911786547706433, 0.3015019226260137, 0.27726903192332975, 0,4, 0
0.7828776691279186, 0.9900759011192318, 0.3186447797688709, 0.287599608243925, 0,6, 0
0.7834098317035855, 1.0010007370930187, 0.3065019226260137, 0.28384349972698525, 0,6, 0
0.7867358478015034, 0.9970249685398188, 0.32059909448968305, 0.2880530689066989, 0,5, 0
0.7874010510210869, 0.9872376960974519, 0.3034562373468259, 0.2740668726410672, 0,10, 0
0.7874010510210869, 0.9767131444040991, 0.3034562373468259, 0.27776009560578835, 0,7, 0
0.7874010510210869, 0.9838747224453107, 0.3034562373468259, 0.27911015195860406, 0,7, 0
0.7874010510210869, 0.9773163562973229, 0.3034562373468259, 0.27705327748780634, 0,7, 0
0.7874675713430453, 0.9906423761310679, 0.30012290401349256, 0.2745555061332108, 0,10, 0
0.7874010510210869, 276938903056.8272, 0.30102117241176096, 0.277148282778111, 0,9, 0
0.32328876471762125, 29868324581080.258, 0.7015625844588088, 0.4718855905665243, 0,6, 0
0.10111088937670458, nan, 0.9116167084157132, 0.5783398571018228, 0,7, 0
0.10111088937670458, nan, 0.9116167084157132, 0.5781659975967388, 0,6, 0
0.10111088937670458, nan, 0.9116167084157132, 0.5831992544974584, 0,6, 0
0.10111088937670458, nan, 0.9116167084157132, 0.5770889443561777, 0,7, 0
0.10111088937670458, nan, 0.9116167084157132, 0.5794479501220989, 0,5, 0
0.10111088937670458, nan, 0.9116167084157132, 0.5764953073674582, 0,6, 0
0.10111088937670458, nan, 0.9116167084157132, 0.5781720247045297, 0,7, 0
