acuracia,loss,frr,fpr, removed, n_clf, tp_removed
0.09825051553249518, 0.0, 0.8944041643372586, 0.40467750686587217, 0,0, 0
0.09904875939599547, 0.0, 0.8938837418790088, 0.5731155171389767, 0,0, 0
0.10017960486928756, 0.0, 0.8835487229879121, 0.5770204033981341, 0,0, 0
0.10111088937670458, 0.0, 0.9116167084157132, 0.5787435847067777, 0,0, 0
0.10024612519124593, 0.0, 0.88033626681359, 0.5599880401081474, 0,0, 0
0.10024612519124593, 0.0, 0.88033626681359, 0.5635597043594196, 0,0, 0
0.10024612519124593, 0.0, 0.88033626681359, 0.5592469817908258, 0,0, 0
0.10024612519124593, 0.0, 0.88033626681359, 0.562594147950776, 0,0, 0
0.10024612519124593, 0.0, 0.88033626681359, 0.5607020916132055, 0,0, 0
0.10024612519124593, 0.0, 0.88033626681359, 0.5622412508870999, 0,0, 0
0.10024612519124593, 0.0, 0.88033626681359, 0.5604217981847166, 0,0, 0
0.10024612519124593, 0.0, 0.88033626681359, 0.5615868578924343, 0,0, 0
0.10024612519124593, 0.0, 0.88033626681359, 0.560433339563433, 0,0, 0
0.10024612519124593, 0.0, 0.88033626681359, 0.558179789083015, 0,0, 0
0.10024612519124593, 0.0, 0.88033626681359, 0.5642358088288855, 0,0, 0
0.10024612519124593, 0.0, 0.88033626681359, 0.5626360939662872, 0,0, 0
0.10024612519124593, 0.0, 0.88033626681359, 0.5597460340286857, 0,0, 0
0.10024612519124593, 0.0, 0.88033626681359, 0.5595883434959293, 0,0, 0
0.10024612519124593, 0.0, 0.88033626681359, 0.564034382697543, 0,0, 0
0.10024612519124593, 0.0, 0.88033626681359, 0.5622348606824038, 0,0, 0
0.10024612519124593, 0.0, 0.88033626681359, 0.5611346830064683, 0,0, 0
0.10024612519124593, 0.0, 0.88033626681359, 0.5649152279186833, 0,0, 0
0.10024612519124593, 0.0, 0.88033626681359, 0.5591023572583491, 0,0, 0
0.10024612519124593, 0.0, 0.88033626681359, 0.5612978038425601, 0,0, 0
0.09958092197166234, 0.0, 0.8933638062721464, 0.5771429802826643, 0,0, 0
0.08740770305328278, 0.0, 0.9033685148710165, 0.4064129817550596, 0,0, 0
0.09871615778620368, 0.0, 0.8997069848200446, 0.5684453816060985, 0,0, 0
0.10111088937670458, 0.0, 0.9116167084157132, 0.5829751701871582, 0,0, 0
0.10051220647907935, 0.0, 0.8777699163158681, 0.573096657789901, 0,0, 0
0.09958092197166234, 0.0, 0.8933638062721464, 0.580790855347428, 0,0, 0
0.09878267810816205, 0.0, 0.9000015148416551, 0.5787909545228873, 0,0, 0
0.10024612519124593, 0.0, 0.88033626681359, 0.5574344724390395, 0,0, 0
0.11082285638262489, 0.0, 0.8654338731189951, 0.40019531240989453, 0,0, 0
0.09904875939599547, 0.0, 0.8938837418790088, 0.5728073618366407, 0,0, 0
0.0996474422936207, 0.0, 0.9424463317291131, 0.5867627204241895, 0,0, 0
0.09958092197166234, 0.0, 0.8933638062721464, 0.5791850844818351, 0,0, 0
0.10097784873278787, 0.0, 0.8896953824485279, 0.5706844494378133, 0,0, 0
0.10051220647907935, 0.0, 0.8777699163158681, 0.5728766288123122, 0,0, 0
0.09958092197166234, 0.0, 0.8933638062721464, 0.581768863904751, 0,0, 0
0.09958092197166234, 0.0, 0.8933638062721464, 0.5748345054846147, 0,0, 0
0.10876072640191578, 0.0, 0.8822848387833351, 0.39481391316950415, 0,0, 0
0.10111088937670458, 0.0, 0.9116167084157132, 0.5778066927907075, 0,0, 0
0.10111088937670458, 0.0, 0.9116167084157132, 0.5804174113130639, 0,0, 0
0.10111088937670458, 0.0, 0.9116167084157132, 0.5835964681843941, 0,0, 0
0.10111088937670458, 0.0, 0.9116167084157132, 0.582598196434488, 0,0, 0
0.10111088937670458, 0.0, 0.9116167084157132, 0.578307061172321, 0,0, 0
0.10111088937670458, 0.0, 0.9116167084157132, 0.5793516828431666, 0,0, 0
0.10111088937670458, 0.0, 0.9116167084157132, 0.5806193557357069, 0,0, 0
0.10111088937670458, 0.0, 0.9116167084157132, 0.5811388947753491, 0,0, 0
0.10111088937670458, 0.0, 0.9116167084157132, 0.5828130291099975, 0,0, 0
0.10111088937670458, 0.0, 0.9116167084157132, 0.5789711594757554, 0,0, 0
0.10111088937670458, 0.0, 0.9116167084157132, 0.5781193057791685, 0,0, 0
0.10111088937670458, 0.0, 0.9116167084157132, 0.5800805558147943, 0,0, 0
0.10111088937670458, 0.0, 0.9116167084157132, 0.5823636427211704, 0,0, 0
0.10111088937670458, 0.0, 0.9116167084157132, 0.5826240070200011, 0,0, 0
0.10111088937670458, 0.0, 0.9116167084157132, 0.5811266982939958, 0,0, 0
0.10111088937670458, 0.0, 0.9116167084157132, 0.57808005314353, 0,0, 0
0.10111088937670458, 0.0, 0.9116167084157132, 0.5786587760684739, 0,0, 0
0.10111088937670458, 0.0, 0.9116167084157132, 0.5821211560299459, 0,0, 0
0.10111088937670458, 0.0, 0.9116167084157132, 0.5775252413580358, 0,0, 0
0.10111088937670458, 0.0, 0.9116167084157132, 0.5797898318415048, 0,0, 0
0.10111088937670458, 0.0, 0.9116167084157132, 0.5790180338572385, 0,0, 0
0.10111088937670458, 0.0, 0.9116167084157132, 0.5868025957516914, 0,0, 0
0.10111088937670458, 0.0, 0.9116167084157132, 0.579079942034832, 0,0, 0
0.10111088937670458, 0.0, 0.9116167084157132, 0.579159912040282, 0,0, 0
0.10111088937670458, 0.0, 0.9116167084157132, 0.5832591298447436, 0,0, 0
0.10111088937670458, 0.0, 0.9116167084157132, 0.5844014532565778, 0,0, 0
0.10111088937670458, 0.0, 0.9116167084157132, 0.5820940488681713, 0,0, 0
0.10111088937670458, 0.0, 0.9116167084157132, 0.5793231221487971, 0,0, 0
0.10111088937670458, 0.0, 0.9116167084157132, 0.5800511625283349, 0,0, 0
0.10111088937670458, 0.0, 0.9116167084157132, 0.5794211961768102, 0,0, 0
0.10111088937670458, 0.0, 0.9116167084157132, 0.5811445034698199, 0,0, 0
0.10111088937670458, 0.0, 0.9116167084157132, 0.5769666732541586, 0,0, 0
0.10111088937670458, 0.0, 0.9116167084157132, 0.5830168550802957, 0,0, 0
0.10111088937670458, 0.0, 0.9116167084157132, 0.582225476997583, 0,0, 0
0.10111088937670458, 0.0, 0.9116167084157132, 0.5822531138019749, 0,0, 0
0.10111088937670458, 0.0, 0.9116167084157132, 0.5836685265151885, 0,0, 0
0.10111088937670458, 0.0, 0.9116167084157132, 0.5819902448493937, 0,0, 0
0.10111088937670458, 0.0, 0.9116167084157132, 0.5831673638361282, 0,0, 0
0.10111088937670458, 0.0, 0.9116167084157132, 0.5804203124850879, 0,0, 0
0.10111088937670458, 0.0, 0.9116167084157132, 0.5831621267530273, 0,0, 0
0.10111088937670458, 0.0, 0.9116167084157132, 0.5783680546694794, 0,0, 0
0.10111088937670458, 0.0, 0.9116167084157132, 0.5780910370641325, 0,0, 0
0.10111088937670458, 0.0, 0.9116167084157132, 0.5836663132127842, 0,0, 0
0.10111088937670458, 0.0, 0.9116167084157132, 0.577986674066294, 0,0, 0
0.10111088937670458, 0.0, 0.9116167084157132, 0.5828890901884748, 0,0, 0
0.10111088937670458, 0.0, 0.9116167084157132, 0.5783294628559511, 0,0, 0
0.10111088937670458, 0.0, 0.9116167084157132, 0.5799939151325135, 0,0, 0
0.10111088937670458, 0.0, 0.9116167084157132, 0.5780428222894562, 0,0, 0
0.10111088937670458, 0.0, 0.9116167084157132, 0.5796203969463579, 0,0, 0
0.10111088937670458, 0.0, 0.9116167084157132, 0.5846544600223413, 0,0, 0
0.10111088937670458, 0.0, 0.9116167084157132, 0.583575423020849, 0,0, 0
0.10111088937670458, 0.0, 0.9116167084157132, 0.5774516361557173, 0,0, 0
0.10111088937670458, 0.0, 0.9116167084157132, 0.5840137060301371, 0,0, 0
0.10111088937670458, 0.0, 0.9116167084157132, 0.5800428446285164, 0,0, 0
0.10111088937670458, 0.0, 0.9116167084157132, 0.5799813358153191, 0,0, 0
0.10111088937670458, 0.0, 0.9116167084157132, 0.5787508809425449, 0,0, 0
0.10111088937670458, 0.0, 0.9116167084157132, 0.5752710082354322, 0,0, 0
0.10111088937670458, 0.0, 0.9116167084157132, 0.5797041359157538, 0,0, 0
0.10111088937670458, 0.0, 0.9116167084157132, 0.5776764976464124, 0,0, 0
0.10111088937670458, 0.0, 0.9116167084157132, 0.5784460941005286, 0,0, 0
0.09266280848799308, 0.0, 0.9142707797011692, 0.37465699368518324, 0,0, 0
0.10017960486928756, 0.0, 0.8835487229879121, 0.5792258073571878, 0,0, 0
0.09958092197166234, 0.0, 0.8933638062721464, 0.5789039565104305, 0,0, 0
0.09958092197166234, 0.0, 0.8933638062721464, 0.579390520394165, 0,0, 0
0.09958092197166234, 0.0, 0.8933638062721464, 0.5819848905224604, 0,0, 0
0.09958092197166234, 0.0, 0.8933638062721464, 0.5784956886840866, 0,0, 0
0.09958092197166234, 0.0, 0.8933638062721464, 0.5797779577878875, 0,0, 0
0.09958092197166234, 0.0, 0.8933638062721464, 0.5762955802372505, 0,0, 0
0.09958092197166234, 0.0, 0.8933638062721464, 0.5822027267590524, 0,0, 0
0.09958092197166234, 0.0, 0.8933638062721464, 0.5798081352039748, 0,0, 0
0.09958092197166234, 0.0, 0.8933638062721464, 0.5755785629187655, 0,0, 0
0.09958092197166234, 0.0, 0.8933638062721464, 0.5792060383727583, 0,0, 0
0.09958092197166234, 0.0, 0.8933638062721464, 0.5759842040749663, 0,0, 0
0.09958092197166234, 0.0, 0.8933638062721464, 0.5779538021614518, 0,0, 0
0.09958092197166234, 0.0, 0.8933638062721464, 0.5800870052694578, 0,0, 0
0.09958092197166234, 0.0, 0.8933638062721464, 0.5823532729895262, 0,0, 0
0.09958092197166234, 0.0, 0.8933638062721464, 0.5868360989157263, 0,0, 0
0.09958092197166234, 0.0, 0.8933638062721464, 0.5755934562924842, 0,0, 0
0.09958092197166234, 0.0, 0.8933638062721464, 0.5788651575915349, 0,0, 0
0.09958092197166234, 0.0, 0.8933638062721464, 0.5762676544836478, 0,0, 0
0.09958092197166234, 0.0, 0.8933638062721464, 0.5801412898868317, 0,0, 0
0.09958092197166234, 0.0, 0.8933638062721464, 0.579643880008219, 0,0, 0
0.09958092197166234, 0.0, 0.8933638062721464, 0.5743715920846217, 0,0, 0
0.09958092197166234, 0.0, 0.8933638062721464, 0.5779022411952991, 0,0, 0
0.09958092197166234, 0.0, 0.8933638062721464, 0.5761742618795368, 0,0, 0
0.09958092197166234, 0.0, 0.8933638062721464, 0.5768848358154597, 0,0, 0
0.09958092197166234, 0.0, 0.8933638062721464, 0.5760898255450944, 0,0, 0
0.09958092197166234, 0.0, 0.8933638062721464, 0.577116053188785, 0,0, 0
0.09958092197166234, 0.0, 0.8933638062721464, 0.5782612309836498, 0,0, 0
0.09958092197166234, 0.0, 0.8933638062721464, 0.5754425111397893, 0,0, 0
0.09958092197166234, 0.0, 0.8933638062721464, 0.5759772911574195, 0,0, 0
0.09991352358145414, 0.0, 0.9273376082964652, 0.5968635626686618, 0,0, 0
0.09991352358145414, 0.0, 0.9273376082964652, 0.5902540785012093, 0,0, 0
0.10097784873278787, 0.0, 0.8896953824485279, 0.575329814535217, 0,0, 0
0.09958092197166234, 0.0, 0.8933638062721464, 0.5782454227282213, 0,0, 0
0.09958092197166234, 0.0, 0.8933638062721464, 0.5775700814010459, 0,0, 0
0.09978048293753741, 0.0, 0.9247479540874916, 0.47450716813326205, 0,0, 0
0.09958092197166234, 0.0, 0.8933638062721464, 0.5768738634159227, 0,0, 0
0.12984766846271537, 0.0, 0.8690088964155742, 0.40695172995938156, 0,0, 0
0.10111088937670458, 0.0, 0.9116167084157132, 0.5788145334218164, 0,0, 0
0.09958092197166234, 0.0, 0.8933638062721464, 0.5756058300952024, 0,0, 0
0.0996474422936207, 0.0, 0.9424463317291131, 0.5873335642625918, 0,0, 0
0.09878267810816205, 0.0, 0.9000015148416551, 0.5818037851875115, 0,0, 0
0.10097784873278787, 0.0, 0.8896953824485279, 0.5744964599846455, 0,0, 0
0.09878267810816205, 0.0, 0.9000015148416551, 0.578794388088229, 0,0, 0
0.09878267810816205, 0.0, 0.9000015148416551, 0.5804211472850676, 0,0, 0
0.09958092197166234, 0.0, 0.8933638062721464, 0.5796224515441911, 0,0, 0
0.10017960486928756, 0.0, 0.8835487229879121, 0.5747407960286686, 0,0, 0
0.0996474422936207, 0.0, 0.9424463317291131, 0.591972235134198, 0,0, 0
0.0996474422936207, 0.0, 0.9424463317291131, 0.5877018383128649, 0,0, 0
0.10051220647907935, 0.0, 0.8777699163158681, 0.5754240713404752, 0,0, 0
0.10051220647907935, 0.0, 0.8777699163158681, 0.5739787443554718, 0,0, 0
0.10051220647907935, 0.0, 0.8777699163158681, 0.5722601595148517, 0,0, 0
0.10051220647907935, 0.0, 0.8777699163158681, 0.5758603789542226, 0,0, 0
0.10051220647907935, 0.0, 0.8777699163158681, 0.5733684210298661, 0,0, 0
0.10051220647907935, 0.0, 0.8777699163158681, 0.572359653464471, 0,0, 0
0.0996474422936207, 0.0, 0.9424463317291131, 0.5904595429963689, 0,0, 0
0.0996474422936207, 0.0, 0.9424463317291131, 0.5891791620618553, 0,0, 0
0.10097784873278787, 0.0, 0.8896953824485279, 0.5708455715868581, 0,0, 0
0.10097784873278787, 0.0, 0.8896953824485279, 0.5776623667126158, 0,0, 0
0.10097784873278787, 0.0, 0.8896953824485279, 0.5750456228882417, 0,0, 0
0.10097784873278787, 0.0, 0.8896953824485279, 0.5724162875127077, 0,0, 0
0.10097784873278787, 0.0, 0.8896953824485279, 0.5726959434581397, 0,0, 0
0.10097784873278787, 0.0, 0.8896953824485279, 0.5749570002170723, 0,0, 0
0.10097784873278787, 0.0, 0.8896953824485279, 0.5737585436186792, 0,0, 0
0.10111088937670458, 0.0, 0.9116167084157132, 0.5858459853735299, 0,0, 0
0.10111088937670458, 0.0, 0.9116167084157132, 0.5803832998830492, 0,0, 0
0.10111088937670458, 0.0, 0.9116167084157132, 0.5820605543980131, 0,0, 0
0.10111088937670458, 0.0, 0.9116167084157132, 0.5775921067957218, 0,0, 0
0.10111088937670458, 0.0, 0.9116167084157132, 0.5813001982618834, 0,0, 0
0.10111088937670458, 0.0, 0.9116167084157132, 0.5786067586305379, 0,0, 0
0.10111088937670458, 0.0, 0.9116167084157132, 0.5856492415231965, 0,0, 0
0.10111088937670458, 0.0, 0.9116167084157132, 0.5801049563171926, 0,0, 0
0.10111088937670458, 0.0, 0.9116167084157132, 0.5833612595275111, 0,0, 0
0.10111088937670458, 0.0, 0.9116167084157132, 0.584326173377182, 0,0, 0
0.10111088937670458, 0.0, 0.9116167084157132, 0.5844426124052657, 0,0, 0
0.10111088937670458, 0.0, 0.9116167084157132, 0.5827725240903121, 0,0, 0
0.10111088937670458, 0.0, 0.9116167084157132, 0.5819962885558841, 0,0, 0
0.10111088937670458, 0.0, 0.9116167084157132, 0.582119054393172, 0,0, 0
0.10111088937670458, 0.0, 0.9116167084157132, 0.5796149699846713, 0,0, 0
0.10111088937670458, 0.0, 0.9116167084157132, 0.5753020891107561, 0,0, 0
0.10111088937670458, 0.0, 0.9116167084157132, 0.5820469419937343, 0,0, 0
0.10111088937670458, 0.0, 0.9116167084157132, 0.5829750623055717, 0,0, 0
0.10111088937670458, 0.0, 0.9116167084157132, 0.5809272656923263, 0,0, 0
0.10111088937670458, 0.0, 0.9116167084157132, 0.5827099522170767, 0,0, 0
0.10111088937670458, 0.0, 0.9116167084157132, 0.5811755367278897, 0,0, 0
0.10111088937670458, 0.0, 0.9116167084157132, 0.5794341090404643, 0,0, 0
0.10111088937670458, 0.0, 0.9116167084157132, 0.5820256093677404, 0,0, 0
0.10111088937670458, 0.0, 0.9116167084157132, 0.5824535622794859, 0,0, 0
0.10111088937670458, 0.0, 0.9116167084157132, 0.5810776303369231, 0,0, 0
0.10111088937670458, 0.0, 0.9116167084157132, 0.5766650650405586, 0,0, 0
0.10111088937670458, 0.0, 0.9116167084157132, 0.581143712981186, 0,0, 0
0.10111088937670458, 0.0, 0.9116167084157132, 0.5772928427775765, 0,0, 0
0.10111088937670458, 0.0, 0.9116167084157132, 0.5839883737153355, 0,0, 0
0.10111088937670458, 0.0, 0.9116167084157132, 0.5814955433135781, 0,0, 0
0.10111088937670458, 0.0, 0.9116167084157132, 0.5812036816581635, 0,0, 0
0.10111088937670458, 0.0, 0.9116167084157132, 0.5809995873147237, 0,0, 0
0.10111088937670458, 0.0, 0.9116167084157132, 0.5809116578825874, 0,0, 0
0.10111088937670458, 0.0, 0.9116167084157132, 0.5844387797220808, 0,0, 0
0.10111088937670458, 0.0, 0.9116167084157132, 0.5828042547170924, 0,0, 0
0.10111088937670458, 0.0, 0.9116167084157132, 0.5810514330751889, 0,0, 0
0.10031264551320429, 0.0, 0.8817123114680165, 0.47165397770238743, 0,0, 0
0.09991352358145414, 0.0, 0.9273376082964652, 0.5871305051517612, 0,0, 0
0.10097784873278787, 0.0, 0.8896953824485279, 0.5732157271189486, 0,0, 0
0.10097784873278787, 0.0, 0.8896953824485279, 0.5783423495158125, 0,0, 0
0.10097784873278787, 0.0, 0.8896953824485279, 0.5730649900605557, 0,0, 0
0.10097784873278787, 0.0, 0.8896953824485279, 0.5721979092631863, 0,0, 0
0.10097784873278787, 0.0, 0.8896953824485279, 0.5739305935663755, 0,0, 0
0.10097784873278787, 0.0, 0.8896953824485279, 0.5727943324065451, 0,0, 0
0.10097784873278787, 0.0, 0.8896953824485279, 0.5685607930297825, 0,0, 0
0.10097784873278787, 0.0, 0.8896953824485279, 0.5687751762379818, 0,0, 0
0.10097784873278787, 0.0, 0.8896953824485279, 0.57284829006529, 0,0, 0
0.10097784873278787, 0.0, 0.8896953824485279, 0.5718302043401372, 0,0, 0
0.10097784873278787, 0.0, 0.8896953824485279, 0.5703412504082648, 0,0, 0
0.10097784873278787, 0.0, 0.8896953824485279, 0.575154871524918, 0,0, 0
0.10097784873278787, 0.0, 0.8896953824485279, 0.5736534979074865, 0,0, 0
0.10097784873278787, 0.0, 0.8896953824485279, 0.571386564833063, 0,0, 0
0.10097784873278787, 0.0, 0.8896953824485279, 0.5755492609367061, 0,0, 0
0.10097784873278787, 0.0, 0.8896953824485279, 0.5736060396344573, 0,0, 0
0.10097784873278787, 0.0, 0.8896953824485279, 0.5696382520126387, 0,0, 0
0.10097784873278787, 0.0, 0.8896953824485279, 0.5735613512308005, 0,0, 0
0.10097784873278787, 0.0, 0.8896953824485279, 0.574757413632059, 0,0, 0
0.10097784873278787, 0.0, 0.8896953824485279, 0.5708873837300452, 0,0, 0
0.10097784873278787, 0.0, 0.8896953824485279, 0.5725234047307702, 0,0, 0
0.10097784873278787, 0.0, 0.8896953824485279, 0.5716068427845239, 0,0, 0
0.10097784873278787, 0.0, 0.8896953824485279, 0.5745158784876591, 0,0, 0
0.10097784873278787, 0.0, 0.8896953824485279, 0.575769395521382, 0,0, 0
0.10097784873278787, 0.0, 0.8896953824485279, 0.5752460909961096, 0,0, 0
0.10097784873278787, 0.0, 0.8896953824485279, 0.5726284142473805, 0,0, 0
0.10097784873278787, 0.0, 0.8896953824485279, 0.5758510867480944, 0,0, 0
0.10097784873278787, 0.0, 0.8896953824485279, 0.5758739054564961, 0,0, 0
0.10097784873278787, 0.0, 0.8896953824485279, 0.5716178913868157, 0,0, 0
0.10097784873278787, 0.0, 0.8896953824485279, 0.5702369223909323, 0,0, 0
0.10097784873278787, 0.0, 0.8896953824485279, 0.5725722443598847, 0,0, 0
0.10097784873278787, 0.0, 0.8896953824485279, 0.5735392620710271, 0,0, 0
0.10097784873278787, 0.0, 0.8896953824485279, 0.5748850741419191, 0,0, 0
0.10097784873278787, 0.0, 0.8896953824485279, 0.5731205557630071, 0,0, 0
0.11654360407104371, 0.0, 0.8684573828821859, 0.4689945768122896, 0,0, 0
0.10037916583516264, 0.0, 0.8924767862063878, 0.4133589239028394, 0,0, 0
0.09904875939599547, 0.0, 0.8938837418790088, 0.5744253464162594, 0,0, 0
0.10024612519124593, 0.0, 0.88033626681359, 0.5688388888716035, 0,0, 0
0.09878267810816205, 0.0, 0.9000015148416551, 0.5790911261986506, 0,0, 0
0.10097784873278787, 0.0, 0.8896953824485279, 0.5736459248492204, 0,0, 0
0.09991352358145414, 0.0, 0.9273376082964652, 0.5904063271565783, 0,0, 0
0.10111088937670458, 0.0, 0.9116167084157132, 0.5811605562782387, 0,0, 0
0.10111088937670458, 0.0, 0.9116167084157132, 0.5783396974987786, 0,0, 0
0.10111088937670458, 0.0, 0.9116167084157132, 0.5850064971911029, 0,0, 0
0.10111088937670458, 0.0, 0.9116167084157132, 0.5806085013881991, 0,0, 0
0.10117740969866294, 0.0, 0.9115839215304673, 0.5781487472508102, 0,0, 0
0.09904875939599547, 0.0, 0.8938837418790088, 0.578006918629145, 0,0, 0
0.09904875939599547, 0.0, 0.8938837418790088, 0.5740236320877521, 0,0, 0
0.09904875939599547, 0.0, 0.8938837418790088, 0.5741339558151743, 0,0, 0
0.10111088937670458, 0.0, 0.9116167084157132, 0.5777968414866431, 0,0, 0
0.10111088937670458, 0.0, 0.9116167084157132, 0.5790941510274407, 0,0, 0
0.09904875939599547, 0.0, 0.8938837418790088, 0.5758647519908493, 0,0, 0
0.10111088937670458, 0.0, 0.9116167084157132, 0.5789795465536289, 0,0, 0
0.10111088937670458, 0.0, 0.9116167084157132, 0.5761743212442105, 0,0, 0
0.10017960486928756, 0.0, 0.8835487229879121, 0.5729740061928932, 0,0, 0
0.10111088937670458, 0.0, 0.9116167084157132, 0.5814812044771959, 0,0, 0
0.10051220647907935, 0.0, 0.8777699163158681, 0.5736353508071544, 0,0, 0
0.10017960486928756, 0.0, 0.8835487229879121, 0.5729586690906535, 0,0, 0
0.10017960486928756, 0.0, 0.8835487229879121, 0.573290388193891, 0,0, 0
0.10097784873278787, 0.0, 0.8896953824485279, 0.5731133137421311, 0,0, 0
0.10097784873278787, 0.0, 0.8896953824485279, 0.5737300528324727, 0,0, 0
0.10097784873278787, 0.0, 0.8896953824485279, 0.5743626827718976, 0,0, 0
0.09958092197166234, 0.0, 0.8933638062721464, 0.5838298531989811, 0,0, 0
0.09958092197166234, 0.0, 0.8933638062721464, 0.5785201777251854, 0,0, 0
0.09958092197166234, 0.0, 0.8933638062721464, 0.5781784320377077, 0,0, 0
0.10024612519124593, 0.0, 0.88033626681359, 0.5583715575065326, 0,0, 0
0.10097784873278787, 0.0, 0.8896953824485279, 0.5718879212960607, 0,0, 0
0.1009113284108295, 0.0, 0.9117749435739484, 0.5817617305723259, 0,0, 0
0.09904875939599547, 0.0, 0.8938837418790088, 0.5803366959447483, 0,0, 0
0.0996474422936207, 0.0, 0.9424463317291131, 0.5934553965133634, 0,0, 0
0.0996474422936207, 0.0, 0.9424463317291131, 0.5869461286174328, 0,0, 0
0.09904875939599547, 0.0, 0.8938837418790088, 0.574735090293592, 0,0, 0
0.09904875939599547, 0.0, 0.8938837418790088, 0.5749608650695794, 0,0, 0
0.09904875939599547, 0.0, 0.8938837418790088, 0.575589004876443, 0,0, 0
0.09698662941528637, 0.0, 0.8989672960528258, 0.4261805836466898, 0,0, 0
0.0996474422936207, 0.0, 0.9423286536751921, 0.5849574775626878, 0,0, 0
0.09904875939599547, 0.0, 0.8938837418790088, 0.5731237888871639, 0,0, 0
0.09904875939599547, 0.0, 0.8938837418790088, 0.5748453854764475, 0,0, 0
0.09978048293753741, 0.0, 0.9274288580209525, 0.5913988741922779, 0,0, 0
0.09272932880995144, 0.0, 0.9259115067253327, 0.4533863599451744, 0,0, 0
0.09991352358145414, 0.0, 0.9273376082964652, 0.5935444957872867, 0,0, 0
0.0996474422936207, 0.0, 0.9424463317291131, 0.5882667551138109, 0,0, 0
0.0996474422936207, 0.0, 0.9424463317291131, 0.5887485776411568, 0,0, 0
0.0996474422936207, 0.0, 0.9424463317291131, 0.5885477869622672, 0,0, 0
0.11248586443158384, 0.0, 0.9293028331049468, 0.4709511017823613, 0,0, 0
0.10111088937670458, 0.0, 0.9116167084157132, 0.5806814177138158, 0,0, 0
0.10111088937670458, 0.0, 0.9116167084157132, 0.5796513973055037, 0,0, 0
0.10111088937670458, 0.0, 0.9116167084157132, 0.5790757199574093, 0,0, 0
0.10111088937670458, 0.0, 0.9116167084157132, 0.5803544326123835, 0,0, 0
0.10111088937670458, 0.0, 0.9116167084157132, 0.5798133805177095, 0,0, 0
0.10111088937670458, 0.0, 0.9116167084157132, 0.5823180115957635, 0,0, 0
0.10111088937670458, 0.0, 0.9116167084157132, 0.5778168069040635, 0,0, 0
0.10111088937670458, 0.0, 0.9116167084157132, 0.5816541347532299, 0,0, 0
0.10111088937670458, 0.0, 0.9116167084157132, 0.5785904756291607, 0,0, 0
0.10111088937670458, 0.0, 0.9116167084157132, 0.5829663905449225, 0,0, 0
0.10111088937670458, 0.0, 0.9116167084157132, 0.5807198517918117, 0,0, 0
0.10111088937670458, 0.0, 0.9116167084157132, 0.5807872052748791, 0,0, 0
0.10111088937670458, 0.0, 0.9116167084157132, 0.5776949084898384, 0,0, 0
0.10111088937670458, 0.0, 0.9116167084157132, 0.5817251522288257, 0,0, 0
0.10836160447016563, 0.0, 0.8921704768732954, 0.28092798334287095, 0,0, 0
0.10017960486928756, 0.0, 0.8835487229879121, 0.5753783870769174, 0,0, 0
0.10097784873278787, 0.0, 0.8896953824485279, 0.5726699509131897, 0,0, 0
0.10097784873278787, 0.0, 0.8896953824485279, 0.5732403465946954, 0,0, 0
0.10097784873278787, 0.0, 0.8896953824485279, 0.5724805120577873, 0,0, 0
0.10097784873278787, 0.0, 0.8896953824485279, 0.5750762983449097, 0,0, 0
0.10097784873278787, 0.0, 0.8896953824485279, 0.5729744442473674, 0,0, 0
0.10097784873278787, 0.0, 0.8896953824485279, 0.5739848218496848, 0,0, 0
0.10097784873278787, 0.0, 0.8896953824485279, 0.5738753975837814, 0,0, 0
0.10097784873278787, 0.0, 0.8896953824485279, 0.5750747311923547, 0,0, 0
0.10097784873278787, 0.0, 0.8896953824485279, 0.5736760088912781, 0,0, 0
0.10097784873278787, 0.0, 0.8896953824485279, 0.5680724468235884, 0,0, 0
0.10097784873278787, 0.0, 0.8896953824485279, 0.5721808023224998, 0,0, 0
0.10097784873278787, 0.0, 0.8896953824485279, 0.5751419763371998, 0,0, 0
0.10097784873278787, 0.0, 0.8896953824485279, 0.5750394331377858, 0,0, 0
0.10097784873278787, 0.0, 0.8896953824485279, 0.5729023376340444, 0,0, 0
0.10097784873278787, 0.0, 0.8896953824485279, 0.5735986395443452, 0,0, 0
0.10097784873278787, 0.0, 0.8896953824485279, 0.575672643917425, 0,0, 0
0.09991352358145414, 0.0, 0.9273376082964652, 0.5895247668845781, 0,0, 0
0.09991352358145414, 0.0, 0.9273376082964652, 0.592667651344569, 0,0, 0
0.11434843344641787, 0.0, 0.8947154537730567, 0.39448193310592944, 0,0, 0
0.11408235215858445, 0.0, 0.8917647626967803, 0.41002802907211555, 0,0, 0
0.0996474422936207, 0.0, 0.9424463317291131, 0.5897898058136191, 0,0, 0
0.09878267810816205, 0.0, 0.9000015148416551, 0.5778202727506506, 0,0, 0
0.0996474422936207, 0.0, 0.9424463317291131, 0.5865346238828968, 0,0, 0
0.09951440164970399, 0.0, 0.8934005709780287, 0.580371785925498, 0,0, 0
0.10097784873278787, 0.0, 0.8896953824485279, 0.5728324158163585, 0,0, 0
0.10097784873278787, 0.0, 0.8896953824485279, 0.574382680176613, 0,0, 0
0.09991352358145414, 0.0, 0.9273376082964652, 0.5923152986257539, 0,0, 0
0.09878267810816205, 0.0, 0.9000015148416551, 0.5850709625281941, 0,0, 0
0.09878267810816205, 0.0, 0.9000015148416551, 0.5829303755126852, 0,0, 0
0.09878267810816205, 0.0, 0.9000015148416551, 0.5824271846303384, 0,0, 0
0.09878267810816205, 0.0, 0.9000015148416551, 0.5844687806081579, 0,0, 0
0.10024612519124593, 0.0, 0.88033626681359, 0.5659148162151982, 0,0, 0
0.10024612519124593, 0.0, 0.88033626681359, 0.5563398814484612, 0,0, 0
0.10024612519124593, 0.0, 0.88033626681359, 0.5601229877099159, 0,0, 0
0.10017960486928756, 0.0, 0.8835487229879121, 0.5742316485302896, 0,0, 0
0.10017960486928756, 0.0, 0.8835487229879121, 0.5754273045629226, 0,0, 0
0.10017960486928756, 0.0, 0.8835487229879121, 0.5777208209414588, 0,0, 0
0.10017960486928756, 0.0, 0.8835487229879121, 0.5726467008554947, 0,0, 0
0.10017960486928756, 0.0, 0.8835487229879121, 0.5798279017618796, 0,0, 0
0.09904875939599547, 0.0, 0.8938837418790088, 0.5777807951492422, 0,0, 0
0.10024612519124593, 0.0, 0.88033626681359, 0.5601082532511287, 0,0, 0
0.10024612519124593, 0.0, 0.88033626681359, 0.5584407663593187, 0,0, 0
0.10024612519124593, 0.0, 0.88033626681359, 0.5606748523586537, 0,0, 0
0.10024612519124593, 0.0, 0.88033626681359, 0.562120952904613, 0,0, 0
0.10024612519124593, 0.0, 0.88033626681359, 0.562431457075454, 0,0, 0
0.10024612519124593, 0.0, 0.88033626681359, 0.5611631008313904, 0,0, 0
0.09904875939599547, 0.0, 0.8938837418790088, 0.573365770743467, 0,0, 0
0.10024612519124593, 0.0, 0.88033626681359, 0.5640134062326014, 0,0, 0
0.10024612519124593, 0.0, 0.88033626681359, 0.5590309620291302, 0,0, 0
0.09991352358145414, 0.0, 0.9273376082964652, 0.588353260759407, 0,0, 0
0.09991352358145414, 0.0, 0.9273376082964652, 0.5928241377854137, 0,0, 0
0.09991352358145414, 0.0, 0.9273376082964652, 0.6001272316279039, 0,0, 0
0.09991352358145414, 0.0, 0.9273376082964652, 0.5905024201456018, 0,0, 0
0.09991352358145414, 0.0, 0.9273376082964652, 0.5925578813815306, 0,0, 0
0.09991352358145414, 0.0, 0.9273376082964652, 0.5898983992621283, 0,0, 0
0.0996474422936207, 0.0, 0.9424463317291131, 0.5889627345995833, 0,0, 0
0.0996474422936207, 0.0, 0.9424463317291131, 0.5910065303562411, 0,0, 0
0.09991352358145414, 0.0, 0.9273376082964652, 0.5928291742513628, 0,0, 0
0.09991352358145414, 0.0, 0.9273376082964652, 0.5923107621035864, 0,0, 0
0.09991352358145414, 0.0, 0.9273376082964652, 0.5921560505331307, 0,0, 0
0.09904875939599547, 0.0, 0.8938837418790088, 0.5732824107622131, 0,0, 0
0.09878267810816205, 0.0, 0.9000015148416551, 0.5776607473148472, 0,0, 0
0.09878267810816205, 0.0, 0.9000015148416551, 0.5799877765438407, 0,0, 0
0.09991352358145414, 0.0, 0.9273376082964652, 0.5908187075286935, 0,0, 0
0.10017960486928756, 0.0, 0.8835487229879121, 0.5759781718049704, 0,0, 0
0.09991352358145414, 0.0, 0.9273376082964652, 0.588775184398697, 0,0, 0
0.09991352358145414, 0.0, 0.9273376082964652, 0.5859612232350434, 0,0, 0
0.09991352358145414, 0.0, 0.9273376082964652, 0.5911204423938063, 0,0, 0
0.09991352358145414, 0.0, 0.9273376082964652, 0.5866844006247522, 0,0, 0
0.10097784873278787, 0.0, 0.8896953824485279, 0.5745411267282631, 0,0, 0
0.09991352358145414, 0.0, 0.9273376082964652, 0.5909183999239696, 0,0, 0
0.0996474422936207, 0.0, 0.9424463317291131, 0.5900050259550436, 0,0, 0
0.0996474422936207, 0.0, 0.9424463317291131, 0.5885476072987393, 0,0, 0
0.09991352358145414, 0.0, 0.9273376082964652, 0.586989697224615, 0,0, 0
0.0996474422936207, 0.0, 0.9424463317291131, 0.5867986652581235, 0,0, 0
0.09878267810816205, 0.0, 0.9000015148416551, 0.5804073773031763, 0,0, 0
0.09991352358145414, 0.0, 0.9273376082964652, 0.5886767218236666, 0,0, 0
0.0996474422936207, 0.0, 0.9424463317291131, 0.5868803405713954, 0,0, 0
0.09991352358145414, 0.0, 0.9273376082964652, 0.5867725058505232, 0,0, 0
0.0996474422936207, 0.0, 0.9424463317291131, 0.5899822807566395, 0,0, 0
0.0996474422936207, 0.0, 0.9424463317291131, 0.58890450285435, 0,0, 0
0.09991352358145414, 0.0, 0.9273376082964652, 0.5907268262503813, 0,0, 0
0.09991352358145414, 0.0, 0.9273376082964652, 0.5935670677804553, 0,0, 0
0.0996474422936207, 0.0, 0.9424463317291131, 0.5873491538535167, 0,0, 0
0.09991352358145414, 0.0, 0.9273376082964652, 0.589369083347425, 0,0, 0
0.10111088937670458, 0.0, 0.9116167084157132, 0.5800562337922088, 0,0, 0
0.09904875939599547, 0.0, 0.8938837418790088, 0.5755326106853772, 0,0, 0
0.09904875939599547, 0.0, 0.8938837418790088, 0.5743638859910847, 0,0, 0
0.09904875939599547, 0.0, 0.8938837418790088, 0.5737385118431302, 0,0, 0
0.0996474422936207, 0.0, 0.9424463317291131, 0.5920487967359278, 0,0, 0
0.0996474422936207, 0.0, 0.9424463317291131, 0.5901874654948748, 0,0, 0
0.09991352358145414, 0.0, 0.9273376082964652, 0.5884449835177576, 0,0, 0
0.09991352358145414, 0.0, 0.9273376082964652, 0.5936223971089889, 0,0, 0
0.0996474422936207, 0.0, 0.9424463317291131, 0.5883656620808988, 0,0, 0
0.10097784873278787, 0.0, 0.9117095688043021, 0.5795390066763819, 0,0, 0
0.10051220647907935, 0.0, 0.8777699163158681, 0.5719940276301417, 0,0, 0
0.09991352358145414, 0.0, 0.9273376082964652, 0.5908588254089903, 0,0, 0
0.09991352358145414, 0.0, 0.9273376082964652, 0.5959021872188847, 0,0, 0
0.09878267810816205, 0.0, 0.9000015148416551, 0.5824204541004613, 0,0, 0
0.10403778354287235, 0.0, 0.8956375096706843, 0.32365040281498353, 0,0, 0
0.10224173484999667, 0.0, 0.890681240345833, 0.48652943269491106, 0,0, 0
0.10024612519124593, 0.0, 0.88033626681359, 0.5648316552234539, 0,0, 0
0.10024612519124593, 0.0, 0.88033626681359, 0.561292658624693, 0,0, 0
0.10024612519124593, 0.0, 0.88033626681359, 0.5595196750877341, 0,0, 0
0.10024612519124593, 0.0, 0.88033626681359, 0.5601832139550571, 0,0, 0
0.10024612519124593, 0.0, 0.88033626681359, 0.564483004569529, 0,0, 0
0.10024612519124593, 0.0, 0.88033626681359, 0.5636117738573962, 0,0, 0
0.10024612519124593, 0.0, 0.88033626681359, 0.5656379965633549, 0,0, 0
0.10024612519124593, 0.0, 0.88033626681359, 0.5620670132094326, 0,0, 0
0.10024612519124593, 0.0, 0.88033626681359, 0.5616544393820463, 0,0, 0
0.10024612519124593, 0.0, 0.88033626681359, 0.5620652296548414, 0,0, 0
0.10024612519124593, 0.0, 0.88033626681359, 0.5597908261769947, 0,0, 0
0.10024612519124593, 0.0, 0.88033626681359, 0.5663886024700594, 0,0, 0
0.10024612519124593, 0.0, 0.88033626681359, 0.5636453916026533, 0,0, 0
0.10024612519124593, 0.0, 0.88033626681359, 0.5649071672786541, 0,0, 0
0.10024612519124593, 0.0, 0.88033626681359, 0.5644638681842824, 0,0, 0
0.12432648174017162, 0.0, 0.8656503748934142, 0.4020379408817196, 0,0, 0
0.10024612519124593, 0.0, 0.88033626681359, 0.5576659807417298, 0,0, 0
0.10024612519124593, 0.0, 0.88033626681359, 0.5634064780077167, 0,0, 0
0.08700858112153263, 0.0, 0.9144396879634676, 0.4694504788673416, 0,0, 0
0.09878267810816205, 0.0, 0.9000015148416551, 0.5776968551265645, 0,0, 0
0.09904875939599547, 0.0, 0.8938837418790088, 0.5750490086690072, 0,0, 0
0.09904875939599547, 0.0, 0.8938837418790088, 0.5798032606928702, 0,0, 0
0.09904875939599547, 0.0, 0.8938837418790088, 0.5730737867416122, 0,0, 0
0.09991352358145414, 0.0, 0.9273376082964652, 0.5880906424164891, 0,0, 0
0.09904875939599547, 0.0, 0.8938837418790088, 0.5761017652565181, 0,0, 0
0.09904875939599547, 0.0, 0.8938837418790088, 0.5754998043194207, 0,0, 0
0.09904875939599547, 0.0, 0.8938837418790088, 0.582432576165571, 0,0, 0
0.09904875939599547, 0.0, 0.8938837418790088, 0.5725518950604596, 0,0, 0
0.09904875939599547, 0.0, 0.8938837418790088, 0.5708975950587197, 0,0, 0
0.09904875939599547, 0.0, 0.8938837418790088, 0.5729278329272501, 0,0, 0
0.09904875939599547, 0.0, 0.8938837418790088, 0.5727433411061763, 0,0, 0
0.09904875939599547, 0.0, 0.8938837418790088, 0.578869791244595, 0,0, 0
0.09904875939599547, 0.0, 0.8938837418790088, 0.5735453023631597, 0,0, 0
0.09904875939599547, 0.0, 0.8938837418790088, 0.5735839801634399, 0,0, 0
0.09904875939599547, 0.0, 0.8938837418790088, 0.5762959273109889, 0,0, 0
0.09904875939599547, 0.0, 0.8938837418790088, 0.5761682017660279, 0,0, 0
0.09904875939599547, 0.0, 0.8938837418790088, 0.5785964550569538, 0,0, 0
0.09904875939599547, 0.0, 0.8938837418790088, 0.5740999147600201, 0,0, 0
0.09904875939599547, 0.0, 0.8938837418790088, 0.5751104117060474, 0,0, 0
0.09904875939599547, 0.0, 0.8938837418790088, 0.5812785749897342, 0,0, 0
0.09904875939599547, 0.0, 0.8938837418790088, 0.5771227957192474, 0,0, 0
0.09904875939599547, 0.0, 0.8938837418790088, 0.5753979731764898, 0,0, 0
0.09904875939599547, 0.0, 0.8938837418790088, 0.5774345063331691, 0,0, 0
0.09904875939599547, 0.0, 0.8938837418790088, 0.5728719752970024, 0,0, 0
0.09958092197166234, 0.0, 0.8933638062721464, 0.5768727347972713, 0,0, 0
0.09958092197166234, 0.0, 0.8933638062721464, 0.5779243673981536, 0,0, 0
0.09944788132774562, 0.0, 0.893445513316794, 0.5739280377904961, 0,0, 0
0.09904875939599547, 0.0, 0.8938837418790088, 0.572199390562981, 0,0, 0
0.09991352358145414, 0.0, 0.9273376082964652, 0.5886292472135315, 0,0, 0
0.09904875939599547, 0.0, 0.8938837418790088, 0.5760982052310379, 0,0, 0
0.09904875939599547, 0.0, 0.8938837418790088, 0.5744866372890113, 0,0, 0
0.10024612519124593, 0.0, 0.88033626681359, 0.5638474334848815, 0,0, 0
0.09998004390341249, 0.0, 0.942114181899765, 0.5847065248197023, 0,0, 0
0.09904875939599547, 0.0, 0.8938837418790088, 0.5755271214761769, 0,0, 0
0.09904875939599547, 0.0, 0.8938837418790088, 0.573210744575826, 0,0, 0
0.0996474422936207, 0.0, 0.9424463317291131, 0.5874569816092319, 0,0, 0
0.09332801170757667, 0.0, 0.9196861560998062, 0.5302353632738509, 0,0, 0
0.09991352358145414, 0.0, 0.9273376082964652, 0.5902563608609475, 0,0, 0
0.09991352358145414, 0.0, 0.9273376082964652, 0.5853178793266696, 0,0, 0
0.09991352358145414, 0.0, 0.9273376082964652, 0.5896137620383268, 0,0, 0
0.09991352358145414, 0.0, 0.9273376082964652, 0.5876274819246379, 0,0, 0
0.0996474422936207, 0.0, 0.9424463317291131, 0.5874487175938357, 0,0, 0
0.09904875939599547, 0.0, 0.8938837418790088, 0.5708399911738323, 0,0, 0
0.09991352358145414, 0.0, 0.9273376082964652, 0.5883666018345788, 0,0, 0
0.0996474422936207, 0.0, 0.9424463317291131, 0.5858481459809146, 0,0, 0
0.09991352358145414, 0.0, 0.9273376082964652, 0.5893759107610204, 0,0, 0
0.09991352358145414, 0.0, 0.9273376082964652, 0.5895610882608932, 0,0, 0
0.09991352358145414, 0.0, 0.9273376082964652, 0.5888393718472127, 0,0, 0
0.09991352358145414, 0.0, 0.9273376082964652, 0.5920396059731808, 0,0, 0
0.09991352358145414, 0.0, 0.9273376082964652, 0.5952140350221038, 0,0, 0
0.09991352358145414, 0.0, 0.9273376082964652, 0.5926845204998831, 0,0, 0
0.09991352358145414, 0.0, 0.9273376082964652, 0.5895452087215688, 0,0, 0
0.0996474422936207, 0.0, 0.9424463317291131, 0.5873854631008069, 0,0, 0
0.09991352358145414, 0.0, 0.942219191642033, 0.5435078629413704, 0,0, 0
0.0996474422936207, 0.0, 0.9424463317291131, 0.5926519445233591, 0,0, 0
0.0996474422936207, 0.0, 0.9424463317291131, 0.5873685947501655, 0,0, 0
0.0996474422936207, 0.0, 0.9424463317291131, 0.5891220017514516, 0,0, 0
0.0996474422936207, 0.0, 0.9424463317291131, 0.592216114402069, 0,0, 0
0.0996474422936207, 0.0, 0.9424463317291131, 0.5887858395033279, 0,0, 0
0.0996474422936207, 0.0, 0.9424463317291131, 0.5894657835297342, 0,0, 0
0.09904875939599547, 0.0, 0.8938837418790088, 0.5739936389184127, 0,0, 0
0.10017960486928756, 0.0, 0.8835487229879121, 0.5728437431590954, 0,0, 0
0.10017960486928756, 0.0, 0.8835487229879121, 0.5720312128102027, 0,0, 0
0.0996474422936207, 0.0, 0.9424463317291131, 0.5910614471303471, 0,0, 0
0.10476950708441429, 0.0, 0.9319112992318368, 0.4402883256676322, 0,0, 0
0.0996474422936207, 0.0, 0.9424463317291131, 0.5889192786107473, 0,0, 0
0.0996474422936207, 0.0, 0.9424463317291131, 0.5867685981328281, 0,0, 0
0.0996474422936207, 0.0, 0.9424463317291131, 0.5889674195056728, 0,0, 0
0.09904875939599547, 0.0, 0.8938837418790088, 0.5752322858183758, 0,0, 0
0.09525710104436906, 0.0, 0.8982063722046587, 0.4124106338974641, 0,0, 0
0.0996474422936207, 0.0, 0.9424463317291131, 0.5865437932540256, 0,0, 0
0.0996474422936207, 0.0, 0.9424463317291131, 0.5896666047371024, 0,0, 0
0.09020155657553383, 0.0, 0.9264495524027254, 0.39465278799560993, 0,0, 0
0.0996474422936207, 0.0, 0.9424463317291131, 0.591255101600479, 0,0, 0
0.09904875939599547, 0.0, 0.8938837418790088, 0.5748956154207958, 0,0, 0
0.0996474422936207, 0.0, 0.9424463317291131, 0.5886088209223601, 0,0, 0
0.09904875939599547, 0.0, 0.8938837418790088, 0.5727372248557705, 0,0, 0
0.09904875939599547, 0.0, 0.8938837418790088, 0.5732348383807276, 0,0, 0
0.10264085678174682, 0.0, 0.8890460021353949, 0.5306039663869072, 0,0, 0
0.09605534490786935, 0.0, 0.9277148532385796, 0.5210927700345236, 0,0, 0
0.10097784873278787, 0.0, 0.8896953824485279, 0.570584540235114, 0,0, 0
0.10017960486928756, 0.0, 0.8835487229879121, 0.5770061771854694, 0,0, 0
0.10017960486928756, 0.0, 0.8835487229879121, 0.5715784610975067, 0,0, 0
0.10017960486928756, 0.0, 0.8835487229879121, 0.5746864653170752, 0,0, 0
0.10017960486928756, 0.0, 0.8835487229879121, 0.573130877963407, 0,0, 0
0.10017960486928756, 0.0, 0.8835487229879121, 0.5754261337792574, 0,0, 0
0.10017960486928756, 0.0, 0.8835487229879121, 0.5753180548546858, 0,0, 0
0.10017960486928756, 0.0, 0.8835487229879121, 0.5707321015996579, 0,0, 0
0.10017960486928756, 0.0, 0.8835487229879121, 0.5750347042343544, 0,0, 0
0.09878267810816205, 0.0, 0.9000015148416551, 0.5808598672028747, 0,0, 0
0.09904875939599547, 0.0, 0.8938837418790088, 0.5747762098881745, 0,0, 0
0.09904875939599547, 0.0, 0.8938837418790088, 0.5698622633185428, 0,0, 0
0.09991352358145414, 0.0, 0.9273376082964652, 0.5895303794324487, 0,0, 0
0.09904875939599547, 0.0, 0.8938837418790088, 0.5725210289571534, 0,0, 0
0.09904875939599547, 0.0, 0.8938837418790088, 0.5762282327142588, 0,0, 0
0.09904875939599547, 0.0, 0.8938837418790088, 0.5762007417648212, 0,0, 0
0.09991352358145414, 0.0, 0.9273376082964652, 0.5895716344410031, 0,0, 0
0.09991352358145414, 0.0, 0.9273376082964652, 0.5905153338173075, 0,0, 0
0.09991352358145414, 0.0, 0.9273376082964652, 0.5893442941386313, 0,0, 0
0.09991352358145414, 0.0, 0.9273376082964652, 0.5878152060444658, 0,0, 0
0.09991352358145414, 0.0, 0.9273376082964652, 0.5914417888237551, 0,0, 0
0.09991352358145414, 0.0, 0.9273376082964652, 0.588580157921174, 0,0, 0
0.09991352358145414, 0.0, 0.9273376082964652, 0.5852772504318532, 0,0, 0
0.09924832036187055, 0.0, 0.885178584905333, 0.4631479456307879, 0,0, 0
0.09904875939599547, 0.0, 0.8938837418790088, 0.57088461534711, 0,0, 0
0.10017960486928756, 0.0, 0.8835487229879121, 0.5766413501589625, 0,0, 0
0.10017960486928756, 0.0, 0.8835487229879121, 0.5712915092970651, 0,0, 0
0.10017960486928756, 0.0, 0.8835487229879121, 0.5786772100309234, 0,0, 0
0.10097784873278787, 0.0, 0.8896953824485279, 0.5737633886904431, 0,0, 0
0.09951440164970399, 0.0, 0.8972944829149871, 0.5333918434973836, 0,0, 0
0.10097784873278787, 0.0, 0.8896953824485279, 0.5733852964966818, 0,0, 0
0.09904875939599547, 0.0, 0.8938837418790088, 0.5742579130550848, 0,0, 0
0.09904875939599547, 0.0, 0.8938837418790088, 0.5738166331967988, 0,0, 0
0.09991352358145414, 0.0, 0.9273376082964652, 0.5977737834183505, 0,0, 0
0.10111088937670458, 0.0, 0.9116167084157132, 0.5811801070504007, 0,0, 0
0.09904875939599547, 0.0, 0.8938837418790088, 0.5748912524400303, 0,0, 0
0.09904875939599547, 0.0, 0.8938837418790088, 0.5739862383490091, 0,0, 0
0.09904875939599547, 0.0, 0.8938837418790088, 0.5740481511651894, 0,0, 0
0.09904875939599547, 0.0, 0.8938837418790088, 0.5742107788858625, 0,0, 0
0.09904875939599547, 0.0, 0.8938837418790088, 0.5768427357503894, 0,0, 0
0.100445686157121, 0.0, 0.877802703201114, 0.5761026150543237, 0,0, 0
0.09904875939599547, 0.0, 0.8938837418790088, 0.5751034676599551, 0,0, 0
0.10097784873278787, 0.0, 0.8896953824485279, 0.570977689094693, 0,0, 0
0.10097784873278787, 0.0, 0.8896953824485279, 0.5698098553433772, 0,0, 0
0.10111088937670458, 0.0, 0.9116167084157132, 0.5780480556279592, 0,0, 0
0.10111088937670458, 0.0, 0.9116167084157132, 0.5827074602005274, 0,0, 0
0.09878267810816205, 0.0, 0.9000015148416551, 0.577658385726139, 0,0, 0
0.09904875939599547, 0.0, 0.8938837418790088, 0.5769356704383345, 0,0, 0
0.09904875939599547, 0.0, 0.8938837418790088, 0.5730596589423248, 0,0, 0
0.09904875939599547, 0.0, 0.8938837418790088, 0.5710827089680772, 0,0, 0
0.09904875939599547, 0.0, 0.8938837418790088, 0.57156816595581, 0,0, 0
0.09904875939599547, 0.0, 0.8938837418790088, 0.5745546749240019, 0,0, 0
0.10590035255770638, 0.0, 0.888568951162763, 0.5587995965804761, 0,0, 0
0.09991352358145414, 0.0, 0.9273376082964652, 0.590756540138788, 0,0, 0
0.09911527971795384, 0.0, 0.8938208487972479, 0.5758469013620968, 0,0, 0
0.09891571875207876, 0.0, 0.8940800408143046, 0.5527728564395414, 0,0, 0
0.09904875939599547, 0.0, 0.8938837418790088, 0.5739184649574057, 0,0, 0
0.09904875939599547, 0.0, 0.8938837418790088, 0.5763529670497606, 0,0, 0
0.09991352358145414, 0.0, 0.9273376082964652, 0.5893511196827448, 0,0, 0
0.09991352358145414, 0.0, 0.9273376082964652, 0.5896522824361243, 0,0, 0
0.09991352358145414, 0.0, 0.9273376082964652, 0.5895901171655243, 0,0, 0
0.09904875939599547, 0.0, 0.8938837418790088, 0.5754523793164653, 0,0, 0
0.09871615778620368, 0.0, 0.8941210622083173, 0.5486487830628698, 0,0, 0
0.09904875939599547, 0.0, 0.8938837418790088, 0.5774179922258003, 0,0, 0
0.09904875939599547, 0.0, 0.8938837418790088, 0.5768402966975933, 0,0, 0
0.09878267810816205, 0.0, 0.8947317185461816, 0.5576836460684627, 0,0, 0
0.09904875939599547, 0.0, 0.8938837418790088, 0.5811966691675279, 0,0, 0
0.09991352358145414, 0.0, 0.9273376082964652, 0.5908788850429382, 0,0, 0
0.095988824585911, 0.0, 0.899770558884926, 0.5387734964727197, 0,0, 0
0.11627752278321027, 0.0, 0.8742813120721874, 0.48768184959805827, 0,0, 0
0.09984700325949578, 0.0, 0.9274989890709435, 0.5845770748164483, 0,0, 0
0.10111088937670458, 0.0, 0.9116167084157132, 0.580515672794494, 0,0, 0
0.10111088937670458, 0.0, 0.9116167084157132, 0.5814370842317996, 0,0, 0
0.10111088937670458, 0.0, 0.9116167084157132, 0.5816917041985906, 0,0, 0
0.10111088937670458, 0.0, 0.9116167084157132, 0.5785254296985194, 0,0, 0
0.10111088937670458, 0.0, 0.9116167084157132, 0.5803568348892183, 0,0, 0
0.10111088937670458, 0.0, 0.9116167084157132, 0.5795856087096106, 0,0, 0
0.10111088937670458, 0.0, 0.9116167084157132, 0.583337130596583, 0,0, 0
0.10111088937670458, 0.0, 0.9116167084157132, 0.5830809086830506, 0,0, 0
0.10111088937670458, 0.0, 0.9116167084157132, 0.5809727439995025, 0,0, 0
0.10111088937670458, 0.0, 0.9116167084157132, 0.5817939828804267, 0,0, 0
0.10111088937670458, 0.0, 0.9116167084157132, 0.5772974161051444, 0,0, 0
0.10111088937670458, 0.0, 0.9116167084157132, 0.5838698292626606, 0,0, 0
0.10111088937670458, 0.0, 0.9116167084157132, 0.5804684669970209, 0,0, 0
0.10111088937670458, 0.0, 0.9116167084157132, 0.5858764576016255, 0,0, 0
0.10111088937670458, 0.0, 0.9116167084157132, 0.5837032767270471, 0,0, 0
0.10111088937670458, 0.0, 0.9116167084157132, 0.5890933008318477, 0,0, 0
0.10111088937670458, 0.0, 0.9116167084157132, 0.5796953063229108, 0,0, 0
0.10111088937670458, 0.0, 0.9116167084157132, 0.5867736723801493, 0,0, 0
0.10111088937670458, 0.0, 0.9116167084157132, 0.5859934731446595, 0,0, 0
0.10111088937670458, 0.0, 0.9116167084157132, 0.5838947219538926, 0,0, 0
0.10111088937670458, 0.0, 0.9116167084157132, 0.5791600901345819, 0,0, 0
0.10111088937670458, 0.0, 0.9116167084157132, 0.5806644841797666, 0,0, 0
0.10111088937670458, 0.0, 0.9116167084157132, 0.5867833222283408, 0,0, 0
0.10111088937670458, 0.0, 0.9116167084157132, 0.5853130305023598, 0,0, 0
0.10111088937670458, 0.0, 0.9116167084157132, 0.581327936124021, 0,0, 0
0.10111088937670458, 0.0, 0.9116167084157132, 0.5803093547127657, 0,0, 0
0.10111088937670458, 0.0, 0.9116167084157132, 0.5772769739084628, 0,0, 0
0.10111088937670458, 0.0, 0.9116167084157132, 0.5816128893978048, 0,0, 0
0.10111088937670458, 0.0, 0.9116167084157132, 0.5797297327737457, 0,0, 0
0.10297345839153861, 0.0, 0.8826302958662793, 0.3592189741973562, 0,0, 0
0.10097784873278787, 0.0, 0.8896953824485279, 0.5730834838356846, 0,0, 0
0.10051220647907935, 0.0, 0.8777699163158681, 0.5780866976299159, 0,0, 0
0.10051220647907935, 0.0, 0.8777699163158681, 0.5717467814727154, 0,0, 0
0.09958092197166234, 0.0, 0.8933638062721464, 0.5777381378758742, 0,0, 0
0.09958092197166234, 0.0, 0.8933638062721464, 0.5783759856240287, 0,0, 0
0.10051220647907935, 0.0, 0.8777699163158681, 0.5805773087208688, 0,0, 0
0.09958092197166234, 0.0, 0.8933638062721464, 0.5805545932271966, 0,0, 0
0.10051220647907935, 0.0, 0.8777699163158681, 0.5821298254905986, 0,0, 0
0.09958092197166234, 0.0, 0.8933638062721464, 0.577993255037055, 0,0, 0
0.10051220647907935, 0.0, 0.8777699163158681, 0.5728649649030383, 0,0, 0
0.09958092197166234, 0.0, 0.8933638062721464, 0.5788961249418608, 0,0, 0
0.09958092197166234, 0.0, 0.8933638062721464, 0.5850188887894594, 0,0, 0
0.09958092197166234, 0.0, 0.8933638062721464, 0.5774952171991073, 0,0, 0
0.09958092197166234, 0.0, 0.8933638062721464, 0.5819496159657658, 0,0, 0
0.09958092197166234, 0.0, 0.8933638062721464, 0.5779594883499779, 0,0, 0
0.09958092197166234, 0.0, 0.8933638062721464, 0.5793575391448785, 0,0, 0
0.09958092197166234, 0.0, 0.8933638062721464, 0.5788413508030564, 0,0, 0
0.09958092197166234, 0.0, 0.8933638062721464, 0.5788012441904427, 0,0, 0
0.09958092197166234, 0.0, 0.8933638062721464, 0.5795271403247284, 0,0, 0
0.09958092197166234, 0.0, 0.8933638062721464, 0.5773535171739913, 0,0, 0
0.10051220647907935, 0.0, 0.8777699163158681, 0.5720463310554988, 0,0, 0
0.10051220647907935, 0.0, 0.8777699163158681, 0.5732997716179477, 0,0, 0
0.10051220647907935, 0.0, 0.8777699163158681, 0.5739218549017567, 0,0, 0
0.10051220647907935, 0.0, 0.8777699163158681, 0.5723297170942313, 0,0, 0
0.06911461451473425, 0.0, 0.9535922506923687, 0.44348772876960685, 0,0, 0
0.09958092197166234, 0.0, 0.8933638062721464, 0.5786896894903559, 0,0, 0
0.09931484068382891, 0.0, 0.8935987044943681, 0.5738297140194074, 0,0, 0
0.08507949178474024, 0.0, 0.907916679385214, 0.4035728008054116, 0,0, 0
0.09904875939599547, 0.0, 0.8938837418790088, 0.574871862393928, 0,0, 0
0.09904875939599547, 0.0, 0.8938837418790088, 0.5731366004182955, 0,0, 0
0.09904875939599547, 0.0, 0.8938837418790088, 0.5736559463655146, 0,0, 0
0.09904875939599547, 0.0, 0.8938837418790088, 0.5764081750184306, 0,0, 0
0.09904875939599547, 0.0, 0.8938837418790088, 0.5750506640602153, 0,0, 0
0.09904875939599547, 0.0, 0.8938837418790088, 0.5722285242196006, 0,0, 0
0.10051220647907935, 0.0, 0.8777699163158681, 0.5735510237722077, 0,0, 0
0.10051220647907935, 0.0, 0.8777699163158681, 0.5817539175811106, 0,0, 0
0.0996474422936207, 0.0, 0.9424463317291131, 0.5865245531286467, 0,0, 0
0.0996474422936207, 0.0, 0.9424463317291131, 0.588954882845146, 0,0, 0
0.09991352358145414, 0.0, 0.9273376082964652, 0.5890012291957195, 0,0, 0
0.0996474422936207, 0.0, 0.9424463317291131, 0.588313672577084, 0,0, 0
0.09904875939599547, 0.0, 0.8938837418790088, 0.5756351001859819, 0,0, 0
0.09904875939599547, 0.0, 0.8938837418790088, 0.5798703807675893, 0,0, 0
0.09904875939599547, 0.0, 0.8938837418790088, 0.5717801874966594, 0,0, 0
0.09904875939599547, 0.0, 0.8938837418790088, 0.5740264290493144, 0,0, 0
0.09904875939599547, 0.0, 0.8938837418790088, 0.5786334987129813, 0,0, 0
0.09904875939599547, 0.0, 0.8938837418790088, 0.5719498985659617, 0,0, 0
0.09904875939599547, 0.0, 0.8938837418790088, 0.5778632668851381, 0,0, 0
0.09904875939599547, 0.0, 0.8938837418790088, 0.5762251174000615, 0,0, 0
0.09904875939599547, 0.0, 0.8938837418790088, 0.575016500431428, 0,0, 0
0.10024612519124593, 0.0, 0.88033626681359, 0.5593412518947024, 0,0, 0
0.09904875939599547, 0.0, 0.8938837418790088, 0.575314890763988, 0,0, 0
0.0996474422936207, 0.0, 0.9424463317291131, 0.5852686315425827, 0,0, 0
0.10097784873278787, 0.0, 0.8896953824485279, 0.5738736626439758, 0,0, 0
0.09904875939599547, 0.0, 0.8938837418790088, 0.5766693511709506, 0,0, 0
0.0996474422936207, 0.0, 0.9424463317291131, 0.5894966401981665, 0,0, 0
0.0996474422936207, 0.0, 0.9424463317291131, 0.5867999890892157, 0,0, 0
0.0996474422936207, 0.0, 0.9424463317291131, 0.5917537131298366, 0,0, 0
0.0996474422936207, 0.0, 0.9424463317291131, 0.5926898940831817, 0,0, 0
0.0996474422936207, 0.0, 0.9424463317291131, 0.5877110715908319, 0,0, 0
0.0996474422936207, 0.0, 0.9424463317291131, 0.5891444545001712, 0,0, 0
0.0996474422936207, 0.0, 0.9424463317291131, 0.5904536686425875, 0,0, 0
0.0996474422936207, 0.0, 0.9424463317291131, 0.5879709563459425, 0,0, 0
0.09904875939599547, 0.0, 0.8938837418790088, 0.5714608402962662, 0,0, 0
0.09991352358145414, 0.0, 0.9273376082964652, 0.5917895376132577, 0,0, 0
0.09991352358145414, 0.0, 0.9273376082964652, 0.5886597425335753, 0,0, 0
0.09904875939599547, 0.0, 0.8938837418790088, 0.5717640961678669, 0,0, 0
0.09991352358145414, 0.0, 0.9273376082964652, 0.5877247168538561, 0,0, 0
0.0996474422936207, 0.0, 0.9424463317291131, 0.5873680439278792, 0,0, 0
0.09991352358145414, 0.0, 0.9273376082964652, 0.5887683304927168, 0,0, 0
0.09904875939599547, 0.0, 0.8938837418790088, 0.5779355654281525, 0,0, 0
0.09904875939599547, 0.0, 0.8938837418790088, 0.5743543324375324, 0,0, 0
0.09991352358145414, 0.0, 0.9273376082964652, 0.5883238422616929, 0,0, 0
0.09991352358145414, 0.0, 0.9273376082964652, 0.5888450126361846, 0,0, 0
0.10097784873278787, 0.0, 0.8896953824485279, 0.5753927640424628, 0,0, 0
0.0996474422936207, 0.0, 0.9424463317291131, 0.5853888781814015, 0,0, 0
0.0996474422936207, 0.0, 0.9424463317291131, 0.5918980147539584, 0,0, 0
0.09904875939599547, 0.0, 0.8938837418790088, 0.5703738619642855, 0,0, 0
0.0996474422936207, 0.0, 0.9424463317291131, 0.5856767149173091, 0,0, 0
0.0996474422936207, 0.0, 0.9424463317291131, 0.5915042271560406, 0,0, 0
0.0996474422936207, 0.0, 0.9424463317291131, 0.5900313416645043, 0,0, 0
0.0996474422936207, 0.0, 0.9424463317291131, 0.5886921457239747, 0,0, 0
0.0996474422936207, 0.0, 0.9424463317291131, 0.5880240003084738, 0,0, 0
0.0996474422936207, 0.0, 0.9424463317291131, 0.5873664180493875, 0,0, 0
0.09991352358145414, 0.0, 0.9273376082964652, 0.5888919692914579, 0,0, 0
0.0996474422936207, 0.0, 0.9424463317291131, 0.5920361390534316, 0,0, 0
0.0996474422936207, 0.0, 0.9424463317291131, 0.5903882118336344, 0,0, 0
0.0996474422936207, 0.0, 0.9424463317291131, 0.5924126725524973, 0,0, 0
0.09991352358145414, 0.0, 0.9273376082964652, 0.5901209687082953, 0,0, 0
0.09991352358145414, 0.0, 0.9273376082964652, 0.5905373276078909, 0,0, 0
0.09991352358145414, 0.0, 0.9273376082964652, 0.5878354579357614, 0,0, 0
0.09991352358145414, 0.0, 0.9273376082964652, 0.5888232922229567, 0,0, 0
0.0996474422936207, 0.0, 0.9424463317291131, 0.5896529468704992, 0,0, 0
0.09991352358145414, 0.0, 0.9273376082964652, 0.5846075960541355, 0,0, 0
0.09991352358145414, 0.0, 0.9273376082964652, 0.5927773619518453, 0,0, 0
0.0996474422936207, 0.0, 0.9424463317291131, 0.5871699019490277, 0,0, 0
0.0996474422936207, 0.0, 0.9424463317291131, 0.5869973946514556, 0,0, 0
0.09904875939599547, 0.0, 0.8938837418790088, 0.5767019343498118, 0,0, 0
0.09904875939599547, 0.0, 0.8938837418790088, 0.5775933282401059, 0,0, 0
0.0996474422936207, 0.0, 0.9424463317291131, 0.5930711065018344, 0,0, 0
0.0996474422936207, 0.0, 0.9424463317291131, 0.5923524002706266, 0,0, 0
0.10270737710370519, 0.0, 0.886403684513527, 0.26568078507710413, 0,0, 0
0.09878267810816205, 0.0, 0.9000015148416551, 0.5785211267280358, 0,0, 0
0.10017960486928756, 0.0, 0.8835487229879121, 0.5725665276695899, 0,0, 0
0.10017960486928756, 0.0, 0.8835487229879121, 0.5728848347698889, 0,0, 0
0.10017960486928756, 0.0, 0.8835487229879121, 0.5744608863916371, 0,0, 0
0.10017960486928756, 0.0, 0.8835487229879121, 0.5727055134521639, 0,0, 0
0.10017960486928756, 0.0, 0.8835487229879121, 0.5780772523630185, 0,0, 0
0.10017960486928756, 0.0, 0.8835487229879121, 0.5823722877342448, 0,0, 0
0.10017960486928756, 0.0, 0.8835487229879121, 0.578456655707293, 0,0, 0
0.10017960486928756, 0.0, 0.8835487229879121, 0.5741200150686927, 0,0, 0
0.10017960486928756, 0.0, 0.8835487229879121, 0.5769570244467304, 0,0, 0
0.10017960486928756, 0.0, 0.8835487229879121, 0.5748579163005667, 0,0, 0
0.10017960486928756, 0.0, 0.8835487229879121, 0.5743984026488519, 0,0, 0
0.10017960486928756, 0.0, 0.8835487229879121, 0.5760214248549836, 0,0, 0
0.10017960486928756, 0.0, 0.8835487229879121, 0.5769606480320333, 0,0, 0
0.10942592962149937, 0.0, 0.8803515749517392, 0.41556323687876556, 0,0, 0
0.09386017428324353, 0.0, 0.89450093042371, 0.41860799448618125, 0,0, 0
0.10097784873278787, 0.0, 0.8896953824485279, 0.5746264067706965, 0,0, 0
0.09958092197166234, 0.0, 0.8933638062721464, 0.5799425171694582, 0,0, 0
0.0996474422936207, 0.0, 0.9424463317291131, 0.5901329636621542, 0,0, 0
0.09878267810816205, 0.0, 0.9000015148416551, 0.5819202565308687, 0,0, 0
0.09991352358145414, 0.0, 0.9273376082964652, 0.5915608628832171, 0,0, 0
0.10550123062595623, 0.0, 0.8805012439018912, 0.5556822390758395, 0,0, 0
0.0996474422936207, 0.0, 0.9424463317291131, 0.5877532831063819, 0,0, 0
0.0996474422936207, 0.0, 0.9424463317291131, 0.592170842671639, 0,0, 0
0.0996474422936207, 0.0, 0.9424463317291131, 0.589534098937261, 0,0, 0
0.0996474422936207, 0.0, 0.9424463317291131, 0.5878093418313268, 0,0, 0
0.0996474422936207, 0.0, 0.9424463317291131, 0.5864388094270448, 0,0, 0
0.0996474422936207, 0.0, 0.9424463317291131, 0.5893522264507355, 0,0, 0
0.0996474422936207, 0.0, 0.9424463317291131, 0.5969912894953021, 0,0, 0
0.10051220647907935, 0.0, 0.8777699163158681, 0.5741929572139577, 0,0, 0
0.10051220647907935, 0.0, 0.8777699163158681, 0.5747621220576895, 0,0, 0
0.09991352358145414, 0.0, 0.9273376082964652, 0.5908313604003983, 0,0, 0
0.09991352358145414, 0.0, 0.9273376082964652, 0.5883435277512378, 0,0, 0
0.10051220647907935, 0.0, 0.8777699163158681, 0.5754397133755023, 0,0, 0
0.10051220647907935, 0.0, 0.8777699163158681, 0.5742014260767505, 0,0, 0
0.10051220647907935, 0.0, 0.8777699163158681, 0.5706416140152664, 0,0, 0
0.10051220647907935, 0.0, 0.8777699163158681, 0.5719311829113045, 0,0, 0
0.10051220647907935, 0.0, 0.8777699163158681, 0.5763986802381315, 0,0, 0
0.10051220647907935, 0.0, 0.8777699163158681, 0.5766434473115322, 0,0, 0
0.10051220647907935, 0.0, 0.8777699163158681, 0.5791028232292199, 0,0, 0
0.10051220647907935, 0.0, 0.8777699163158681, 0.5749005445024974, 0,0, 0
0.09958092197166234, 0.0, 0.8933638062721464, 0.5810909548703627, 0,0, 0
0.09958092197166234, 0.0, 0.8933638062721464, 0.5787734219665449, 0,0, 0
0.09958092197166234, 0.0, 0.8933638062721464, 0.5802438405668408, 0,0, 0
0.10111088937670458, 0.0, 0.9116167084157132, 0.5786361948587255, 0,0, 0
0.10111088937670458, 0.0, 0.9116167084157132, 0.5813662301501747, 0,0, 0
0.10111088937670458, 0.0, 0.9116167084157132, 0.582040295472793, 0,0, 0
0.10111088937670458, 0.0, 0.9116167084157132, 0.5801882095465438, 0,0, 0
0.10111088937670458, 0.0, 0.9116167084157132, 0.5782302818701064, 0,0, 0
0.10017960486928756, 0.0, 0.8835487229879121, 0.5801291870888895, 0,0, 0
0.10017960486928756, 0.0, 0.8835487229879121, 0.5793633088227036, 0,0, 0
0.10017960486928756, 0.0, 0.8835487229879121, 0.5792801238263878, 0,0, 0
0.09991352358145414, 0.0, 0.9273376082964652, 0.593455851110667, 0,0, 0
0.0996474422936207, 0.0, 0.9424463317291131, 0.5871853955086384, 0,0, 0
0.09991352358145414, 0.0, 0.9422882274513293, 0.5900313730297878, 0,0, 0
0.0996474422936207, 0.0, 0.9424463317291131, 0.5915467912511918, 0,0, 0
0.09991352358145414, 0.0, 0.9273376082964652, 0.5908030968386362, 0,0, 0
0.09991352358145414, 0.0, 0.9273376082964652, 0.5909078183885634, 0,0, 0
0.0996474422936207, 0.0, 0.9424463317291131, 0.5916724764582918, 0,0, 0
0.0996474422936207, 0.0, 0.9424463317291131, 0.5848559999858395, 0,0, 0
0.09991352358145414, 0.0, 0.9273376082964652, 0.5916863905410216, 0,0, 0
0.09991352358145414, 0.0, 0.9273376082964652, 0.592050753409223, 0,0, 0
0.09991352358145414, 0.0, 0.9273376082964652, 0.5904537610105983, 0,0, 0
0.10051220647907935, 0.0, 0.8777699163158681, 0.5759998528450645, 0,0, 0
0.09991352358145414, 0.0, 0.9273376082964652, 0.5912336551083613, 0,0, 0
0.10051220647907935, 0.0, 0.8777699163158681, 0.5760345186711334, 0,0, 0
0.10051220647907935, 0.0, 0.8777699163158681, 0.5743101645210932, 0,0, 0
0.10017960486928756, 0.0, 0.8835487229879121, 0.5794033491530409, 0,0, 0
0.09991352358145414, 0.0, 0.9273376082964652, 0.5861385943051884, 0,0, 0
0.0996474422936207, 0.0, 0.9424463317291131, 0.5886639098748305, 0,0, 0
0.09991352358145414, 0.0, 0.9273376082964652, 0.5881481284655505, 0,0, 0
0.09991352358145414, 0.0, 0.9273376082964652, 0.5886956466393695, 0,0, 0
0.09991352358145414, 0.0, 0.9273376082964652, 0.5890903775323246, 0,0, 0
0.10051220647907935, 0.0, 0.8777699163158681, 0.5736559792387544, 0,0, 0
0.10031264551320429, 0.0, 0.9237560020582022, 0.5827530701030317, 0,0, 0
0.09991352358145414, 0.0, 0.9273376082964652, 0.5889311475072577, 0,0, 0
0.0996474422936207, 0.0, 0.9424463317291131, 0.5886807845063967, 0,0, 0
0.0996474422936207, 0.0, 0.9424463317291131, 0.586629246387255, 0,0, 0
0.0996474422936207, 0.0, 0.9424463317291131, 0.5873214006840081, 0,0, 0
0.0996474422936207, 0.0, 0.9424463317291131, 0.5903772046877852, 0,0, 0
0.0996474422936207, 0.0, 0.9424463317291131, 0.5868605572130835, 0,0, 0
0.10097784873278787, 0.0, 0.8896953824485279, 0.5719871887759114, 0,0, 0
0.10144349098649637, 0.0, 0.8893892984139877, 0.5712679041229078, 0,0, 0
0.09991352358145414, 0.0, 0.9273376082964652, 0.5915390714442107, 0,0, 0
0.10051220647907935, 0.0, 0.8777699163158681, 0.5754321482238266, 0,0, 0
0.10017960486928756, 0.0, 0.8835487229879121, 0.5846192021346738, 0,0, 0
0.10051220647907935, 0.0, 0.8777699163158681, 0.5739669025894442, 0,0, 0
0.0996474422936207, 0.0, 0.9424463317291131, 0.5857750680524335, 0,0, 0
0.0996474422936207, 0.0, 0.9424463317291131, 0.5845816565300773, 0,0, 0
0.0996474422936207, 0.0, 0.9424463317291131, 0.588982227224924, 0,0, 0
0.08887115013636666, 0.0, 0.934693644371393, 0.4033993884777693, 0,0, 0
0.09991352358145414, 0.0, 0.9273376082964652, 0.5856502760656962, 0,0, 0
0.09991352358145414, 0.0, 0.9273376082964652, 0.5933462132200753, 0,0, 0
0.09991352358145414, 0.0, 0.9273376082964652, 0.5866423375578665, 0,0, 0
0.09991352358145414, 0.0, 0.9273376082964652, 0.5834176021991648, 0,0, 0
0.09991352358145414, 0.0, 0.9273376082964652, 0.5897883207444612, 0,0, 0
0.10004656422537085, 0.0, 0.9271265783553957, 0.5833842226077612, 0,0, 0
0.09944788132774562, 0.0, 0.9274184980168154, 0.5757488676666267, 0,0, 0
0.09991352358145414, 0.0, 0.9273376082964652, 0.5903267794003983, 0,0, 0
0.10144349098649637, 0.0, 0.927700629104611, 0.56095730511986, 0,0, 0
0.09359409299541009, 0.0, 0.8993925336370806, 0.4485987559960266, 0,0, 0
0.0996474422936207, 0.0, 0.9424463317291131, 0.5875721525550268, 0,0, 0
0.10097784873278787, 0.0, 0.8896953824485279, 0.5715046741697595, 0,0, 0
0.10024612519124593, 0.0, 0.88033626681359, 0.5542773777407772, 0,0, 0
0.09958092197166234, 0.0, 0.8933638062721464, 0.5798281560673102, 0,0, 0
0.09958092197166234, 0.0, 0.8933638062721464, 0.5791666598032912, 0,0, 0
0.09958092197166234, 0.0, 0.8933638062721464, 0.5774526876895749, 0,0, 0
0.09958092197166234, 0.0, 0.8933638062721464, 0.5786758284797364, 0,0, 0
0.09958092197166234, 0.0, 0.8933638062721464, 0.5858326826644626, 0,0, 0
0.09958092197166234, 0.0, 0.8933638062721464, 0.5793568931935483, 0,0, 0
0.09958092197166234, 0.0, 0.8933638062721464, 0.5785855872359441, 0,0, 0
0.09958092197166234, 0.0, 0.8933638062721464, 0.5765647776061695, 0,0, 0
0.09958092197166234, 0.0, 0.8933638062721464, 0.5805856795487276, 0,0, 0
0.09958092197166234, 0.0, 0.8933638062721464, 0.5785139848504192, 0,0, 0
0.09958092197166234, 0.0, 0.8933638062721464, 0.5761253619404365, 0,0, 0
0.09958092197166234, 0.0, 0.8933638062721464, 0.5779377223138087, 0,0, 0
0.09958092197166234, 0.0, 0.8933638062721464, 0.5799817594922171, 0,0, 0
0.09958092197166234, 0.0, 0.8933638062721464, 0.5820741235807162, 0,0, 0
0.09958092197166234, 0.0, 0.8933638062721464, 0.5760947733733289, 0,0, 0
0.10024612519124593, 0.0, 0.88033626681359, 0.5624334042641522, 0,0, 0
0.10024612519124593, 0.0, 0.88033626681359, 0.5614412492733015, 0,0, 0
0.09991352358145414, 0.0, 0.9273376082964652, 0.5890962689264538, 0,0, 0
0.10949244994345772, 0.0, 0.8974070555283439, 0.3774089763361079, 0,0, 0
0.09366061331736845, 0.0, 0.8832541080727081, 0.46140750918889345, 0,0, 0
0.0956562229761192, 0.0, 0.8974774588603368, 0.415994285564388, 0,0, 0
0.09512406040045233, 0.0, 0.9001126373321384, 0.5030334752165769, 0,0, 0
0.10017960486928756, 0.0, 0.8835487229879121, 0.5715928126227141, 0,0, 0
0.10111088937670458, 0.0, 0.9116167084157132, 0.585508746967581, 0,0, 0
0.10024612519124593, 0.0, 0.88033626681359, 0.5591140235977696, 0,0, 0
0.09991352358145414, 0.0, 0.9273376082964652, 0.592383943802822, 0,0, 0
0.09958092197166234, 0.0, 0.8933638062721464, 0.5753152933700877, 0,0, 0
0.1009113284108295, 0.0, 0.8798441737627433, 0.5469485857447045, 0,0, 0
0.10097784873278787, 0.0, 0.8896953824485279, 0.5721613362605873, 0,0, 0
0.10097784873278787, 0.0, 0.8896953824485279, 0.5728052234039726, 0,0, 0
0.10097784873278787, 0.0, 0.8896953824485279, 0.5729621483713278, 0,0, 0
0.10051220647907935, 0.0, 0.8777699163158681, 0.5747554434947693, 0,0, 0
0.10051220647907935, 0.0, 0.8777699163158681, 0.5753052190631034, 0,0, 0
0.100445686157121, 0.0, 0.9120638996369937, 0.585692196253891, 0,0, 0
0.10017960486928756, 0.0, 0.8835487229879121, 0.5718087902914244, 0,0, 0
0.10037916583516264, 0.0, 0.8838604241165156, 0.5629419135554621, 0,0, 0
0.10017960486928756, 0.0, 0.8835487229879121, 0.574577503628837, 0,0, 0
0.09991352358145414, 0.0, 0.9273376082964652, 0.5910943359604163, 0,0, 0
0.09991352358145414, 0.0, 0.9273376082964652, 0.5890855287913367, 0,0, 0
0.09991352358145414, 0.0, 0.9273376082964652, 0.5884801594246675, 0,0, 0
0.10111088937670458, 0.0, 0.9116167084157132, 0.5851295123283898, 0,0, 0
0.10111088937670458, 0.0, 0.9116167084157132, 0.5814773000968639, 0,0, 0
0.09991352358145414, 0.0, 0.9273376082964652, 0.5861542069713642, 0,0, 0
0.10017960486928756, 0.0, 0.8835487229879121, 0.5780225368327503, 0,0, 0
0.10111088937670458, 0.0, 0.9116167084157132, 0.5822027410689784, 0,0, 0
0.09991352358145414, 0.0, 0.9273376082964652, 0.590312443712912, 0,0, 0
0.0996474422936207, 0.0, 0.9424463317291131, 0.5887494973719125, 0,0, 0
0.09991352358145414, 0.0, 0.9273376082964652, 0.587680644449331, 0,0, 0
0.09991352358145414, 0.0, 0.9273376082964652, 0.595061912281916, 0,0, 0
0.09991352358145414, 0.0, 0.9273376082964652, 0.5909014210690534, 0,0, 0
0.09991352358145414, 0.0, 0.9273376082964652, 0.590555212417631, 0,0, 0
0.0996474422936207, 0.0, 0.9424463317291131, 0.5896038938298527, 0,0, 0
0.09991352358145414, 0.0, 0.9273376082964652, 0.5922993736975889, 0,0, 0
0.09991352358145414, 0.0, 0.9273376082964652, 0.5897438866886325, 0,0, 0
0.09991352358145414, 0.0, 0.9273376082964652, 0.5891674829554582, 0,0, 0
0.09991352358145414, 0.0, 0.9273376082964652, 0.5930171163758486, 0,0, 0
0.09991352358145414, 0.0, 0.9273376082964652, 0.5882720468022646, 0,0, 0
0.09991352358145414, 0.0, 0.9273376082964652, 0.5876665512877723, 0,0, 0
0.09991352358145414, 0.0, 0.9273376082964652, 0.5896190609799494, 0,0, 0
0.09991352358145414, 0.0, 0.9273376082964652, 0.5913626133223384, 0,0, 0
0.09991352358145414, 0.0, 0.9273376082964652, 0.594942086711544, 0,0, 0
0.09991352358145414, 0.0, 0.9273376082964652, 0.5945783122159779, 0,0, 0
0.10111088937670458, 0.0, 0.9116167084157132, 0.5862437953829742, 0,0, 0
0.10111088937670458, 0.0, 0.9116167084157132, 0.5826816259524622, 0,0, 0
0.09991352358145414, 0.0, 0.9273376082964652, 0.5915712048809268, 0,0, 0
0.0996474422936207, 0.0, 0.9424463317291131, 0.5917441094051372, 0,0, 0
0.0996474422936207, 0.0, 0.9424463317291131, 0.5873222711074405, 0,0, 0
0.0996474422936207, 0.0, 0.9424463317291131, 0.5875323860772013, 0,0, 0
0.0996474422936207, 0.0, 0.9424463317291131, 0.5859740494940335, 0,0, 0
0.0996474422936207, 0.0, 0.9424463317291131, 0.5858073266340702, 0,0, 0
0.0996474422936207, 0.0, 0.9424463317291131, 0.5869559874355231, 0,0, 0
0.10111088937670458, 0.0, 0.9116167084157132, 0.581916143764789, 0,0, 0
0.10111088937670458, 0.0, 0.9116167084157132, 0.5783570180768018, 0,0, 0
0.09991352358145414, 0.0, 0.9273376082964652, 0.5927877613371269, 0,0, 0
0.09978048293753741, 0.0, 0.9272071043054139, 0.542451270394046, 0,0, 0
0.09991352358145414, 0.0, 0.9273376082964652, 0.5895592151220803, 0,0, 0
0.09991352358145414, 0.0, 0.9273376082964652, 0.591678743639435, 0,0, 0
0.0996474422936207, 0.0, 0.9424463317291131, 0.5919273829897929, 0,0, 0
0.09991352358145414, 0.0, 0.9273376082964652, 0.5908669402381657, 0,0, 0
0.09991352358145414, 0.0, 0.9273376082964652, 0.591846635238936, 0,0, 0
0.09991352358145414, 0.0, 0.9273376082964652, 0.5907623664676416, 0,0, 0
0.09991352358145414, 0.0, 0.9273376082964652, 0.5926655004714945, 0,0, 0
0.09904875939599547, 0.0, 0.9307963069807785, 0.40328139451301886, 0,0, 0
0.09971396261557906, 0.0, 0.9424163016990831, 0.586438121426548, 0,0, 0
0.09878267810816205, 0.0, 0.9000095525356684, 0.5790831264891034, 0,0, 0
0.09878267810816205, 0.0, 0.9000015148416551, 0.5805337121038032, 0,0, 0
0.09991352358145414, 0.0, 0.9273376082964652, 0.5886944724498495, 0,0, 0
0.09991352358145414, 0.0, 0.9273376082964652, 0.5900721685756295, 0,0, 0
0.10097784873278787, 0.0, 0.8896953824485279, 0.573037112593889, 0,0, 0
0.0996474422936207, 0.0, 0.9424463317291131, 0.590215702615977, 0,0, 0
0.09991352358145414, 0.0, 0.9273376082964652, 0.5894502255591672, 0,0, 0
0.09991352358145414, 0.0, 0.9273376082964652, 0.5896341754628738, 0,0, 0
0.0996474422936207, 0.0, 0.9424463317291131, 0.5942269204793845, 0,0, 0
0.09991352358145414, 0.0, 0.9273376082964652, 0.590401395472035, 0,0, 0
0.0996474422936207, 0.0, 0.9424463317291131, 0.5911870165463415, 0,0, 0
0.10051220647907935, 0.0, 0.8777699163158681, 0.5730192807370554, 0,0, 0
0.09991352358145414, 0.0, 0.9273376082964652, 0.5913918954240155, 0,0, 0
0.0972527107031198, 0.0, 0.8907759407927404, 0.3235294726197844, 0,0, 0
0.10017960486928756, 0.0, 0.8835487229879121, 0.5723356420289482, 0,0, 0
0.09878267810816205, 0.0, 0.9000015148416551, 0.580833343516114, 0,0, 0
0.09878267810816205, 0.0, 0.9000015148416551, 0.5783487670117223, 0,0, 0
0.09878267810816205, 0.0, 0.9000015148416551, 0.5790944228776577, 0,0, 0
0.09878267810816205, 0.0, 0.9000015148416551, 0.5834282782508616, 0,0, 0
0.09878267810816205, 0.0, 0.9000015148416551, 0.5813724037351333, 0,0, 0
0.09878267810816205, 0.0, 0.9000015148416551, 0.5793712605373491, 0,0, 0
0.09878267810816205, 0.0, 0.9000015148416551, 0.5809052523649011, 0,0, 0
0.09878267810816205, 0.0, 0.9000015148416551, 0.5823749897367064, 0,0, 0
0.09878267810816205, 0.0, 0.9000015148416551, 0.5817932205957933, 0,0, 0
0.09878267810816205, 0.0, 0.9000015148416551, 0.5781477560189011, 0,0, 0
0.09878267810816205, 0.0, 0.9000015148416551, 0.5810111019956468, 0,0, 0
0.09878267810816205, 0.0, 0.9000015148416551, 0.5801816608052529, 0,0, 0
0.09878267810816205, 0.0, 0.9000015148416551, 0.5804875655111723, 0,0, 0
0.09878267810816205, 0.0, 0.9000015148416551, 0.5806700151434342, 0,0, 0
0.09878267810816205, 0.0, 0.9000015148416551, 0.5800043575856464, 0,0, 0
0.09878267810816205, 0.0, 0.9000015148416551, 0.5833380788701922, 0,0, 0
0.09878267810816205, 0.0, 0.9000015148416551, 0.5780521267835325, 0,0, 0
0.09878267810816205, 0.0, 0.9000015148416551, 0.5780465891220196, 0,0, 0
0.09878267810816205, 0.0, 0.9000015148416551, 0.5778952962662126, 0,0, 0
0.10417082418678907, 0.0, 0.8902083109159591, 0.4694216436434113, 0,0, 0
0.12439300206212998, 0.0, 0.8760160705329035, 0.4155277785565791, 0,0, 0
0.09958092197166234, 0.0, 0.8933638062721464, 0.5796814635985928, 0,0, 0
0.09991352358145414, 0.0, 0.9273376082964652, 0.5901060988171235, 0,0, 0
0.09445885718086876, 0.0, 0.9013268590239961, 0.43586308275424346, 0,0, 0
0.0996474422936207, 0.0, 0.9424463317291131, 0.5871986403171521, 0,0, 0
0.10111088937670458, 0.0, 0.9116167084157132, 0.5816252641697003, 0,0, 0
0.10111088937670458, 0.0, 0.9116167084157132, 0.5822237863651967, 0,0, 0
0.10111088937670458, 0.0, 0.9116167084157132, 0.5778694305385832, 0,0, 0
0.10111088937670458, 0.0, 0.9116167084157132, 0.5803738600629822, 0,0, 0
0.10017960486928756, 0.0, 0.8835487229879121, 0.5804740755841562, 0,0, 0
0.10111088937670458, 0.0, 0.9116167084157132, 0.5820210515892135, 0,0, 0
0.10111088937670458, 0.0, 0.9116167084157132, 0.5801653420539148, 0,0, 0
0.10111088937670458, 0.0, 0.9116167084157132, 0.5791173657833252, 0,0, 0
0.10111088937670458, 0.0, 0.9116167084157132, 0.5803847642301279, 0,0, 0
0.10111088937670458, 0.0, 0.9116167084157132, 0.5879107101952336, 0,0, 0
0.10111088937670458, 0.0, 0.9116167084157132, 0.5835609195616552, 0,0, 0
0.10111088937670458, 0.0, 0.9116167084157132, 0.5810405128650821, 0,0, 0
0.10111088937670458, 0.0, 0.9116167084157132, 0.5799803546193928, 0,0, 0
0.10111088937670458, 0.0, 0.9116167084157132, 0.5792141668909213, 0,0, 0
0.09991352358145414, 0.0, 0.9273376082964652, 0.5917843304871243, 0,0, 0
0.09991352358145414, 0.0, 0.9273376082964652, 0.5878897630803379, 0,0, 0
0.0996474422936207, 0.0, 0.9424463317291131, 0.5890724563936924, 0,0, 0
0.0996474422936207, 0.0, 0.9424463317291131, 0.5890337050677388, 0,0, 0
0.0996474422936207, 0.0, 0.9424463317291131, 0.5875926758706855, 0,0, 0
0.10017960486928756, 0.0, 0.927170294028569, 0.5766104924266856, 0,0, 0
0.09991352358145414, 0.0, 0.9273376082964652, 0.5900678577703811, 0,0, 0
0.09991352358145414, 0.0, 0.9273376082964652, 0.5928110444565295, 0,0, 0
0.09991352358145414, 0.0, 0.9273376082964652, 0.5858224223656331, 0,0, 0
0.09991352358145414, 0.0, 0.9273376082964652, 0.5897655092321403, 0,0, 0
0.10024612519124593, 0.0, 0.9270919277453394, 0.5911872709971214, 0,0, 0
0.100445686157121, 0.0, 0.9264298736576382, 0.5828515656269938, 0,0, 0
0.09991352358145414, 0.0, 0.9273376082964652, 0.5869417031940932, 0,0, 0
0.09991352358145414, 0.0, 0.9273376082964652, 0.5891575925610963, 0,0, 0
0.09991352358145414, 0.0, 0.9273376082964652, 0.5888820648170057, 0,0, 0
0.09991352358145414, 0.0, 0.9273376082964652, 0.58959674889942, 0,0, 0
0.0996474422936207, 0.0, 0.9424463317291131, 0.5870617776590339, 0,0, 0
0.09991352358145414, 0.0, 0.9273376082964652, 0.5910098975145924, 0,0, 0
0.09991352358145414, 0.0, 0.9273376082964652, 0.5876297146808873, 0,0, 0
0.09991352358145414, 0.0, 0.9273376082964652, 0.5903794298760033, 0,0, 0
0.1064990354553316, 0.0, 0.8766089525952228, 0.3851618405411119, 0,0, 0
0.0996474422936207, 0.0, 0.9424463317291131, 0.5900317745685888, 0,0, 0
0.10011308454732921, 0.0, 0.9420656635177934, 0.5829424285018874, 0,0, 0
0.10097784873278787, 0.0, 0.8896953824485279, 0.5746347207235029, 0,0, 0
0.09991352358145414, 0.0, 0.9273376082964652, 0.5867667148692395, 0,0, 0
0.0996474422936207, 0.0, 0.9424463317291131, 0.5854092658011322, 0,0, 0
0.09991352358145414, 0.0, 0.9273376082964652, 0.5954654243308611, 0,0, 0
0.0996474422936207, 0.0, 0.9424463317291131, 0.588665817947376, 0,0, 0
0.0996474422936207, 0.0, 0.9424463317291131, 0.5855357149465079, 0,0, 0
0.0996474422936207, 0.0, 0.9424463317291131, 0.5863592942117926, 0,0, 0
0.09971396261557906, 0.0, 0.9273251256182093, 0.5874909717197314, 0,0, 0
0.0996474422936207, 0.0, 0.9424463317291131, 0.5909245582443399, 0,0, 0
0.09991352358145414, 0.0, 0.9273376082964652, 0.5866954532752982, 0,0, 0
0.0996474422936207, 0.0, 0.9424463317291131, 0.5898969811458776, 0,0, 0
0.10051220647907935, 0.0, 0.8777699163158681, 0.5737071200848372, 0,0, 0
0.0996474422936207, 0.0, 0.9424463317291131, 0.5865985486193175, 0,0, 0
0.10097784873278787, 0.0, 0.8896953824485279, 0.5747042541551138, 0,0, 0
0.0996474422936207, 0.0, 0.9424463317291131, 0.5894777400743476, 0,0, 0
0.09991352358145414, 0.0, 0.9273376082964652, 0.5962521212832204, 0,0, 0
0.09991352358145414, 0.0, 0.9273376082964652, 0.594760948147837, 0,0, 0
0.09991352358145414, 0.0, 0.9273376082964652, 0.5900721201264748, 0,0, 0
0.09991352358145414, 0.0, 0.9273376082964652, 0.590994334147626, 0,0, 0
0.09904875939599547, 0.0, 0.8938837418790088, 0.5750420183147693, 0,0, 0
0.09904875939599547, 0.0, 0.8938837418790088, 0.580270453364183, 0,0, 0
0.09904875939599547, 0.0, 0.8938837418790088, 0.5752705813197062, 0,0, 0
0.09904875939599547, 0.0, 0.8938837418790088, 0.5736031920620125, 0,0, 0
0.0996474422936207, 0.0, 0.9424463317291131, 0.5882705532008301, 0,0, 0
0.10097784873278787, 0.0, 0.8896953824485279, 0.5733499360704593, 0,0, 0
0.09904875939599547, 0.0, 0.8938837418790088, 0.5706644648864301, 0,0, 0
0.09904875939599547, 0.0, 0.8938837418790088, 0.5831253921406488, 0,0, 0
0.09991352358145414, 0.0, 0.9273376082964652, 0.5919349565990853, 0,0, 0
0.10017960486928756, 0.0, 0.8835487229879121, 0.5804853775581232, 0,0, 0
0.09904875939599547, 0.0, 0.8938837418790088, 0.5781969150091837, 0,0, 0
0.09904875939599547, 0.0, 0.8938837418790088, 0.5756493809280271, 0,0, 0
0.09904875939599547, 0.0, 0.8938837418790088, 0.5752604416600056, 0,0, 0
0.09878267810816205, 0.0, 0.9000015148416551, 0.5792515976700734, 0,0, 0
0.0996474422936207, 0.0, 0.9424463317291131, 0.5918825140988262, 0,0, 0
0.0996474422936207, 0.0, 0.9424463317291131, 0.5902623035998605, 0,0, 0
0.09904875939599547, 0.0, 0.8938837418790088, 0.5759477478499989, 0,0, 0
0.0996474422936207, 0.0, 0.9424463317291131, 0.5858550626844039, 0,0, 0
