acuracia,loss,frr,fpr, removed, n_clf, tp_removed
0.09825051553249518, 0.0, 0.8944041643372586, 0.40467750686587217, 0,0, 0
0.10111088937670458, 0.0, 0.9116167084157132, 0.5830746715218126, 8,11, 8
0.10430386483070578, 0.0, 0.8855507541962895, 0.5450195844373791, 1,3, 1
0.10111088937670458, 0.0, 0.9116167084157132, 0.5818514463319154, 4,9, 4
0.10111088937670458, 0.0, 0.9116167084157132, 0.5818113883531816, 4,9, 4
0.09904875939599547, 0.0, 0.8938837418790088, 0.5793852192545179, 8,8, 8
0.1012439300206213, 0.0, 0.9115341723320987, 0.5782249954834005, 5,5, 5
0.10111088937670458, 0.0, 0.9116167084157132, 0.5864177818156378, 10,10, 10
0.0996474422936207, 0.0, 0.8932783361866763, 0.5767449693706613, 6,6, 6
0.10111088937670458, 0.0, 0.9116167084157132, 0.5896474497057216, 6,6, 6
0.12951506685292358, 0.0, 0.853110049953528, 0.4268016378616434, 9,9, 9
0.10530166966008116, 0.0, 0.9082134887254734, 0.5545014576813869, 7,7, 7
0.09991352358145414, 0.0, 0.9273376082964652, 0.5919632770408069, 5,5, 5
0.12851726202354818, 0.0, 0.8841631170046373, 0.42518416375437806, 9,9, 9
0.10111088937670458, 0.0, 0.9116167084157132, 0.5812103673634733, 5,5, 5
0.11281846604137565, 0.0, 0.9146254274980617, 0.5098386857970257, 7,7, 7
0.14634470830838822, 0.0, 0.8540813034661603, 0.39642429652276284, 7,7, 7
0.1458790660546797, 0.0, 0.854938530703355, 0.39264826064784786, 7,7, 7
0.13802966806359343, 0.0, 0.8506755845617751, 0.423570971374192, 2,2, 2
0.10111088937670458, 0.0, 0.9116167084157132, 0.5821790327657055, 9,9, 9
0.16097917913922705, 0.0, 0.8342490368823476, 0.32536767198617655, 5,5, 5
0.1473425131377636, 0.0, 0.8444830028745679, 0.38533285118771365, 6,6, 6
0.15026940730393135, 0.0, 0.8442364787926376, 0.3812128291869459, 6,6, 6
0.1364997006585512, 0.0, 0.8570721517007434, 0.42985429504133377, 9,9, 9
0.18186656023415154, 0.0, 0.8146848507598871, 0.3111903707676966, 8,8, 8
0.16650036586177078, 0.0, 0.8256820938939543, 0.36485037778779916, 8,8, 8
0.15379498436772435, 0.0, 0.8341068312921514, 0.3727192721612833, 8,8, 8
0.14767511474755537, 0.0, 0.8498867076398221, 0.4227276022685724, 11,11, 11
0.17275327612585645, 0.0, 0.813418542194892, 0.3390442751615849, 11,11, 11
0.1523980576065988, 0.0, 0.8467717241928706, 0.36545679862610103, 8,8, 8
0.1543271469433912, 0.0, 0.8471091258319167, 0.39277888920768284, 5,5, 5
0.17501496707244063, 0.0, 0.8078845981408714, 0.32233975232169976, 6,6, 6
0.20435042905607664, 0.0, 0.7820628188874466, 0.283620016542954, 5,5, 5
0.19091332402048825, 0.0, 0.8121433631059464, 0.28941708250422543, 4,4, 4
0.19503758398190646, 0.0, 0.7928136544251998, 0.3125938390228785, 6,6, 6
0.2029535022949511, 0.0, 0.7817665723823377, 0.34026118169942193, 9,9, 9
0.2147941196035389, 0.0, 0.7690528183142259, 0.2897325386432929, 6,6, 6
0.21007117674449544, 0.0, 0.7834970011024116, 0.29848634639635757, 7,7, 7
0.19078028337657155, 0.0, 0.7974179959150173, 0.3325229563733778, 5,5, 5
0.18352956828311048, 0.0, 0.8186897740741966, 0.3513836788566003, 7,7, 7
0.15658883788997538, 0.0, 0.8738009791816792, 0.4335195382157594, 8,8, 8
0.1808022350828178, 0.0, 0.8480006512299347, 0.3845933713372077, 6,6, 6
0.19936140490919976, 0.0, 0.8306810740523598, 0.3652208019801828, 6,6, 6
0.23754406971329742, 0.0, 0.7661287478018726, 0.26236653583943026, 11,11, 11
0.19344109625490588, 0.0, 0.8064230580138972, 0.3084090358627158, 5,5, 5
0.19410629947448946, 0.0, 0.8002743924992406, 0.3325150752712782, 3,3, 3
0.19044768176677976, 0.0, 0.8296175865456509, 0.3218438767383756, 7,7, 7
0.17381760127719018, 0.0, 0.8181334149633824, 0.3888129050142613, 6,6, 6
0.20634603871482737, 0.0, 0.7887651299254571, 0.30153820913529206, 7,7, 7
0.23907403711833966, 0.0, 0.758828097563595, 0.26206360747205276, 7,7, 7
0.2335528503957959, 0.0, 0.7607223676198026, 0.29263166164775056, 6,6, 6
0.20268742100711767, 0.0, 0.805217658880089, 0.31528359251978505, 6,6, 6
0.24319829707975787, 0.0, 0.7745225598655452, 0.29780673751399334, 8,8, 8
0.2279651433512938, 0.0, 0.7874852427284149, 0.3021931038352894, 10,10, 10
0.2273664604536686, 0.0, 0.7626169612752791, 0.3100075756062451, 6,6, 6
0.2697399055411428, 0.0, 0.7202491715507909, 0.26679434168450644, 8,8, 8
0.21386283509612186, 0.0, 0.7699023211944959, 0.33006567202536097, 9,9, 9
0.2217787534091665, 0.0, 0.7698950890306259, 0.293920730087432, 10,10, 10
0.24193441096254906, 0.0, 0.7454491909411854, 0.27072159654869915, 8,8, 8
0.24047096387946518, 0.0, 0.7453466705328822, 0.2876525460558269, 9,9, 9
0.2622896294818067, 0.0, 0.7559325891987447, 0.2684672764357965, 7,7, 7
0.22517128982904278, 0.0, 0.7627978402072769, 0.3368033257167632, 7,7, 7
0.261225304330473, 0.0, 0.7273810304745797, 0.28580313067181384, 6,6, 6
0.2475886383290095, 0.0, 0.744114927575066, 0.2990461597533831, 8,8, 8
0.2711368323022683, 0.0, 0.7259740428707387, 0.2609017814739192, 8,8, 8
0.2579658085545134, 0.0, 0.7289517572624667, 0.2597795001698266, 7,7, 7
0.28577130313310717, 0.0, 0.7230617452510499, 0.2500773135507165, 7,7, 7
0.22404044435575068, 0.0, 0.7740821541883727, 0.31061151371436446, 9,9, 9
0.22769906206346038, 0.0, 0.7582551677923125, 0.3039703329303775, 9,9, 9
0.234683695869088, 0.0, 0.74977055019178, 0.28916625231075693, 3,3, 3
0.2839752544402315, 0.0, 0.7299019909586171, 0.25804169866450444, 6,6, 6
0.22457260693141753, 0.0, 0.7636701135505253, 0.3347237678491375, 9,9, 9
0.26874210071176746, 0.0, 0.731634995188044, 0.2529852726918234, 3,3, 3
0.29841016430519524, 0.0, 0.6974585709393779, 0.25988386630185994, 7,7, 7
0.27552717355152, 0.0, 0.7190118251241454, 0.2642639668260095, 10,10, 10
0.24326481740171624, 0.0, 0.7715455390877094, 0.3017076852425351, 6,6, 6
0.2775893035322291, 0.0, 0.7115021915088658, 0.2682619609002837, 3,3, 3
0.2481208009046764, 0.0, 0.7504594076820577, 0.3233370122232126, 7,7, 7
0.2253043304729595, 0.0, 0.7730569584661933, 0.33124132265549977, 7,7, 7
0.224838688219251, 0.0, 0.7754415492719204, 0.3052015169329547, 6,6, 6
0.27752278321027074, 0.0, 0.713026784445839, 0.26833857276843687, 8,8, 8
0.26874210071176746, 0.0, 0.7169394091250133, 0.270254395918064, 6,6, 6
0.2584314508082219, 0.0, 0.7216234480959609, 0.2791891683174532, 9,9, 9
0.2780549457859376, 0.0, 0.7166652886739668, 0.25897276249020784, 10,10, 10
0.26042706046697267, 0.0, 0.7543951820021461, 0.2889417269380584, 11,11, 11
0.30040577396394597, 0.0, 0.6973394729158922, 0.2503753173205963, 10,10, 10
0.31198030998470033, 0.0, 0.6703860553649135, 0.25135001680317165, 6,6, 6
0.24492782545067518, 0.0, 0.7679286555387383, 0.3162483475007886, 6,6, 6
0.32568349630812216, 0.0, 0.6604270058316085, 0.2404954411853451, 6,6, 6
0.2878999534357746, 0.0, 0.7099513935515399, 0.2686126212251879, 7,7, 7
0.2946185059535688, 0.0, 0.6905000703028464, 0.2833557211565725, 11,11, 11
0.23395197232754605, 0.0, 0.7557621055354528, 0.3001927883688142, 5,5, 5
0.3161045699461185, 0.0, 0.6746565319034883, 0.24547044371711185, 7,7, 7
0.32129315505887046, 0.0, 0.6666373098592656, 0.23670709150105995, 9,9, 9
0.32674782145945586, 0.0, 0.6606451289699501, 0.23799405201815688, 9,9, 9
0.2806492383423136, 0.0, 0.7101792755590473, 0.2766755989090674, 8,8, 8
0.2664138894432249, 0.0, 0.7214281368482206, 0.2989626467688265, 6,6, 6
0.31497372447282646, 0.0, 0.6828206281317583, 0.2528859350892338, 4,4, 4
0.32834430918645646, 0.0, 0.6562061729152967, 0.2357661002392904, 8,8, 8
0.2625557107696401, 0.0, 0.7157287112345645, 0.29613721912072294, 10,10, 10
0.28178008381560565, 0.0, 0.7073910338694529, 0.2804586118725453, 5,5, 5
0.09978048293753741, 0.0, 0.8898823293387983, 0.48457816426521805, 0,0, 0
0.10111088937670458, 0.0, 0.9116167084157132, 0.5759667133691455, 4,8, 4
0.10111088937670458, 0.0, 0.9116167084157132, 0.5780501987325009, 3,6, 3
0.09958092197166234, 0.0, 0.8933638062721464, 0.5802027272628313, 2,5, 2
0.100445686157121, 0.0, 0.8801315173745472, 0.5555754479037406, 7,10, 7
0.10017960486928756, 0.0, 0.8835487229879121, 0.5782582042663125, 3,11, 3
0.09878267810816205, 0.0, 0.9000015148416551, 0.5821453800282828, 3,4, 3
0.09878267810816205, 0.0, 0.9000015148416551, 0.5829397515681477, 5,5, 5
0.09904875939599547, 0.0, 0.8938837418790088, 0.5723749519852108, 6,6, 6
0.10111088937670458, 0.0, 0.9116167084157132, 0.5778659836826724, 6,6, 6
0.14661078959622165, 0.0, 0.8588152221167837, 0.38436329730057195, 8,8, 8
0.17927226767777557, 0.0, 0.8276446529213797, 0.274894593627357, 3,3, 3
0.10450342579658085, 0.0, 0.9216969816182575, 0.5712345476825353, 7,7, 7
0.14667730991818, 0.0, 0.8525635507148209, 0.4044962628090741, 9,9, 9
0.13357280649238343, 0.0, 0.8746702935589117, 0.3936158939880608, 9,9, 9
0.09904875939599547, 0.0, 0.8938837418790088, 0.5749884817806783, 8,8, 8
0.12572340850129715, 0.0, 0.8776657251813793, 0.48898290404298506, 11,11, 11
0.10989157187520787, 0.0, 0.87551208182796, 0.5349113718380382, 10,10, 10
0.16636732521785405, 0.0, 0.8232076245292846, 0.31078908823937307, 6,6, 6
0.1486063992549724, 0.0, 0.8501967005393922, 0.40958255866794396, 7,7, 7
0.18492649504423603, 0.0, 0.8033786767132491, 0.2977211846354111, 10,10, 10
0.19064724273265482, 0.0, 0.8110121383741148, 0.29366437016864144, 7,7, 7
0.15073504955763986, 0.0, 0.8505611302767114, 0.41801524223457437, 8,8, 8
0.16004789463181002, 0.0, 0.8490656111504425, 0.35138889239530896, 9,9, 9
0.18253176345373512, 0.0, 0.8104256993067065, 0.3051349822786895, 6,6, 6
0.17860706445819197, 0.0, 0.8277110239445041, 0.3267642413503765, 9,9, 9
0.16051353688551853, 0.0, 0.860388517300649, 0.32435563418381014, 6,6, 6
0.18007051154127585, 0.0, 0.8259967624867082, 0.3161560966790045, 5,5, 5
0.11587840085146012, 0.0, 0.8957523018311959, 0.4702352760743105, 10,10, 10
0.17481540610656557, 0.0, 0.8349945553105215, 0.33459287128282655, 14,14, 14
0.2028204616510344, 0.0, 0.7807754658148015, 0.27581351381687175, 11,11, 11
0.20787600611986962, 0.0, 0.7910680010124527, 0.30414287502638443, 6,6, 6
0.2104702986762456, 0.0, 0.7675429835492737, 0.28577413615700364, 5,5, 5
0.2326215658883789, 0.0, 0.7997889032011527, 0.2693874152981122, 5,5, 5
0.17022550389143884, 0.0, 0.8387936556270098, 0.34938572840291393, 5,5, 5
0.19829707975786603, 0.0, 0.7818374755937413, 0.33716002063254336, 6,6, 6
0.22410696467770905, 0.0, 0.7722460912329736, 0.2750676794645603, 6,6, 6
0.21678972926228962, 0.0, 0.7809815472591544, 0.31019450156257933, 7,7, 7
0.18100179604869288, 0.0, 0.8216520940299858, 0.36965127270979564, 5,5, 5
0.21945054214062396, 0.0, 0.778893571463325, 0.2806163142407583, 10,10, 10
0.21219982704716292, 0.0, 0.7663242504038711, 0.2850949292408206, 4,4, 4
0.2012239739240338, 0.0, 0.8109317958212032, 0.31358528579716327, 9,9, 9
0.24452870351892503, 0.0, 0.781079041329667, 0.27232720190182486, 7,7, 7
0.2535089469833034, 0.0, 0.7744283172658646, 0.2677926574003108, 7,7, 7
0.17368456063327348, 0.0, 0.8233562133156304, 0.3811158655200165, 13,13, 13
0.25703452404709637, 0.0, 0.729759804666831, 0.2505272142139126, 10,10, 10
0.22237743630679171, 0.0, 0.7698158090079423, 0.2893164204559302, 6,6, 6
0.17847402381427527, 0.0, 0.819634969279723, 0.3268095789915795, 10,10, 10
0.2074103638661611, 0.0, 0.8117567256133174, 0.28281939311180176, 6,6, 6
0.2221113550189583, 0.0, 0.7653713471644685, 0.27265630537177105, 10,10, 10
0.19124592563028006, 0.0, 0.8166770740107253, 0.3281365885641575, 7,7, 7
0.24366393933346636, 0.0, 0.7455710538037807, 0.25370593336528524, 8,8, 8
0.2092064125590368, 0.0, 0.7788279652450619, 0.30644304885998425, 6,6, 6
0.1945054214062396, 0.0, 0.8060761274607608, 0.33325226768910043, 6,6, 6
0.23794319164504757, 0.0, 0.7489705851710867, 0.2703594029174421, 6,6, 6
0.25503891438834564, 0.0, 0.7330684009282435, 0.25646753342472567, 6,6, 6
0.25264418279784473, 0.0, 0.7625724726383513, 0.2744098668593074, 9,9, 9
0.29328809951440166, 0.0, 0.7241491984256179, 0.248059468379184, 8,8, 8
0.26248919044768176, 0.0, 0.7624500198825553, 0.27474328032812495, 7,7, 7
0.23654626488392202, 0.0, 0.7568743502665908, 0.28062340506784467, 4,4, 4
0.24000532162575666, 0.0, 0.7647678222556012, 0.28421879469600264, 3,3, 3
0.2855717421672321, 0.0, 0.739237159224032, 0.24590387740166184, 5,5, 5
0.21519324153528904, 0.0, 0.793971832103145, 0.31761842770461884, 8,8, 8
0.22696733852191844, 0.0, 0.7608770811549727, 0.29053119691137985, 8,8, 8
0.23368589103971263, 0.0, 0.7598823062015693, 0.27914671371762834, 7,7, 7
0.23188984234683696, 0.0, 0.7746827407204093, 0.3044612606130351, 8,8, 8
0.28464045765981505, 0.0, 0.7022397079030679, 0.2481009824322996, 3,3, 3
0.2934211401583184, 0.0, 0.6945718458018006, 0.24664394172324486, 7,7, 7
0.28231224639127256, 0.0, 0.7098399377882125, 0.24810740965977118, 8,8, 8
0.27872014900552117, 0.0, 0.7098427150546683, 0.2661641547782402, 10,10, 10
0.21592496507683098, 0.0, 0.7860861570984156, 0.31537267968584, 9,9, 9
0.2537085079491785, 0.0, 0.7500905045932542, 0.2966126634684481, 5,5, 5
0.2785871083616045, 0.0, 0.7110283327281759, 0.25836704450724873, 4,4, 4
0.2589636133838888, 0.0, 0.7287211967329255, 0.29022824116960266, 6,6, 6
0.24359741901150803, 0.0, 0.7664532391974984, 0.3240627040268037, 9,9, 9
0.28337657154260626, 0.0, 0.7133784561079688, 0.25825686546403703, 7,7, 7
0.23395197232754605, 0.0, 0.7740650603122959, 0.2953370020347387, 8,8, 8
0.2627552717355152, 0.0, 0.724334284835058, 0.2817570383761599, 6,6, 6
0.1969001529967405, 0.0, 0.8237721980728078, 0.40180160645423185, 10,10, 10
0.22596953369254308, 0.0, 0.7609048786558352, 0.3345378204137079, 8,8, 8
0.29535022949511075, 0.0, 0.7281768210619444, 0.25692300086950093, 6,6, 6
0.22557041176079293, 0.0, 0.7750763474632059, 0.31304850943533613, 10,10, 10
0.25071509346105236, 0.0, 0.7632200195681894, 0.28436997415955706, 11,11, 11
0.25969533692543073, 0.0, 0.7597182505836361, 0.3131803367259526, 6,6, 6
0.28337657154260626, 0.0, 0.7098044641169721, 0.2642258301483234, 5,5, 5
0.29215725404110954, 0.0, 0.7108461649742405, 0.26295734877895893, 7,7, 7
0.2685425397458924, 0.0, 0.750812352675552, 0.28966468954072716, 6,6, 6
0.2849065389476485, 0.0, 0.7270842132216537, 0.27601807568762704, 6,6, 6
0.2825118073571476, 0.0, 0.722490486582574, 0.2882098512438167, 6,6, 6
0.27512805161976983, 0.0, 0.7153916526913335, 0.2945782119232812, 7,7, 7
0.3202953502294951, 0.0, 0.6904314009981293, 0.23663672748327244, 9,9, 9
0.2871682298942327, 0.0, 0.71970851961623, 0.27463538983843117, 5,5, 5
0.2733985232488525, 0.0, 0.7054522303183194, 0.264255548434369, 7,7, 7
0.26169094658418146, 0.0, 0.726079696694186, 0.29775996060847854, 11,11, 11
0.2498503292755937, 0.0, 0.7437145100641541, 0.34816254848700046, 8,8, 8
0.30346570877403045, 0.0, 0.6846669394910286, 0.2501478667577423, 7,7, 7
0.2766580190248121, 0.0, 0.7070401987937156, 0.2666333942420283, 8,8, 8
0.33080556109891573, 0.0, 0.6637462077520957, 0.23374872317103226, 5,5, 5
0.3369254307190847, 0.0, 0.6556459654404833, 0.22317233811870096, 8,8, 8
0.29475154659748554, 0.0, 0.7147648906213859, 0.2688059714355089, 7,7, 7
0.28444089669394, 0.0, 0.7134391471077215, 0.28639275696630273, 2,2, 2
0.13630013969267613, 0.0, 0.8804243597926954, 0.370724163600201, 0,0, 0
0.10876072640191578, 0.0, 0.8981541742153945, 0.45380502153711355, 2,6, 2
0.09991352358145414, 0.0, 0.9273376082964652, 0.5911412567590724, 7,9, 7
0.14534690347901283, 0.0, 0.8565631103534531, 0.3993324317260501, 7,9, 7
0.13257500166300804, 0.0, 0.9178669093179472, 0.3918827559825771, 3,8, 3
0.09991352358145414, 0.0, 0.9273376082964652, 0.5901833455686194, 2,4, 2
0.12312911594492118, 0.0, 0.8653803412310619, 0.45175549905738743, 3,7, 3
0.10290693806958026, 0.0, 0.9242737596602801, 0.5677608637275501, 3,5, 3
0.1120867424998337, 0.0, 0.8865843466064719, 0.5010414760127645, 7,7, 7
0.14381693607397059, 0.0, 0.8608587653317096, 0.36904954974629545, 2,8, 2
0.12386083948646312, 0.0, 0.8597879693684091, 0.4310504376928399, 3,4, 3
0.13603405840484267, 0.0, 0.8469510409591662, 0.4140908374019761, 8,8, 8
0.1594492117341848, 0.0, 0.8485718217155019, 0.32763221089723493, 9,9, 9
0.10177609259628817, 0.0, 0.8886195640072269, 0.5673125617961857, 5,5, 5
0.15073504955763986, 0.0, 0.8505080989811489, 0.3376597912785955, 4,4, 4
0.14108960287367792, 0.0, 0.8695110725753947, 0.34351073086010464, 2,2, 2
0.15046896826980644, 0.0, 0.8416107455015654, 0.4351741918619519, 6,6, 6
0.1313776358677576, 0.0, 0.8905252431814581, 0.3776074865822601, 6,6, 6
0.12445952238408833, 0.0, 0.8827788920753961, 0.42061737899935914, 6,6, 6
0.12811814009179803, 0.0, 0.9136891716864491, 0.47245235964517085, 8,8, 8
0.12698729461850594, 0.0, 0.8684374269977131, 0.43685893453646385, 7,7, 7
0.19716623428457394, 0.0, 0.7975248042922384, 0.3008473152670588, 6,6, 6
0.17694405640923302, 0.0, 0.8072646130727955, 0.28775383466598137, 7,7, 7
0.19250981174748885, 0.0, 0.7790031438308371, 0.301940367040063, 6,6, 6
0.1643717155591033, 0.0, 0.8161951825319933, 0.37611797318123613, 6,6, 6
0.1772766580190248, 0.0, 0.8172125415305734, 0.356156926640399, 10,10, 10
0.17182199161843945, 0.0, 0.8199693552515309, 0.3751564034346226, 6,6, 6
0.1714228696866893, 0.0, 0.8141203847782305, 0.3741724696479521, 8,8, 8
0.1651699594226036, 0.0, 0.8188252068123812, 0.40687930770624287, 9,9, 9
0.13117807490188252, 0.0, 0.8584738303209637, 0.41122972131893476, 5,5, 5
0.2070777622563693, 0.0, 0.8070660983674369, 0.3065727221265968, 5,5, 5
0.20960553449078695, 0.0, 0.8407582199381365, 0.3012406638559376, 7,7, 7
0.1984966407237411, 0.0, 0.8080316838829451, 0.31027892338895624, 7,7, 7
0.24133572806492384, 0.0, 0.751212858384263, 0.25406108714166825, 8,8, 8
0.17434976385285705, 0.0, 0.8223725600159163, 0.3777656520168865, 8,8, 8
0.18499301536619436, 0.0, 0.8317398175512253, 0.30846708017767255, 4,4, 4
0.2297611920441695, 0.0, 0.7500158719934424, 0.2690996234911719, 7,7, 7
0.21898489988691544, 0.0, 0.7743155324758084, 0.2785141018919802, 10,10, 10
0.20228829907536752, 0.0, 0.7938545275242632, 0.3105720645327428, 5,5, 5
0.16603472360806226, 0.0, 0.8507241412005152, 0.3773022433305314, 5,5, 5
0.19350761657686424, 0.0, 0.7976399473339487, 0.3534269671389274, 6,6, 6
0.18333000731723542, 0.0, 0.8437898583855357, 0.3747903993050712, 5,5, 5
0.23953967937204815, 0.0, 0.7651822686463821, 0.25962724864335057, 10,10, 10
0.17913922703385884, 0.0, 0.8165799561113599, 0.3951676293708695, 6,6, 6
0.20827512805161977, 0.0, 0.7902228674933557, 0.344467531142258, 7,7, 7
0.23774363067917248, 0.0, 0.766461127365017, 0.2680675025071461, 3,3, 3
0.21200026608128783, 0.0, 0.7754453619287662, 0.30273972960801016, 7,7, 7
0.1887846737178208, 0.0, 0.8005583083020359, 0.33763681300643816, 6,6, 6
0.20341914454865961, 0.0, 0.7919190996704796, 0.34411011709384015, 7,7, 7
0.2544402314907204, 0.0, 0.736837513615257, 0.26137396561285364, 7,7, 7
0.19550322623561497, 0.0, 0.7881865753203289, 0.3688489365492312, 5,5, 5
0.20175613649970067, 0.0, 0.7951858952397086, 0.33030746389162574, 7,7, 7
0.2610257433645979, 0.0, 0.7636295400317961, 0.2599681655897948, 8,8, 8
0.2899620834164837, 0.0, 0.7442338728904039, 0.2534027329231023, 7,7, 7
0.16942726002793854, 0.0, 0.8389545710874386, 0.37864114798894927, 10,10, 10
0.22882990753675247, 0.0, 0.7713797798562061, 0.3003360882896123, 4,4, 4
0.2134637131643717, 0.0, 0.7759082836657075, 0.30722264462901194, 6,6, 6
0.22204483469699993, 0.0, 0.7827135386583183, 0.2935586160265984, 3,3, 3
0.27140291359010177, 0.0, 0.7281346414766103, 0.25715274089390366, 6,6, 6
0.2290959888245859, 0.0, 0.7492952975593045, 0.2685912377126175, 7,7, 7
0.26940730393135104, 0.0, 0.7286915574627735, 0.2697368059436439, 4,4, 4
0.25537151599813745, 0.0, 0.7402097080192758, 0.25465905188122967, 3,3, 3
0.2739306858245194, 0.0, 0.7464086658309002, 0.2532875417021722, 4,4, 4
0.27432980775626953, 0.0, 0.723757555634884, 0.26470481498350024, 8,8, 8
0.2650169626820994, 0.0, 0.7223494740900107, 0.2685989759052041, 4,4, 4
0.27080423069247656, 0.0, 0.7242768816575952, 0.2543959876371449, 3,3, 3
0.2908268476019424, 0.0, 0.6904634330927907, 0.2457534842506127, 9,9, 9
0.23302068782012905, 0.0, 0.7566395504386982, 0.347802462942917, 4,4, 4
0.25237810151001133, 0.0, 0.7289044377607747, 0.3066880835924013, 9,9, 9
0.30712432648174015, 0.0, 0.6971977936849412, 0.2367995102277133, 5,5, 5
0.33506286170425065, 0.0, 0.6554532809734458, 0.2206244539622878, 8,8, 8
0.30526175746690615, 0.0, 0.6880248785964546, 0.23861623802032636, 6,6, 6
0.22630213530233487, 0.0, 0.782708642888696, 0.2947329619486689, 7,7, 7
0.23767711035721412, 0.0, 0.7589200237778354, 0.3203428307505596, 6,6, 6
0.2972127985099448, 0.0, 0.7144800084363062, 0.24984562222026327, 8,8, 8
0.18372912924898557, 0.0, 0.8450224431027614, 0.4172905097451111, 7,7, 7
0.2796514335129382, 0.0, 0.7471625197819796, 0.2768661494497924, 4,4, 4
0.3069912858378235, 0.0, 0.7150061405457757, 0.2520292316368295, 9,9, 9
0.28869819729927493, 0.0, 0.7088750342323873, 0.27049750867507466, 8,8, 8
0.2822457260693142, 0.0, 0.7572127495494098, 0.2765971109067802, 10,10, 10
0.347568682232422, 0.0, 0.6868228059947998, 0.23483834896497185, 7,7, 7
0.28503957959156523, 0.0, 0.7303097690603403, 0.26568886688608184, 5,5, 5
0.24891904476817667, 0.0, 0.7361834180305555, 0.30185097469083927, 7,7, 7
0.34537351160779617, 0.0, 0.6493220569469649, 0.22603091457441635, 9,9, 9
0.24532694738242533, 0.0, 0.7749100139809372, 0.3188469088621908, 6,6, 6
0.22716689948779353, 0.0, 0.7647871334838822, 0.3085937390239951, 7,7, 7
0.2808487993081887, 0.0, 0.7061922907494039, 0.3066023313475514, 6,6, 6
0.30911993614049094, 0.0, 0.6997634002167462, 0.2621400273594214, 8,8, 8
0.30845473292090736, 0.0, 0.6770172027574839, 0.2508031914674042, 4,4, 4
0.30971861903811615, 0.0, 0.698794754400319, 0.2555452712619867, 7,7, 7
0.317301935741369, 0.0, 0.6707096492183848, 0.2595727012889569, 7,7, 7
0.24645779285571742, 0.0, 0.7730275361609631, 0.3135278372311106, 3,4, 3
0.31437504157520124, 0.0, 0.6670288980126571, 0.2517119098864681, 7,7, 7
0.3134437570677842, 0.0, 0.6752664757444857, 0.24603484817254861, 6,6, 6
0.3428457393733786, 0.0, 0.6477433784519225, 0.23271129720668857, 7,7, 7
0.30892037517461585, 0.0, 0.6986383523391307, 0.2544793884991202, 6,6, 6
0.34351094259296217, 0.0, 0.6523617719676431, 0.22386275259597824, 5,5, 5
0.3077895297013237, 0.0, 0.6710888306588642, 0.2650438095717351, 4,4, 4
0.3175680170292024, 0.0, 0.6738240975053746, 0.2587376283380659, 6,6, 6
0.3246191711567884, 0.0, 0.6868498307255622, 0.24778172449766087, 4,4, 4
0.2549058737444289, 0.0, 0.7646161329964918, 0.29959225418837254, 8,8, 8
0.10822856382624892, 0.0, 0.8803998712353457, 0.40680348674910377, 0,0, 0
0.09944788132774562, 0.0, 0.8935759101484813, 0.577021797759442, 7,8, 7
0.1454134238009712, 0.0, 0.8314677165559999, 0.3729359907140492, 8,11, 8
0.12366127852058804, 0.0, 0.8830920999192189, 0.39001993151735126, 3,6, 3
0.09904875939599547, 0.0, 0.8938837418790088, 0.5760156388139532, 3,10, 3
0.10024612519124593, 0.0, 0.88033626681359, 0.5636208890029253, 10,10, 10
0.10024612519124593, 0.0, 0.88033626681359, 0.5593807318218416, 9,9, 9
0.1012439300206213, 0.0, 0.8798647435985777, 0.5205612901753236, 9,9, 9
0.09904875939599547, 0.0, 0.8938837418790088, 0.5725492323282122, 10,10, 10
0.1793387879997339, 0.0, 0.821772109910321, 0.28318755766830955, 6,6, 6
0.10450342579658085, 0.0, 0.8745524789428051, 0.48689489842030886, 8,8, 8
0.10017960486928756, 0.0, 0.8835487229879121, 0.5767451270290053, 6,6, 6
0.1444821392935542, 0.0, 0.8579209678832386, 0.38645105363259147, 7,7, 7
0.10370518193308055, 0.0, 0.889107917037306, 0.5559911474502559, 4,4, 4
0.10769640125058205, 0.0, 0.8881326074719782, 0.4478748616331275, 4,4, 4
0.11720880729062728, 0.0, 0.8682643433442899, 0.4146189709797457, 7,7, 7
0.16317434976385287, 0.0, 0.8333677116923908, 0.3304949470022992, 5,5, 5
0.17820794252644181, 0.0, 0.8145631565445836, 0.2918332362528946, 8,8, 8
0.14754207410363865, 0.0, 0.8447835816713656, 0.36410551044880995, 8,8, 8
0.12652165236479745, 0.0, 0.8726673080579604, 0.4605393341936574, 8,8, 8
0.11062329541674981, 0.0, 0.8849673078967565, 0.5161549856961087, 6,6, 6
0.2092064125590368, 0.0, 0.8102606384770915, 0.2725340881414134, 4,4, 4
0.16783077230093793, 0.0, 0.8248707556655077, 0.31416279506134903, 7,7, 7
0.11235282378766713, 0.0, 0.8824014456569784, 0.4939035404696982, 9,9, 9
0.12718685558438103, 0.0, 0.9168284379281082, 0.4776621287918828, 11,11, 11
0.15426062662143286, 0.0, 0.8525959523541807, 0.37153945774441477, 8,8, 8
0.17388412159914854, 0.0, 0.8668976870161714, 0.33847305509825576, 5,5, 5
0.1334397658484667, 0.0, 0.8754289496197312, 0.4004790733443829, 10,10, 10
0.14627818798642986, 0.0, 0.8528911725397553, 0.3995668695145324, 8,8, 8
0.2010244129581587, 0.0, 0.7931434543858152, 0.28357620268386363, 8,8, 8
0.1809352757267345, 0.0, 0.8126783208329209, 0.3299880367367394, 9,9, 9
0.1364997006585512, 0.0, 0.8523119947559096, 0.37868475678966157, 10,10, 10
0.201822656821659, 0.0, 0.782717309078389, 0.29574967703393784, 4,4, 4
0.1530632608261824, 0.0, 0.8363726700398422, 0.3784589826021051, 6,6, 6
0.15905008980243465, 0.0, 0.8494596167159759, 0.3770366843972366, 8,8, 8
0.18100179604869288, 0.0, 0.811794002842791, 0.33674106484910704, 5,5, 5
0.1828643650635269, 0.0, 0.7957612548080174, 0.32232230949071267, 4,4, 4
0.20115745360207543, 0.0, 0.7980795085114712, 0.3162823344448972, 6,6, 6
0.20381826648040977, 0.0, 0.793835511505642, 0.29797792239772974, 6,6, 6
0.19729927492849064, 0.0, 0.7935083639016954, 0.3077254068371333, 6,6, 6
0.18525909665402782, 0.0, 0.8084466411966783, 0.3555054969201125, 7,7, 7
0.18825251114215394, 0.0, 0.8022456286217649, 0.30767252818409274, 9,9, 9
0.23328676910796248, 0.0, 0.7637947987712325, 0.2800090985305247, 12,12, 12
0.24918512605601012, 0.0, 0.7439604470921445, 0.26286525266187005, 7,7, 7
0.23448413490321293, 0.0, 0.7458540544349868, 0.2714827028993624, 6,6, 6
0.18818599082019558, 0.0, 0.8062283854723128, 0.3796959968098957, 4,4, 4
0.2297611920441695, 0.0, 0.7955073299209235, 0.2637078765014624, 8,8, 8
0.188452072108029, 0.0, 0.8065557209902728, 0.32761777727101304, 6,6, 6
0.24193441096254906, 0.0, 0.7679852921209489, 0.29045967417871954, 7,7, 7
0.20335262422670125, 0.0, 0.7962007488752363, 0.3370422446367931, 6,6, 6
0.22769906206346038, 0.0, 0.7717620928044323, 0.27901966095246405, 7,7, 7
0.27506153129781147, 0.0, 0.7420400184235869, 0.24888804528694805, 9,9, 9
0.233752411361671, 0.0, 0.7989045016983066, 0.27981934247258544, 4,4, 4
0.23368589103971263, 0.0, 0.8012233033953997, 0.31966707345148093, 4,4, 4
0.2620235481939733, 0.0, 0.7215818017162712, 0.24684727344965274, 7,7, 7
0.22969467172221114, 0.0, 0.7462706912415981, 0.2712878819247048, 7,7, 7
0.2161910463646644, 0.0, 0.7663142361652902, 0.29592805056414173, 10,10, 10
0.21386283509612186, 0.0, 0.7629938713008326, 0.2933631503129568, 7,7, 7
0.24359741901150803, 0.0, 0.7368644101634527, 0.25089407561601645, 7,7, 7
0.2781879864298543, 0.0, 0.7499435607306819, 0.2517320580637065, 6,6, 6
0.2627552717355152, 0.0, 0.7738800041312018, 0.26793032837178143, 9,9, 9
0.2579658085545134, 0.0, 0.7412592007610581, 0.26448209451589155, 8,8, 8
0.22490520854120935, 0.0, 0.7634505699254137, 0.28936873448496947, 5,5, 5
0.2954832701390275, 0.0, 0.6995357803891936, 0.23860619399781338, 7,7, 7
0.26169094658418146, 0.0, 0.7191537855392919, 0.2725857123379607, 6,6, 6
0.20913989223707843, 0.0, 0.7886328208012947, 0.3427557062476091, 6,6, 6
0.2950841482072773, 0.0, 0.7214778780297612, 0.2507467354534954, 5,5, 5
0.23687886649371384, 0.0, 0.7435185454290416, 0.2825741184339795, 6,6, 6
0.25869753209605534, 0.0, 0.7310132117407413, 0.27558223815883875, 9,9, 9
0.2753941329076033, 0.0, 0.7347435353996781, 0.28177008481524807, 8,8, 8
0.2772567019224373, 0.0, 0.7099497670353291, 0.26116220111418337, 7,7, 7
0.2982771236612785, 0.0, 0.7268178611946797, 0.25369528573108124, 11,11, 11
0.3043304729594891, 0.0, 0.7003389860408792, 0.23362940577734492, 10,10, 10
0.23827579325483936, 0.0, 0.7494498791754591, 0.28154448091147416, 9,9, 9
0.2650169626820994, 0.0, 0.7467732392197116, 0.28501153552915215, 5,5, 5
0.2646178407503492, 0.0, 0.7445123252495514, 0.2699962373130584, 8,8, 8
0.2264351759462516, 0.0, 0.7566468670669536, 0.32031855504777795, 7,7, 7
0.19969400651899155, 0.0, 0.8034603942893986, 0.3586907966352883, 7,7, 7
0.29854320494911196, 0.0, 0.7156610713332845, 0.25529077136230444, 5,5, 5
0.26574868622364134, 0.0, 0.7365837276558959, 0.2806136783949383, 10,10, 10
0.28297744961085614, 0.0, 0.7043566347273668, 0.2564195306240353, 5,5, 5
0.26654693008714164, 0.0, 0.710499195110325, 0.2731213285099898, 9,9, 9
0.242666134504091, 0.0, 0.7338409014136407, 0.2878264434325271, 8,8, 8
0.27100379165835164, 0.0, 0.7119504621360855, 0.2601376622553734, 9,9, 9
0.3416483735781281, 0.0, 0.6606160269235284, 0.23448036276305342, 6,6, 6
0.2930220182265682, 0.0, 0.6913508530631931, 0.24243609816481257, 9,9, 9
0.30971861903811615, 0.0, 0.6754215735760505, 0.23861413866971254, 9,9, 9
0.22996075301004457, 0.0, 0.7535607214427228, 0.3385777390937578, 7,7, 7
0.23561498037650502, 0.0, 0.7502912727940805, 0.29016752872676665, 9,9, 9
0.2852391405574403, 0.0, 0.7006966560329119, 0.2540616790042149, 7,7, 7
0.3442426661345041, 0.0, 0.6396664339987101, 0.21847435829090192, 5,5, 5
0.2699394665070179, 0.0, 0.7242373808839494, 0.2869410166794459, 4,4, 4
0.26441827978447413, 0.0, 0.7102997201977663, 0.2750554772551629, 6,6, 6
0.30386483070578063, 0.0, 0.7161124311658732, 0.25577866695538914, 7,7, 7
0.3230226834297878, 0.0, 0.6674962763279672, 0.23851311568058314, 6,7, 6
0.30792257034524045, 0.0, 0.6767223804934467, 0.2573334437403526, 8,8, 8
0.2453934677043837, 0.0, 0.7306334611566655, 0.29648229634930906, 5,5, 5
0.28151400252777226, 0.0, 0.7099315991426688, 0.26757636571394294, 6,6, 6
0.26335395463314043, 0.0, 0.729780253741808, 0.29601025205212234, 5,5, 5
0.27852058803964613, 0.0, 0.6974852381881343, 0.2678311110086088, 9,9, 9
0.3089868954965742, 0.0, 0.6882780881605193, 0.2547190221469543, 9,9, 9
0.10077828776691279, 0.0, 0.8898871426463326, 0.5575705154069723, 0,0, 0
0.09878267810816205, 0.0, 0.9000015148416551, 0.5823124271015588, 5,5, 5
0.10024612519124593, 0.0, 0.8983568220211819, 0.5656317638513572, 2,7, 2
0.09878267810816205, 0.0, 0.9000015148416551, 0.5774717905239491, 2,5, 2
0.10024612519124593, 0.0, 0.88033626681359, 0.5630030928340314, 5,6, 5
0.09958092197166234, 0.0, 0.8933638062721464, 0.5736252851748506, 4,9, 4
0.09958092197166234, 0.0, 0.8933638062721464, 0.5792373747644944, 4,5, 4
0.10024612519124593, 0.0, 0.88033626681359, 0.5577296910926272, 5,6, 5
0.09958092197166234, 0.0, 0.8933638062721464, 0.5807145109915187, 8,8, 8
0.09951440164970399, 0.0, 0.8935598847035189, 0.5764366201521237, 3,4, 3
0.10024612519124593, 0.0, 0.88033626681359, 0.563944868665222, 8,8, 8
0.10024612519124593, 0.0, 0.88033626681359, 0.5619757254762712, 5,5, 5
0.10097784873278787, 0.0, 0.9117668670410615, 0.5807115840730888, 11,11, 11
0.09958092197166234, 0.0, 0.8933638062721464, 0.5742388104746989, 4,4, 4
0.138694871283177, 0.0, 0.855671962017004, 0.399855623807948, 8,8, 8
0.10995809219716624, 0.0, 0.9129316599302898, 0.46095167035860746, 7,7, 7
0.09904875939599547, 0.0, 0.8996807755434298, 0.5725476506250858, 7,7, 7
0.1632408700858112, 0.0, 0.8315414308496935, 0.3509512103688681, 7,7, 7
0.11614448213929356, 0.0, 0.87452028044833, 0.45948234996380566, 8,8, 8
0.16650036586177078, 0.0, 0.8311961756383937, 0.3551072111528542, 7,7, 7
0.13776358677576, 0.0, 0.861388098554298, 0.426588622226829, 8,8, 8
0.14494778154726268, 0.0, 0.8555958481898428, 0.39142186936380924, 4,4, 4
0.15585711434843344, 0.0, 0.8369831504425578, 0.3698781618399262, 3,3, 3
0.1770105767311914, 0.0, 0.812216109984572, 0.2905337000813014, 5,5, 5
0.15798576465110092, 0.0, 0.845105397830287, 0.38954870895833865, 6,6, 6
0.17415020288698196, 0.0, 0.8168128951721809, 0.30024554553054306, 5,5, 5
0.16477083749085344, 0.0, 0.8249628892891603, 0.32616981666565037, 5,5, 5
0.19630147009911528, 0.0, 0.8265116948565802, 0.3017873075380279, 4,4, 4
0.19862968136765782, 0.0, 0.8126025497485406, 0.3041676580776197, 7,7, 7
0.1514667730991818, 0.0, 0.8495398741266889, 0.3932702586085957, 10,10, 10
0.2139958757400386, 0.0, 0.7809357858168536, 0.2759084106099546, 6,6, 6
0.18419477150269406, 0.0, 0.7993025009471111, 0.30387540705384586, 7,7, 7
0.20474955098782677, 0.0, 0.7988598399667518, 0.31186399389086783, 7,7, 7
0.21259894897891307, 0.0, 0.7818765858070463, 0.27480127377707253, 7,7, 7
0.19550322623561497, 0.0, 0.8096407746449475, 0.3001096475083989, 5,5, 5
0.2200492250382492, 0.0, 0.7755807388437644, 0.27745182423296244, 8,8, 8
0.16683296747156257, 0.0, 0.8362249939698636, 0.4017100704584793, 8,8, 8
0.19463846205015634, 0.0, 0.795806544442362, 0.31441654994033325, 5,5, 5
0.19776491718219916, 0.0, 0.7843325647321221, 0.2932543194469005, 5,5, 5
0.20787600611986962, 0.0, 0.7797806389915358, 0.29317680800243473, 5,5, 5
0.22710037916583517, 0.0, 0.7572055605930266, 0.26598449888202014, 2,2, 2
0.21745493248187323, 0.0, 0.7762240544416631, 0.28150599594118214, 5,5, 5
0.20834164837357813, 0.0, 0.803550411986774, 0.3206104529083193, 8,8, 8
0.21246590833499635, 0.0, 0.7823606912465019, 0.31257102967768474, 6,6, 6
0.18306392602940197, 0.0, 0.8125851802957119, 0.3537620748348821, 7,7, 7
0.21625756668662277, 0.0, 0.7757030980519963, 0.2879935205163175, 6,6, 6
0.24991684959755206, 0.0, 0.7503575023126146, 0.26193217795212187, 2,2, 2
0.19144548659615512, 0.0, 0.7979324504740185, 0.3462488754937824, 7,7, 7
0.25623628018359607, 0.0, 0.7485406253043595, 0.24503659371117004, 6,6, 6
0.19184460852790527, 0.0, 0.8336548478188084, 0.3654507170901243, 6,6, 6
0.242666134504091, 0.0, 0.7591034765201785, 0.2736629525228308, 5,5, 5
0.20588039646111886, 0.0, 0.7935640880716391, 0.3548852044787115, 4,4, 4
0.26508348300405776, 0.0, 0.7250395771100312, 0.24383343241353037, 6,6, 6
0.23860839486463115, 0.0, 0.7475180625758959, 0.2819144553059813, 6,6, 6
0.2646843610723076, 0.0, 0.7214923897470187, 0.2609253746848555, 2,2, 2
0.22490520854120935, 0.0, 0.7945482677176754, 0.31564681570599856, 6,6, 6
0.25676844275926297, 0.0, 0.7415832218930837, 0.27251785231291903, 8,8, 8
0.25038249185126055, 0.0, 0.742236504167615, 0.2911570233299064, 5,5, 5
0.21998270471629083, 0.0, 0.7675978176347056, 0.3084848792992469, 9,9, 9
0.2545067518126788, 0.0, 0.7589725155362695, 0.2789280198907322, 9,9, 9
0.22058138761391605, 0.0, 0.7936415738135117, 0.2921131452915886, 5,5, 5
0.20302002261690946, 0.0, 0.8051033949097449, 0.34561686473533887, 6,6, 6
0.24452870351892503, 0.0, 0.7577031404375993, 0.26269166461571075, 8,8, 8
0.19823055943590767, 0.0, 0.7999282348617756, 0.35755423813778925, 5,5, 5
0.234683695869088, 0.0, 0.758225211011182, 0.3126488445024853, 3,3, 3
0.27020554779485134, 0.0, 0.7110209942304684, 0.2575429768911283, 6,6, 6
0.2467903944655092, 0.0, 0.7766544448089114, 0.2820597756765238, 11,11, 11
0.2878999534357746, 0.0, 0.7466489224416617, 0.24928685674598886, 9,9, 9
0.2992749284906539, 0.0, 0.7372371111261208, 0.24578185286999799, 8,8, 8
0.263087873345307, 0.0, 0.7641167533441511, 0.2925895073745844, 3,3, 3
0.18053615379498436, 0.0, 0.8404755478464881, 0.41680746665378066, 10,10, 10
0.2912924898556509, 0.0, 0.7148937539329754, 0.2544636526724672, 4,4, 4
0.2938202620900685, 0.0, 0.6931178195455178, 0.23733517038446242, 5,5, 5
0.31723541541941064, 0.0, 0.673078079984001, 0.23554420931819522, 5,5, 5
0.2839087341182731, 0.0, 0.7074331664356609, 0.26145099982974773, 4,4, 4
0.29614847335861105, 0.0, 0.6968358906221556, 0.25771570278526446, 6,6, 6
0.28051619769839686, 0.0, 0.7066955918569238, 0.26372135321304685, 8,8, 8
0.28703518925031596, 0.0, 0.7002099781142497, 0.2484906057790638, 2,2, 2
0.27506153129781147, 0.0, 0.7133884067965763, 0.2612077383432146, 7,7, 7
0.2915585711434843, 0.0, 0.6990848153606428, 0.2570305664872253, 7,7, 7
0.3032661478081554, 0.0, 0.6862144574980614, 0.2477227754384508, 7,7, 7
0.27060466972660147, 0.0, 0.7182708106711732, 0.2604330786058168, 6,6, 6
0.25324286569546994, 0.0, 0.7376265186030743, 0.3037249897012569, 8,8, 8
0.3098516596820329, 0.0, 0.6970769267413801, 0.2476182298460138, 10,10, 10
0.32042839087341185, 0.0, 0.6935414740288364, 0.24475367664573366, 9,9, 9
0.31484068382890973, 0.0, 0.6762621719923494, 0.24613803410364746, 5,5, 5
0.2681434178141422, 0.0, 0.7282706376893772, 0.2972251297581612, 8,8, 8
0.26860906006785074, 0.0, 0.7067287224983876, 0.2715191707264781, 9,9, 9
0.3423135767977117, 0.0, 0.6662749500205097, 0.22758875812620716, 4,4, 4
0.28417481540610656, 0.0, 0.7016051605154722, 0.26615640563141485, 7,7, 7
0.28098183995210535, 0.0, 0.6954622082181856, 0.2590570172849234, 2,2, 2
0.2920907337191512, 0.0, 0.6891473756960752, 0.25414500913071486, 6,6, 6
0.2938202620900685, 0.0, 0.7249213767197109, 0.2735729975158358, 7,7, 7
0.3072573671256569, 0.0, 0.6895034471687059, 0.25294038404362473, 7,7, 7
0.34544003192975453, 0.0, 0.6603806569051309, 0.23171769697477804, 6,6, 6
0.3150402447947848, 0.0, 0.7177173191975377, 0.2448873560240895, 7,7, 7
0.2747289296880197, 0.0, 0.7232047568941549, 0.2841519182133949, 7,7, 7
0.31543936672653494, 0.0, 0.6923052707808546, 0.2524261713481686, 8,8, 8
0.2217787534091665, 0.0, 0.7564054357077888, 0.3480836175665161, 5,6, 5
0.24705647575334264, 0.0, 0.749392666944727, 0.32448211428073065, 7,7, 7
0.33772367458258495, 0.0, 0.6802624657137935, 0.24764405525808666, 5,5, 5
0.09904875939599547, 0.0, 0.8938837418790088, 0.574500750109558, 0,0, 0
0.14055744029801104, 0.0, 0.8770277561271159, 0.45138107666833216, 6,9, 6
0.09958092197166234, 0.0, 0.8933638062721464, 0.5857379512402762, 2,3, 2
0.10623295416749817, 0.0, 0.888288130079557, 0.5275999775262331, 3,8, 3
0.11594492117341848, 0.0, 0.8713789999315463, 0.37986525517811087, 2,5, 2
0.1547927891970997, 0.0, 0.8273309224551164, 0.389127321934203, 6,9, 6
0.10556775094791458, 0.0, 0.8752944476605875, 0.5607183133872868, 3,8, 3
0.12891638395529834, 0.0, 0.8849299255907737, 0.39547653354012097, 2,5, 2
0.09904875939599547, 0.0, 0.8938837418790088, 0.5777603446891251, 5,7, 5
0.12013570145679506, 0.0, 0.8668220921442072, 0.4188362150118857, 7,7, 7
0.09958092197166234, 0.0, 0.8933638062721464, 0.5757169449307813, 4,4, 4
0.17328543870152333, 0.0, 0.8213218619027957, 0.3284011801999246, 7,7, 7
0.15519191112884986, 0.0, 0.8285771589056885, 0.40302187392260047, 6,6, 6
0.16297478879797778, 0.0, 0.8343307081449103, 0.3393688974575837, 7,7, 7
0.1323089203751746, 0.0, 0.8509347691644374, 0.3968759134615756, 8,8, 8
0.1293155058870485, 0.0, 0.8824420244845484, 0.3649353908896858, 6,6, 6
0.15073504955763986, 0.0, 0.8333742838353654, 0.4260915500559985, 7,7, 7
0.17621233286769108, 0.0, 0.8132248720980739, 0.31896557079796556, 12,12, 12
0.14388345639592895, 0.0, 0.8479845271449772, 0.47286002441853087, 9,9, 9
0.22024878600412426, 0.0, 0.7590784619904322, 0.26041137274505877, 8,8, 8
0.1696268209938136, 0.0, 0.8214528545838315, 0.3923700881902412, 9,9, 9
0.18625690148340318, 0.0, 0.798135247383871, 0.3084801282582101, 6,6, 6
0.2287633872147941, 0.0, 0.7891993345975428, 0.26553984511547046, 7,7, 7
0.19470498237211467, 0.0, 0.7853625458254594, 0.306821807257179, 11,11, 11
0.25231158118805297, 0.0, 0.7523432211717883, 0.2541290368826567, 7,7, 7
0.17707709705314972, 0.0, 0.8403999967347374, 0.35858219374016187, 3,3, 3
0.20548127452936873, 0.0, 0.7800560551054438, 0.30052790307062494, 6,6, 6
0.1984966407237411, 0.0, 0.8247252148215868, 0.33167804362786657, 10,10, 10
0.19882924233353289, 0.0, 0.7968677236068659, 0.35140268766767896, 4,4, 4
0.19237677110357215, 0.0, 0.7864282040220992, 0.34105776385741715, 7,7, 7
0.2487194838023016, 0.0, 0.7580507845990903, 0.2554519626675026, 3,3, 3
0.21911794053083217, 0.0, 0.7958658047505718, 0.29395713783593336, 6,6, 6
0.20800904676378634, 0.0, 0.8134413369162686, 0.3416804592427972, 6,6, 6
0.21040377835428722, 0.0, 0.7802897909183883, 0.29255277460029655, 10,10, 10
0.24067052484534024, 0.0, 0.7860330989739585, 0.2752791013561228, 6,6, 6
0.23475021619104636, 0.0, 0.7653963509310977, 0.29652119320815784, 5,5, 5
0.22803166367325217, 0.0, 0.7918790913862205, 0.2884190996554132, 6,6, 6
0.21745493248187323, 0.0, 0.7840086446571156, 0.2941173709815801, 7,7, 7
0.2016896161777423, 0.0, 0.8023967729273715, 0.32494068471374843, 3,3, 3
0.19317501496707243, 0.0, 0.7831589757589071, 0.3599135536752127, 10,10, 10
0.2028204616510344, 0.0, 0.8171615611737704, 0.3407232089340673, 7,7, 7
0.23521585844475487, 0.0, 0.763593434486635, 0.29038898145752784, 6,6, 6
0.2227100379165835, 0.0, 0.8202215239777995, 0.3355770681149571, 7,7, 7
0.24366393933346636, 0.0, 0.7764722113710557, 0.27925234995288695, 11,11, 11
0.2646178407503492, 0.0, 0.7543653544073555, 0.2525355005165233, 6,6, 6
0.23129115944921175, 0.0, 0.7504753503883359, 0.2792788371692414, 8,8, 8
0.24386350029934145, 0.0, 0.7627703339274481, 0.28482625648336435, 5,5, 5
0.2510476950708441, 0.0, 0.7368881729833977, 0.26454806203923786, 10,10, 10
0.26920774296547595, 0.0, 0.7348791623148254, 0.24785847445780074, 6,6, 6
0.25962881660347237, 0.0, 0.7482881747333243, 0.279362243916538, 7,7, 7
0.27146943391206013, 0.0, 0.7264274585755502, 0.2610434819930119, 6,6, 6
0.2571675646910131, 0.0, 0.7753444743509267, 0.2847070303355131, 7,7, 7
0.20288698197299274, 0.0, 0.8403263226633934, 0.36117311153778425, 10,10, 10
0.2690747023215592, 0.0, 0.7169743017332789, 0.26723308937046125, 5,5, 5
0.2908268476019424, 0.0, 0.7192455001778576, 0.24348337465427883, 6,6, 6
0.22058138761391605, 0.0, 0.7625741087814428, 0.3414053165777871, 6,6, 6
0.25244462183196964, 0.0, 0.7464732807018564, 0.31938315524863137, 8,9, 8
0.27592629548327013, 0.0, 0.7148117646196377, 0.26039255264301636, 5,5, 5
0.2942193840218187, 0.0, 0.732646419377437, 0.2479742249613863, 7,7, 7
0.234683695869088, 0.0, 0.7762069630160733, 0.3220025138271332, 6,6, 6
0.23973924033792324, 0.0, 0.7666567035674566, 0.31895903250104807, 8,8, 8
0.2916250914654427, 0.0, 0.7410767543699087, 0.26611630100089484, 9,9, 9
0.276458458058937, 0.0, 0.736017213027185, 0.2655878459803056, 6,6, 6
0.27685757999068716, 0.0, 0.7363701207254983, 0.2867557643377464, 8,8, 8
0.26455132042839086, 0.0, 0.7176494783450282, 0.2689478421230097, 6,6, 6
0.3061930419743232, 0.0, 0.7197389122675711, 0.2509842782251439, 8,8, 8
0.2816470431716889, 0.0, 0.7588712643538449, 0.29028262818206907, 6,6, 6
0.29554979046098584, 0.0, 0.708125232257156, 0.2556771279354468, 9,9, 9
0.2944854653096521, 0.0, 0.7086642207666357, 0.26496051611856736, 3,3, 3
0.29475154659748554, 0.0, 0.6982526980409769, 0.25852936093691314, 5,5, 5
0.2956163107829442, 0.0, 0.7010854494505034, 0.2530723291723972, 8,8, 8
0.24565954899221712, 0.0, 0.751839283590602, 0.3353118009890024, 7,9, 7
0.22310915984833365, 0.0, 0.774698121865766, 0.3642851659406841, 10,10, 10
0.29109292888977584, 0.0, 0.7057393539217387, 0.25660954580815487, 6,6, 6
0.3067917248719484, 0.0, 0.7245786849880228, 0.26294435074471223, 6,6, 6
0.2789862302933546, 0.0, 0.7659381327394295, 0.30379468210465976, 8,8, 8
0.250648573139094, 0.0, 0.7279707548240356, 0.3048020494327625, 11,11, 11
0.289829042772567, 0.0, 0.6968382854157578, 0.2672001887190897, 6,6, 6
0.28257832767910596, 0.0, 0.7081664999937618, 0.25292519319883566, 5,5, 5
0.2713363932681434, 0.0, 0.7256544784881696, 0.27011126676624647, 9,9, 9
0.32834430918645646, 0.0, 0.6974192795351098, 0.23626901740871697, 4,5, 4
0.2774562628883124, 0.0, 0.7222604945092604, 0.2704803695029503, 6,6, 6
0.27552717355152, 0.0, 0.7328820442265765, 0.2944285277351619, 7,7, 7
0.2273664604536686, 0.0, 0.7593763838086389, 0.3357552395778881, 6,6, 6
0.30226834297878, 0.0, 0.713361639325036, 0.2572916057041299, 6,6, 6
0.2737976451806027, 0.0, 0.7025480635106943, 0.2648826821676897, 4,4, 4
0.2962149936805694, 0.0, 0.6854145093251973, 0.24941338940875685, 4,5, 4
0.3025344242666135, 0.0, 0.7093370933112868, 0.25034255221464763, 9,9, 9
0.30486263553515597, 0.0, 0.7203304084534808, 0.26443331808170883, 7,7, 7
0.3023348633007384, 0.0, 0.7181042972542638, 0.2594077030166091, 7,7, 7
0.31304463513603403, 0.0, 0.6820994631666517, 0.2544352487002525, 8,8, 8
0.326215658883789, 0.0, 0.6558380090877556, 0.23722399609462475, 10,10, 10
0.25883057273997206, 0.0, 0.7294875325433448, 0.33564684940899686, 8,8, 8
0.3357945852457926, 0.0, 0.6659659480968334, 0.232697629035329, 7,7, 7
0.2141289163839553, 0.0, 0.7839573621512845, 0.3451844275858545, 13,13, 13
0.2791857912592297, 0.0, 0.7093653598030736, 0.2813374888162331, 9,9, 9
0.28770039246989954, 0.0, 0.7057791183095926, 0.2744517175501384, 3,3, 3
0.3402514468170026, 0.0, 0.6553738213069312, 0.23669205494068415, 9,9, 9
0.24526042706046697, 0.0, 0.7774547613797231, 0.3109003710297834, 7,9, 7
0.328078227898623, 0.0, 0.6533534626622446, 0.23973693027348364, 5,5, 5
0.30060533492982106, 0.0, 0.6851311739693999, 0.2488365017760766, 5,5, 5
0.09233020687820129, 0.0, 0.9096824911482665, 0.37005748596310384, 0,0, 0
0.10097784873278787, 0.0, 0.9286679277059546, 0.5385121913881674, 4,6, 4
0.09904875939599547, 0.0, 0.8938837418790088, 0.5784991496767197, 3,8, 3
0.0996474422936207, 0.0, 0.9424463317291131, 0.5848536143620329, 9,11, 9
0.1264551320428391, 0.0, 0.9126969160729504, 0.4927318561259104, 7,8, 7
0.09904875939599547, 0.0, 0.8938837418790088, 0.5741936938122142, 2,5, 2
0.09904875939599547, 0.0, 0.8938837418790088, 0.574749945080675, 3,7, 3
0.09904875939599547, 0.0, 0.8938837418790088, 0.5742629066937711, 3,5, 3
0.14261957027872016, 0.0, 0.8510847911420512, 0.3796090865393715, 5,5, 5
0.09991352358145414, 0.0, 0.9273376082964652, 0.5879660521864837, 10,11, 10
0.0996474422936207, 0.0, 0.9424463317291131, 0.5852669402593917, 8,8, 8
0.12632209139892236, 0.0, 0.8813043829864027, 0.35814449506409946, 8,8, 8
0.12465908334996341, 0.0, 0.8529329421012432, 0.46892569949550045, 9,9, 9
0.10902680768974922, 0.0, 0.8705045044221249, 0.48510645400786795, 6,6, 6
0.15053548859176477, 0.0, 0.8438400783932817, 0.37170593376642563, 6,6, 6
0.16975986163773032, 0.0, 0.828484961898795, 0.32054816138548736, 7,7, 7
0.1589835694804763, 0.0, 0.8838204605973564, 0.37696543758514983, 8,8, 8
0.16357347169560302, 0.0, 0.8164763178563041, 0.3411156263636928, 7,7, 7
0.14168828577130313, 0.0, 0.8386057524312898, 0.39811946790984565, 8,8, 8
0.09991352358145414, 0.0, 0.9273376082964652, 0.5872112474408298, 12,12, 12
0.11627752278321027, 0.0, 0.9107491996856635, 0.5246643562282499, 9,9, 9
0.1692942193840218, 0.0, 0.8200185359633063, 0.34141954447218414, 7,7, 7
0.13882791192709373, 0.0, 0.8883973909333424, 0.4422748767114871, 10,10, 10
0.21166766447149604, 0.0, 0.7952656515422983, 0.27033092540969095, 11,11, 11
0.20049225038249185, 0.0, 0.7936641061426214, 0.2884401770026667, 9,9, 9
0.20641255903678574, 0.0, 0.777654484528345, 0.2855742730600528, 7,7, 7
0.1611787401051021, 0.0, 0.8607370748886832, 0.3476504993257656, 8,8, 8
0.23401849264950442, 0.0, 0.7667537303145052, 0.2489843807006358, 7,7, 7
0.20095789263620037, 0.0, 0.7991303450112136, 0.27847835945443683, 10,10, 10
0.2329541674981707, 0.0, 0.7905749506514549, 0.2715439789101119, 6,6, 6
0.16796381294485466, 0.0, 0.8164838386534512, 0.37639729107316783, 5,5, 5
0.20109093328011707, 0.0, 0.7990216505212981, 0.31595815343504896, 8,8, 8
0.20275394132907604, 0.0, 0.8057606842873245, 0.29603632047403955, 6,6, 6
0.200891372314242, 0.0, 0.7727351602379849, 0.29668903864914825, 7,7, 7
0.16669992682764584, 0.0, 0.8101920236485788, 0.3737927376950008, 5,5, 5
0.23734450874742233, 0.0, 0.7433481040895353, 0.25200360821292095, 7,7, 7
0.20687820129049425, 0.0, 0.7785363651980621, 0.2918242526879464, 8,8, 8
0.27426328743431116, 0.0, 0.7249583925064508, 0.22789304408787195, 7,7, 7
0.16803033326681302, 0.0, 0.8574790683598588, 0.35635928494478863, 9,9, 9
0.23042639526375308, 0.0, 0.7439664435591472, 0.2760440339716417, 7,7, 7
0.26169094658418146, 0.0, 0.7123530770053891, 0.23434742475495413, 8,8, 8
0.16736513004722942, 0.0, 0.8303789084644572, 0.3869437931359351, 10,10, 10
0.21911794053083217, 0.0, 0.7729988523842135, 0.2887522025851628, 8,8, 8
0.25011641056342715, 0.0, 0.7534540111586787, 0.26825668081361764, 5,5, 5
0.20461651034391007, 0.0, 0.7830205032787434, 0.3337444223028564, 6,6, 6
0.19862968136765782, 0.0, 0.8434901895501089, 0.3566123357873357, 11,11, 11
0.25457327213463715, 0.0, 0.7894923124058255, 0.26742821171673303, 9,9, 9
0.23255504556642054, 0.0, 0.7665294046072872, 0.2651800497703339, 4,4, 4
0.21239938801303798, 0.0, 0.8072246312541602, 0.29352530678263383, 9,9, 9
0.2147941196035389, 0.0, 0.8114345441458615, 0.32436249676806517, 8,8, 8
0.21645712765249783, 0.0, 0.8086489253805439, 0.31925292962473245, 5,5, 5
0.2306924765515865, 0.0, 0.7911060341147274, 0.3298321694928768, 5,5, 5
0.23175680170292023, 0.0, 0.809616382351346, 0.30666409848806775, 9,9, 9
0.3065921639060733, 0.0, 0.7033664072462947, 0.2337226648207187, 5,5, 5
0.2553049956761791, 0.0, 0.7508411470449929, 0.25342349756652693, 6,6, 6
0.28803299407969135, 0.0, 0.7423667644776338, 0.24937868273180933, 10,10, 10
0.24220049225038248, 0.0, 0.7815569761705703, 0.32308618754757334, 5,5, 5
0.27486197033193643, 0.0, 0.7393856536872113, 0.2758204229577347, 6,6, 6
0.1895829175813211, 0.0, 0.8083295960887235, 0.322406685299147, 6,6, 6
0.28803299407969135, 0.0, 0.7302794992655413, 0.24417164153151213, 7,7, 7
0.30546131843278124, 0.0, 0.6935110631593256, 0.23253526495027568, 9,9, 9
0.2800505554446884, 0.0, 0.7106204243992722, 0.2466812335030176, 9,9, 9
0.21659016829641456, 0.0, 0.7737575470880139, 0.30779558479003305, 11,11, 11
0.3276791059668729, 0.0, 0.7021978242945547, 0.23306729609768856, 8,8, 8
0.2988758065589037, 0.0, 0.7091566595177334, 0.2401296379524859, 5,5, 5
0.2974788797977782, 0.0, 0.715893330398589, 0.23959707638161795, 7,7, 7
0.2893634005188585, 0.0, 0.7401954984675096, 0.2633457279798396, 9,9, 9
0.2911594492117342, 0.0, 0.7011652340670628, 0.25752809090370676, 11,11, 11
0.3199627486197033, 0.0, 0.6747690372759902, 0.2263662047572212, 7,7, 7
0.3289429920840817, 0.0, 0.6896411616522837, 0.23033534497580074, 8,8, 8
0.21080290028603738, 0.0, 0.8179904088740693, 0.38598335055878175, 7,7, 7
0.2988758065589037, 0.0, 0.7074721179376566, 0.25278782683501916, 12,12, 12
0.24432914255304997, 0.0, 0.7750936479564746, 0.3151948308344366, 6,6, 6
0.3135102773897426, 0.0, 0.7016882964284861, 0.24315946687261142, 7,7, 7
0.26315439366726534, 0.0, 0.7618157009597247, 0.29411329487991755, 8,8, 8
0.29535022949511075, 0.0, 0.7472385278882909, 0.271423875964409, 4,4, 4
0.2362801835960886, 0.0, 0.7537590234021184, 0.34575589756585023, 8,8, 8
0.3086542938867824, 0.0, 0.681456059130579, 0.23958101894983055, 5,5, 5
0.33632674782145944, 0.0, 0.691639845790671, 0.24231353595848049, 6,6, 6
0.3347967804164172, 0.0, 0.6949093397291634, 0.23200179732007886, 7,7, 7
0.3008714162176545, 0.0, 0.6999080264098017, 0.2787031940868592, 7,7, 7
0.2972127985099448, 0.0, 0.7087131084177014, 0.26130474704225376, 9,9, 9
0.261424865296348, 0.0, 0.7587596230228961, 0.27803065908671, 10,10, 10
0.2520454999002195, 0.0, 0.7718403687607784, 0.3457571999162119, 7,7, 7
0.3124459522384088, 0.0, 0.6823356238914375, 0.24300869405589698, 6,6, 6
0.2676777755604337, 0.0, 0.7249735301928394, 0.2951854174832624, 8,8, 8
0.32375440697132973, 0.0, 0.6644397051106375, 0.240563868547965, 6,6, 6
0.32189183795649573, 0.0, 0.6940592817512968, 0.23629134173573418, 6,6, 6
0.2756602141954367, 0.0, 0.6980057154291087, 0.26710509863426524, 9,9, 9
0.35614980376505023, 0.0, 0.6602363524007909, 0.22667915559581955, 7,7, 7
0.2820461651034391, 0.0, 0.7567295980643389, 0.3185736399519938, 9,9, 9
0.3420474955098783, 0.0, 0.6799519328018354, 0.2361794540097485, 4,4, 4
0.29980709106632075, 0.0, 0.7198254202429132, 0.26804301811933917, 8,8, 8
0.32209139892237076, 0.0, 0.6573022449539688, 0.240753233940164, 6,6, 6
0.29348766048027675, 0.0, 0.7086353483579404, 0.3014122682760044, 10,10, 10
0.3338654959090002, 0.0, 0.6619201009941551, 0.243897559661433, 8,8, 8
0.37191512006918115, 0.0, 0.6458790697864013, 0.21627561442956394, 7,7, 7
0.2960819530366527, 0.0, 0.6891637500594028, 0.27652223317216396, 9,9, 9
0.33951972327546065, 0.0, 0.6557260479011989, 0.23341448510177515, 7,7, 7
0.30399787134969736, 0.0, 0.6732172799130468, 0.251446898311748, 9,9, 9
0.3274795450009978, 0.0, 0.6541996778232027, 0.2284786619617114, 9,9, 9
0.13716490387813476, 0.0, 0.8709440589141589, 0.32145276785826804, 0,0, 0
0.09904875939599547, 0.0, 0.8938837418790088, 0.5719696822805809, 8,10, 8
0.11833965276391938, 0.0, 0.8927424334523861, 0.4596559820406781, 4,6, 4
0.10743031996274861, 0.0, 0.8750567453233277, 0.4481096474853194, 1,5, 1
0.1237277988425464, 0.0, 0.8648688467354876, 0.38227130099375045, 4,7, 4
0.09958092197166234, 0.0, 0.8933638062721464, 0.5802645313742945, 6,7, 6
0.10024612519124593, 0.0, 0.88033626681359, 0.5622560428546829, 6,7, 6
0.09978048293753741, 0.0, 0.8957406334606313, 0.5715802078119592, 2,2, 2
0.1020421738841216, 0.0, 0.89564757827889, 0.5711348356268516, 2,6, 2
0.09878267810816205, 0.0, 0.9000015148416551, 0.5791981144203557, 6,9, 6
0.0996474422936207, 0.0, 0.9424463317291131, 0.5868294153009425, 6,7, 6
0.10111088937670458, 0.0, 0.9116167084157132, 0.5822561195629194, 6,6, 6
0.12459256302800506, 0.0, 0.8642674208463531, 0.3921390224603394, 7,7, 7
0.10011308454732921, 0.0, 0.8807369359416767, 0.5246810200228027, 4,4, 4
0.09924832036187055, 0.0, 0.8937600071041113, 0.5769775567177576, 9,9, 9
0.12073438435442027, 0.0, 0.8673627673809383, 0.4211392782849902, 7,7, 7
0.12080090467637863, 0.0, 0.8640016614768632, 0.4271499821716312, 4,4, 4
0.17175547129648108, 0.0, 0.8076476556326112, 0.3365659874361431, 4,6, 4
0.14827379764518062, 0.0, 0.8631504129422738, 0.38426872564605125, 6,6, 6
0.14641122863034656, 0.0, 0.8433553142724695, 0.4415928548300214, 7,7, 7
0.17880662542406706, 0.0, 0.8036044658809606, 0.3430455162935694, 7,7, 7
0.18293088538548527, 0.0, 0.786524265281062, 0.3396529694247198, 6,6, 6
0.1495376837623894, 0.0, 0.8493024253100026, 0.39468595203685936, 7,7, 7
0.18725470631277855, 0.0, 0.8030314113454865, 0.3130143872517643, 11,11, 11
0.17847402381427527, 0.0, 0.8131475020957954, 0.3538807409199037, 2,2, 2
0.22696733852191844, 0.0, 0.759531922214991, 0.2626691040843195, 9,9, 9
0.19390673850861437, 0.0, 0.7976105328429187, 0.29781516054217133, 6,6, 6
0.14820727732322225, 0.0, 0.8934337207021623, 0.48129512157860566, 7,7, 7
0.21392935541808022, 0.0, 0.7981293446912321, 0.3034931119108466, 3,3, 3
0.197365795250449, 0.0, 0.7908954050691193, 0.3196975512343279, 6,6, 6
0.20514867291957692, 0.0, 0.7826804070495901, 0.3168923854249179, 8,8, 8
0.2056808354952438, 0.0, 0.7774340135388387, 0.3131908131573116, 5,5, 5
0.1659682032861039, 0.0, 0.8270320506596153, 0.4095728341980483, 6,6, 6
0.20521519324153528, 0.0, 0.832078413480971, 0.34393629672970066, 7,7, 7
0.2473225570411761, 0.0, 0.7412359103433407, 0.2809749386680048, 6,6, 6
0.179538348965609, 0.0, 0.8016334256488652, 0.3874141379658905, 9,9, 9
0.24412958158717488, 0.0, 0.7345428392178203, 0.25851294534937774, 6,6, 6
0.2705381494046431, 0.0, 0.7381285046498219, 0.2517368281159136, 5,5, 5
0.19856316104569946, 0.0, 0.7820142427540868, 0.3098738922667137, 8,8, 8
0.25058205281713564, 0.0, 0.7427757449165183, 0.2781218305223152, 5,5, 5
0.24200093128450742, 0.0, 0.7589500062340949, 0.26642180987197206, 5,5, 5
0.1923102507816138, 0.0, 0.8142013751036443, 0.3411646239306009, 6,6, 6
0.19783143750415752, 0.0, 0.7893539273470634, 0.34144511763713986, 8,8, 8
0.2443956628750083, 0.0, 0.7354436474297431, 0.2720567393612333, 5,5, 5
0.24526042706046697, 0.0, 0.7628752069842797, 0.2692885240839439, 4,4, 4
0.25849797113018025, 0.0, 0.7478206481476976, 0.27056150542601465, 5,5, 5
0.27366460453668595, 0.0, 0.7139716953903377, 0.261233712398053, 7,7, 7
0.2591631743497638, 0.0, 0.7242967721567385, 0.25763760719014756, 3,3, 3
0.252511142153928, 0.0, 0.7291540286981063, 0.26264984046781825, 8,8, 8
0.2557041176079292, 0.0, 0.7369271547895786, 0.2621379999532712, 6,6, 6
0.23308720814208742, 0.0, 0.7692825484809831, 0.308699881403174, 9,9, 9
0.295017627885319, 0.0, 0.7113211972517575, 0.25329583819709267, 6,6, 6
0.2753276125856449, 0.0, 0.7249870054052963, 0.2638741826585682, 4,4, 4
0.25517195503226237, 0.0, 0.7234491038642016, 0.26661769960093207, 6,6, 6
0.2519124592563028, 0.0, 0.7392370368535326, 0.27660425718823123, 6,6, 6
0.2693407836093927, 0.0, 0.7151860461575528, 0.25682046135113223, 6,6, 6
0.2173218918379565, 0.0, 0.7709222187166774, 0.33259545357047804, 10,10, 10
0.2225769972726668, 0.0, 0.7710656850535971, 0.3724587425708998, 6,6, 6
0.20448346969999334, 0.0, 0.7844727795506286, 0.3605218037033569, 9,9, 9
0.2868356282844409, 0.0, 0.7231663873739794, 0.24948775348270605, 1,1, 1
0.2831104902547728, 0.0, 0.7337732561159908, 0.26128658693052526, 7,7, 7
0.22197831437504156, 0.0, 0.7608397280427822, 0.3321204900592774, 7,7, 7
0.32575001663008046, 0.0, 0.6729137863566984, 0.23250571774644246, 6,6, 6
0.2911594492117342, 0.0, 0.6981208450410077, 0.26908523681808344, 8,8, 8
0.2834430918645646, 0.0, 0.7073143117362942, 0.26890514206880506, 8,8, 8
0.27107031198031, 0.0, 0.7119703613141607, 0.2895090158489905, 9,9, 9
0.3059934810084481, 0.0, 0.687774964127657, 0.2465114815566544, 4,5, 4
0.2608261823987228, 0.0, 0.7279729574684546, 0.2840137087034048, 5,5, 5
0.2080755670857447, 0.0, 0.7947311733932212, 0.3368953770826186, 8,8, 8
0.18905075500565421, 0.0, 0.8088737338429037, 0.35303219496660376, 7,7, 7
0.2756602141954367, 0.0, 0.7126116735445529, 0.2620417473935315, 8,8, 8
0.2262356149803765, 0.0, 0.7657696089362932, 0.38065629684409197, 4,4, 4
0.30991818000399124, 0.0, 0.6736096253509009, 0.24588651882721282, 4,4, 4
0.2759928158052285, 0.0, 0.716077812628803, 0.2540591677742973, 9,9, 9
0.2915585711434843, 0.0, 0.6998534827863382, 0.2593240545765238, 5,5, 5
0.23408501297146278, 0.0, 0.7529518170336597, 0.2944523367350008, 5,5, 5
0.2896960021286503, 0.0, 0.6967130011927987, 0.2693491373357595, 4,4, 4
0.29741235947581984, 0.0, 0.6882304121915709, 0.2669134960696261, 4,4, 4
0.23122463912725338, 0.0, 0.7552011749692044, 0.32294587661295593, 6,6, 6
0.27080423069247656, 0.0, 0.709628522639992, 0.26257768204637705, 9,9, 9
0.27891970997139626, 0.0, 0.7537092951748527, 0.28163904865074263, 11,11, 11
0.3171023747754939, 0.0, 0.697026060562322, 0.24548043788260368, 2,2, 2
0.31111554579924167, 0.0, 0.7134520483899227, 0.2557006983717122, 9,9, 9
0.3316703252843744, 0.0, 0.6838551125595136, 0.2328317086106755, 2,2, 2
0.29841016430519524, 0.0, 0.6907020736320508, 0.26072382122637044, 12,12, 12
0.28989556309452535, 0.0, 0.6990449866311862, 0.26993992287211344, 6,6, 6
0.2237078427459589, 0.0, 0.7656907561761792, 0.32062529984393673, 8,8, 8
0.29202421339719287, 0.0, 0.7151986711255831, 0.2663300129026338, 9,9, 9
0.2986762455930287, 0.0, 0.6952543384121402, 0.25455047900344796, 5,5, 5
0.3379897558704184, 0.0, 0.6683519814470942, 0.22765457422825444, 6,6, 6
0.2634204749550988, 0.0, 0.7459001819698401, 0.2889784723830795, 9,9, 9
0.31078294418944985, 0.0, 0.7126813890705719, 0.25214048840157277, 8,8, 8
0.32169227699062064, 0.0, 0.6927300402595767, 0.25512916261249236, 9,9, 9
0.29169161178740105, 0.0, 0.6873982982328686, 0.24595425101456495, 7,7, 7
0.3053947981108229, 0.0, 0.6702088596437348, 0.2519245523034833, 6,6, 6
0.33473026009445883, 0.0, 0.6658532130576201, 0.23414666952629898, 5,6, 5
0.29554979046098584, 0.0, 0.689764164124411, 0.280546090694189, 5,7, 5
0.31803365928291094, 0.0, 0.6827709006737119, 0.23756166597562942, 2,2, 2
0.2889642785871084, 0.0, 0.7452126438188796, 0.28567316734042214, 9,9, 9
0.20175613649970067, 0.0, 0.8377966248138098, 0.40226686116862453, 8,8, 8
0.3532229095988825, 0.0, 0.6378360106957492, 0.22476225400708225, 4,4, 4
0.11281846604137565, 0.0, 0.9197804310680934, 0.32932112404928277, 0,0, 0
0.09904875939599547, 0.0, 0.8938837418790088, 0.5710766747538806, 7,9, 7
0.12312911594492118, 0.0, 0.8736265792735131, 0.4615489500232964, 3,6, 3
0.10064524712299608, 0.0, 0.8829830989812631, 0.5658253003997791, 4,7, 4
0.10111088937670458, 0.0, 0.9116167084157132, 0.5804938412918209, 4,6, 4
0.14401649703984568, 0.0, 0.8383376217213708, 0.36155516438760116, 3,4, 3
0.14441561897159583, 0.0, 0.8417056443342865, 0.3650026080079901, 4,8, 4
0.14055744029801104, 0.0, 0.8833170612510969, 0.36885913212355836, 6,7, 6
0.1009113284108295, 0.0, 0.911799685633098, 0.5815009779544634, 3,7, 3
0.125324286569547, 0.0, 0.8571223744248612, 0.4700426915686243, 4,5, 4
0.14261957027872016, 0.0, 0.8383136684369886, 0.3836897637884505, 5,9, 5
0.13563493647309252, 0.0, 0.8733203018131577, 0.42527422021365247, 6,6, 6
0.1551253908068915, 0.0, 0.8856367054253792, 0.42098383311508963, 9,9, 9
0.14940464311847268, 0.0, 0.8412314935951344, 0.34428335267411925, 4,4, 4
0.09998004390341249, 0.0, 0.892884691987214, 0.5664395735994868, 8,8, 8
0.19537018559169828, 0.0, 0.7944846936472538, 0.30257652027676446, 3,3, 3
0.1498702853721812, 0.0, 0.8781777981771728, 0.4011073405181145, 6,6, 6
0.16124526042706047, 0.0, 0.8648071020582515, 0.33412848083843316, 7,7, 7
0.20188917714361737, 0.0, 0.8421480738828653, 0.2866056650912534, 5,5, 5
0.16550256103239538, 0.0, 0.8213633130944014, 0.37525266043729216, 4,4, 4
0.1514667730991818, 0.0, 0.8569242469811331, 0.39319665105286844, 6,6, 6
0.15745360207543405, 0.0, 0.887396029297572, 0.4260434738945766, 6,6, 6
0.2201822656821659, 0.0, 0.7920161336050343, 0.2706935382772347, 5,5, 5
0.21259894897891307, 0.0, 0.8072999803177732, 0.2672867793003685, 5,5, 5
0.2173218918379565, 0.0, 0.8001780002620659, 0.2767866282646105, 5,5, 5
0.2037517461584514, 0.0, 0.78205550967719, 0.30170745364400464, 8,8, 8
0.2128650302667465, 0.0, 0.7902813800541155, 0.29090239847909977, 9,9, 9
0.22197831437504156, 0.0, 0.7837283102412433, 0.2757857434493747, 5,5, 5
0.17288631676977317, 0.0, 0.84968481682929, 0.34479344754371527, 6,6, 6
0.18505953568815273, 0.0, 0.8049097921422036, 0.3254329689652636, 7,7, 7
0.16743165036918778, 0.0, 0.8146801327399199, 0.36267122103375293, 5,5, 5
0.19257633206944721, 0.0, 0.7941393419265177, 0.30984453851685206, 9,9, 9
0.22104702986762456, 0.0, 0.8040324698616762, 0.2736553490615729, 3,3, 3
0.20162309585578395, 0.0, 0.787131809855218, 0.3229875074375235, 4,4, 4
0.22171223308720814, 0.0, 0.8153576485630005, 0.320865692166153, 4,4, 4
0.20481607130978513, 0.0, 0.8264938273161782, 0.33013951119059753, 7,7, 7
0.19384021818665603, 0.0, 0.8061048172533384, 0.32542340693493704, 5,5, 5
0.16204350429056077, 0.0, 0.8627647932763289, 0.36523837923009805, 6,6, 6
0.15632275660214195, 0.0, 0.8584924560324666, 0.36563627425520606, 6,6, 6
0.19776491718219916, 0.0, 0.7897806000968067, 0.31212139594843585, 9,9, 9
0.17215459322823123, 0.0, 0.8325196136620082, 0.3532810602818728, 7,7, 7
0.2064790793587441, 0.0, 0.784841794032874, 0.27571800953089376, 9,9, 9
0.20501563227566022, 0.0, 0.8085655234402214, 0.3068628299328977, 9,9, 9
0.1768110157653163, 0.0, 0.8110352416509663, 0.33099804428804164, 8,8, 8
0.19683363267478216, 0.0, 0.784525636821094, 0.3165247571180562, 7,7, 7
0.26109226368655625, 0.0, 0.767228474165335, 0.2621232048653488, 4,4, 4
0.2145945586376638, 0.0, 0.7792653877748001, 0.2992259282023695, 8,8, 8
0.22457260693141753, 0.0, 0.7648005556851981, 0.28687935194284464, 9,9, 9
0.1700924632475221, 0.0, 0.8098164338658141, 0.3841296432197875, 9,9, 9
0.21605800572074768, 0.0, 0.7789680037223863, 0.3350517906434981, 7,7, 7
0.21180070511541277, 0.0, 0.7785493154137021, 0.32095070223608096, 3,3, 3
0.1878533892104038, 0.0, 0.7886783580136723, 0.3638978341639595, 4,4, 4
0.22763254174150202, 0.0, 0.7548630590214992, 0.2908572519319804, 8,8, 8
0.2892303598749418, 0.0, 0.7383294738447348, 0.2476845890533511, 6,6, 6
0.26062662143284776, 0.0, 0.7697956812780317, 0.2643845456627141, 4,4, 4
0.25996141821326413, 0.0, 0.766303611527531, 0.26932698263003707, 5,5, 5
0.2613583449743897, 0.0, 0.7333641940164449, 0.2701631021527463, 4,4, 4
0.2674782145945586, 0.0, 0.770526403203431, 0.2919484072442211, 6,6, 6
0.22942859043437772, 0.0, 0.7548781664671583, 0.282770628775569, 6,6, 6
0.28217920574735583, 0.0, 0.7153078092585639, 0.24987783056560606, 9,9, 9
0.23860839486463115, 0.0, 0.7420623244044784, 0.3026317644009166, 4,4, 4
0.2092064125590368, 0.0, 0.7777648441361329, 0.3521367071242472, 8,8, 8
0.27100379165835164, 0.0, 0.7398628489781963, 0.27569673783365156, 4,4, 4
0.2652830439699328, 0.0, 0.7716893272965933, 0.2885655044680153, 9,9, 9
0.246191711567884, 0.0, 0.7486844778095082, 0.27734465352653054, 6,6, 6
0.28909731923102505, 0.0, 0.7094288133198369, 0.25619770307197526, 5,5, 5
0.2733320029268942, 0.0, 0.7061470065187488, 0.2571137408010695, 7,7, 7
0.2646178407503492, 0.0, 0.7245277188262699, 0.28553200570647297, 11,11, 11
0.2693407836093927, 0.0, 0.7254050830272503, 0.26978433708505983, 7,7, 7
0.3047295948912393, 0.0, 0.6834533805576298, 0.2434350341168838, 7,7, 7
0.3089868954965742, 0.0, 0.7034945308839298, 0.2371981777841239, 6,6, 6
0.29754540011973657, 0.0, 0.7377887776344407, 0.25709804949657494, 6,6, 6
0.2698729461850595, 0.0, 0.7114845170552873, 0.27206836316214644, 5,5, 5
0.2954167498170691, 0.0, 0.7258641983507751, 0.25787241403860756, 4,4, 4
0.2923568150069846, 0.0, 0.7026036001135992, 0.2806777962815954, 6,6, 6
0.24851992283642652, 0.0, 0.7603457335311409, 0.3266094504520123, 10,10, 10
0.2966806359342779, 0.0, 0.7235802214932414, 0.26909214215354627, 5,5, 5
0.2601609791791392, 0.0, 0.7245968568683583, 0.28041507325095516, 6,6, 6
0.29934144881261227, 0.0, 0.7177669738696538, 0.2565657883323156, 5,5, 5
0.2741967671123528, 0.0, 0.7380656323316613, 0.2957198442771586, 9,9, 9
0.3069912858378235, 0.0, 0.705156831486979, 0.252190537506043, 3,3, 3
0.23248852524446217, 0.0, 0.7575569246004166, 0.32104825154400113, 7,7, 7
0.2860373844209406, 0.0, 0.7266408384203157, 0.26639036673089583, 6,6, 6
0.28211268542539747, 0.0, 0.7466708838127896, 0.2711826659515161, 9,9, 9
0.30546131843278124, 0.0, 0.6923382807887641, 0.25489048797900726, 8,9, 8
0.2816470431716889, 0.0, 0.7199612634197625, 0.2708377165367634, 5,5, 5
0.2791857912592297, 0.0, 0.7086464091723612, 0.26302019658579956, 6,6, 6
0.3016696600811548, 0.0, 0.7105421579449015, 0.2736440381608635, 9,9, 9
0.32149271602474555, 0.0, 0.6807752919403556, 0.24450789276979396, 2,2, 2
0.3033326681301137, 0.0, 0.7223733889493584, 0.26496399787639285, 6,6, 6
0.34736912126654695, 0.0, 0.67164175642994, 0.2333660353666443, 7,7, 7
0.2891638395529834, 0.0, 0.6877984331087594, 0.2599303245547653, 7,7, 7
0.2942193840218187, 0.0, 0.6884094624761816, 0.28186701716650603, 4,4, 4
0.32980775626954034, 0.0, 0.6702654998242249, 0.25464842550477296, 8,8, 8
0.3026009445885718, 0.0, 0.6734261286247372, 0.26026252222894947, 4,4, 4
0.3124459522384088, 0.0, 0.6948632144263456, 0.27686371230488793, 4,4, 4
0.35734716956030066, 0.0, 0.6529720270758564, 0.2265547510965022, 4,4, 4
0.3326016097917914, 0.0, 0.6730971756060705, 0.23823275430196605, 5,5, 5
0.2825118073571476, 0.0, 0.6980692610306146, 0.2647236790478157, 8,8, 8
0.33526242267012574, 0.0, 0.6642471742336165, 0.252405661474657, 3,3, 3
0.25969533692543073, 0.0, 0.7639742420769803, 0.31455425373036056, 10,10, 10
0.12046830306658685, 0.0, 0.8877133031436822, 0.3707313934604406, 0,0, 0
0.09991352358145414, 0.0, 0.9273376082964652, 0.590933332741996, 5,7, 5
0.09991352358145414, 0.0, 0.9273376082964652, 0.5885720053384906, 1,4, 1
0.09984700325949578, 0.0, 0.8928965514713486, 0.5727552061946716, 2,5, 2
0.14687687088405507, 0.0, 0.858189772242035, 0.38790084046475315, 4,8, 4
0.10024612519124593, 0.0, 0.88033626681359, 0.5612039688142128, 4,7, 4
0.14261957027872016, 0.0, 0.864978881194146, 0.3786981741884716, 2,5, 2
0.1364997006585512, 0.0, 0.8430196307502185, 0.3973064573403675, 8,8, 8
0.11281846604137565, 0.0, 0.8736473471889801, 0.5341616211920595, 5,6, 5
0.10111088937670458, 0.0, 0.9116167084157132, 0.5832585877044878, 6,6, 6
0.17321891837956496, 0.0, 0.8231623769613176, 0.31444190697292673, 2,2, 2
0.14940464311847268, 0.0, 0.8446488418885381, 0.2997833727725038, 6,6, 6
0.16144482139293553, 0.0, 0.8344061233467951, 0.35204872832294354, 4,4, 4
0.1700924632475221, 0.0, 0.8174480958953915, 0.29585601073443973, 8,8, 8
0.15273065921639062, 0.0, 0.854406683648693, 0.3531396151734599, 7,7, 7
0.12911594492117343, 0.0, 0.8676584117120604, 0.48044664479641364, 6,6, 6
0.18412825118073572, 0.0, 0.7905231982332022, 0.2824949631371522, 6,6, 6
0.1497372447282645, 0.0, 0.8861745256257172, 0.43940878328354616, 5,5, 5
0.14561298476684628, 0.0, 0.8512612981131166, 0.39035052765360084, 8,8, 8
0.17255371515998139, 0.0, 0.8707130653088861, 0.3585614303463152, 6,6, 6
0.16157786203685226, 0.0, 0.8413637760964278, 0.31971837340858666, 8,8, 8
0.19882924233353289, 0.0, 0.7864701174259515, 0.3021499387955869, 6,6, 6
0.201822656821659, 0.0, 0.7910241860437975, 0.3018346785867249, 7,7, 7
0.19397325883057273, 0.0, 0.7961744942479028, 0.30941593186145594, 2,2, 2
0.20155657553382558, 0.0, 0.805630687558062, 0.28710749468493363, 6,6, 6
0.21313111155457992, 0.0, 0.8155732518905959, 0.2832895955938807, 4,4, 4
0.18040311315106766, 0.0, 0.8087230865156484, 0.34257190451695974, 6,6, 6
0.23767711035721412, 0.0, 0.7949361276522897, 0.2605357097773287, 7,7, 7
0.19809751879199095, 0.0, 0.796529304021107, 0.3208668433069012, 10,10, 10
0.22936207011241935, 0.0, 0.792739834136556, 0.28272882955645434, 4,4, 4
0.206279518392869, 0.0, 0.7987618080319987, 0.3045227101853154, 5,5, 5
0.17441628417481542, 0.0, 0.819088948540983, 0.3651236506454608, 5,5, 5
0.22962815140025278, 0.0, 0.7873611211380467, 0.2635281183440847, 4,4, 4
0.20541475420741037, 0.0, 0.8119586345023936, 0.28001032569414225, 6,6, 6
0.24200093128450742, 0.0, 0.7802983071368597, 0.2697050280071329, 7,7, 7
0.24565954899221712, 0.0, 0.7446929547479024, 0.2554685362302911, 3,3, 3
0.20155657553382558, 0.0, 0.7872098783800496, 0.32989846626559166, 6,6, 6
0.23135767977117008, 0.0, 0.8111456021521058, 0.32063728916407896, 5,5, 5
0.21525976185724738, 0.0, 0.7956237401705049, 0.3221513386587828, 7,7, 7
0.26169094658418146, 0.0, 0.7476088137341245, 0.2519350539825033, 8,8, 8
0.22031530632608262, 0.0, 0.8287033569063729, 0.30431327934203384, 8,8, 8
0.26215658883788995, 0.0, 0.7604114084186174, 0.2548557073262419, 6,6, 6
0.24625823188984236, 0.0, 0.7821706648743101, 0.30755095335774874, 7,7, 7
0.2544402314907204, 0.0, 0.7448843887611709, 0.2594180714554046, 7,7, 7
0.2370784274595889, 0.0, 0.7795316710129836, 0.29652503407711106, 6,7, 6
0.20847468901749486, 0.0, 0.7787298863828738, 0.3008266984861387, 7,7, 7
0.2591631743497638, 0.0, 0.7652752882328605, 0.2610190099887877, 5,5, 5
0.24991684959755206, 0.0, 0.7448157217066997, 0.28485244589929326, 8,8, 8
0.1855916982638196, 0.0, 0.8292064048076316, 0.3977940011618518, 6,6, 6
0.24140224838688218, 0.0, 0.8079318029876039, 0.2913153538835223, 7,7, 7
0.2310250781613783, 0.0, 0.7765998541090292, 0.33068763203918844, 6,6, 6
0.2949511075633606, 0.0, 0.7363765775106651, 0.2528710008311248, 7,7, 7
0.24180137031863233, 0.0, 0.749827437999636, 0.28578343120199645, 6,6, 6
0.28723475021619105, 0.0, 0.7403312091952937, 0.24938925354068964, 7,7, 7
0.24113616709904875, 0.0, 0.7506548930302992, 0.29538122024212127, 8,8, 8
0.24200093128450742, 0.0, 0.743759634557276, 0.2939556189996991, 5,5, 5
0.2502494512073438, 0.0, 0.7416799395678092, 0.31610368191643323, 7,7, 7
0.2690747023215592, 0.0, 0.7770972734772691, 0.26925075620363, 6,6, 6
0.22823122463912726, 0.0, 0.7952625713086087, 0.29135959448354665, 5,5, 5
0.1984966407237411, 0.0, 0.7949536119463703, 0.3730299683324303, 10,10, 10
0.2877669127918579, 0.0, 0.7263667104296917, 0.24572417356782178, 5,5, 5
0.24772167897292624, 0.0, 0.742561619007475, 0.3121723849436233, 7,7, 7
0.24259961418213263, 0.0, 0.7473473355742222, 0.29811752631287264, 5,5, 5
0.24366393933346636, 0.0, 0.7410975521005051, 0.30013692669575537, 5,5, 5
0.2659482471895164, 0.0, 0.7515587484141775, 0.27650263923211754, 7,7, 7
0.20095789263620037, 0.0, 0.8202520867076167, 0.4030263268776224, 7,7, 7
0.2569014834031797, 0.0, 0.7324925718336153, 0.317205276062075, 6,6, 6
0.32654826049358077, 0.0, 0.6929807625777898, 0.23060664056321478, 5,6, 5
0.32355484600545464, 0.0, 0.7083573474438444, 0.23519960121526548, 4,4, 4
0.32182531763453737, 0.0, 0.686816926269491, 0.24041797545821772, 5,5, 5
0.32575001663008046, 0.0, 0.6784622331592659, 0.23695983693048375, 5,5, 5
0.30300006652032196, 0.0, 0.679840466501276, 0.24780740115531985, 6,6, 6
0.286303465708774, 0.0, 0.6944871224020612, 0.26366087807586375, 6,6, 6
0.2908268476019424, 0.0, 0.6982331020036799, 0.26445686841255023, 4,4, 4
0.33685891039712634, 0.0, 0.649418992788274, 0.24055755162810347, 6,6, 6
0.3492982106033393, 0.0, 0.6669176830374139, 0.23211338139637203, 7,7, 7
0.2546397924565955, 0.0, 0.718309718712554, 0.3038633531185649, 5,5, 5
0.25996141821326413, 0.0, 0.7207441350429632, 0.29133942506856436, 6,6, 6
0.3239539679372048, 0.0, 0.669525035228747, 0.23188964021561229, 8,8, 8
0.2914255304995676, 0.0, 0.7023308115753308, 0.27874421542746786, 5,5, 5
0.2918246524313178, 0.0, 0.693831031201167, 0.2873458602108803, 6,6, 6
0.34716956030067186, 0.0, 0.6648491913789859, 0.23253813167336923, 6,6, 6
0.3281447482205814, 0.0, 0.6884646168234763, 0.25028327056178673, 9,9, 9
0.29135901017760923, 0.0, 0.7477540236819525, 0.2928093306033799, 3,3, 3
0.321758797312579, 0.0, 0.7188853275244153, 0.2509278608207547, 7,7, 7
0.2771901816004789, 0.0, 0.7150615007676561, 0.2930936702918883, 8,8, 8
0.24000532162575666, 0.0, 0.7492099196674528, 0.33874341258628177, 7,7, 7
0.3077230093793654, 0.0, 0.6742162108955889, 0.28679254905311824, 9,9, 9
0.3391206013437105, 0.0, 0.6493737531758819, 0.23737839693200408, 8,9, 8
0.3244861305128717, 0.0, 0.6722398065183698, 0.24433678070285786, 3,3, 3
0.3211601144149538, 0.0, 0.6663782041382569, 0.2749490802976458, 5,5, 5
0.30911993614049094, 0.0, 0.6796314322639984, 0.26131322561887255, 4,5, 4
0.33240204882591634, 0.0, 0.6709259496937324, 0.241684384428227, 2,2, 2
0.2946850262755272, 0.0, 0.6874845144423936, 0.26716402325946104, 5,5, 5
0.3369254307190847, 0.0, 0.6596157097337659, 0.23764771833072398, 7,7, 7
0.3179671389609526, 0.0, 0.6936666635442833, 0.2649905829223287, 3,3, 3
0.35269074702321557, 0.0, 0.6822330012123108, 0.2498974574575473, 6,6, 6
0.3850196234949777, 0.0, 0.6336750957359613, 0.22131063554288322, 4,4, 4
0.3471030399787135, 0.0, 0.6518501346301807, 0.22993739686423006, 4,4, 4
0.3812279651433513, 0.0, 0.6197741240132726, 0.2255240389947941, 5,5, 5
0.2911594492117342, 0.0, 0.729298664561031, 0.2942892822475607, 5,6, 5
