acuracia,loss,frr,fpr, removed, n_clf, tp_removed
0.09825051553249518, 0.0, 0.8944041643372586, 0.40467750686587217, 0,0, 0
0.24220049225038248, 0.0, 0.782000886226532, 0.4867217847031764, 0,0, 0
0.42519789795782614, 0.0, 0.661748922052569, 0.3718862868868655, 0,0, 0
0.6056010111088937, 0.0, 0.5554757090626807, 0.26636364512512134, 2,4, 2
0.6478414155524512, 0.0, 0.5482353023454255, 0.3229677134009103, 2,5, 2
0.6340051885851128, 0.0, 0.5465939385002073, 0.3800557546340533, 1,3, 1
0.6960021286503026, 0.0, 0.4693975357809353, 0.33570628826401305, 1,3, 1
0.6950708441428857, 0.0, 0.4802969386358318, 0.35858812802143, 2,5, 2
0.7121665668861837, 0.0, 0.4624335116487147, 0.3374176359165584, 0,1, 0
0.7478879797778222, 0.0, 0.4072734082499484, 0.27981389936145623, 3,5, 3
0.7593959954766181, 0.0, 0.39645211726992124, 0.25513884837323936, 1,2, 1
0.7448280449677377, 0.0, 0.4395067966601036, 0.30240590620984076, 1,2, 1
0.7462914920508216, 0.0, 0.4252465552060678, 0.30112662367266, 3,4, 3
0.7874010510210869, 0.0, 0.3596725340186805, 0.25119573756594216, 2,3, 2
0.7899953435774629, 0.0, 0.34095621575582213, 0.23688364165350873, 0,1, 0
0.7816803033326681, 0.0, 0.38256678612781525, 0.27175985627668353, 1,2, 1
0.7965808554513404, 0.0, 0.35741960249824645, 0.24312288569069826, 3,4, 3
0.7953169693341315, 0.0, 0.3522582089206823, 0.25238049645112176, 3,5, 3
0.7914587906605468, 0.0, 0.3725473460458246, 0.2642254877720135, 2,6, 2
0.7860041242599615, 0.0, 0.3685583685417064, 0.27458475458098014, 2,5, 2
0.7916583516264218, 0.0, 0.36986024812374685, 0.27298898238338454, 1,3, 1
0.8052950176278854, 0.0, 0.29917474068884264, 0.24464045264763765, 1,3, 1
0.7937204816071309, 0.0, 0.3524367413851896, 0.27933202863645895, 2,6, 2
0.791857912592297, 0.0, 0.3452800320198892, 0.2761568841947726, 1,2, 1
0.7870684494112952, 0.0, 0.3666080040692383, 0.28353415107648355, 1,2, 1
0.7774895230492915, 0.0, 0.3715625431927066, 0.2910009261283777, 2,4, 2
0.7868023681234617, 0.0, 0.3325817578453911, 0.2613613187677089, 1,3, 1
0.7994412292955498, 0.0, 0.3078488841677289, 0.25144876047840947, 2,4, 2
0.8036985299008848, 0.0, 0.3024031379597736, 0.25041412076972597, 3,3, 3
0.8021020421738841, 0.0, 0.3268579742713134, 0.26289213774600273, 2,5, 2
0.8033659282910929, 0.0, 0.3121303943417962, 0.25474991080794307, 1,2, 1
0.8029668063593428, 0.0, 0.32102093698272066, 0.25666186305446614, 1,3, 1
0.807091066320761, 0.0, 0.3242780849300174, 0.25487747902650226, 1,2, 1
0.8077562695403446, 0.0, 0.28386560672798955, 0.24743901163711904, 1,5, 1
0.810816204350429, 0.0, 0.2879540280005381, 0.24139802180394515, 1,2, 1
0.8154726268875141, 0.0, 0.27766140938744427, 0.24250559776484798, 0,1, 0
0.8128118140091798, 0.0, 0.28327258564065827, 0.23776583117746306, 1,3, 1
0.8092862369453868, 0.0, 0.3047966562964084, 0.2528306652458882, 1,3, 1
0.8076897492183862, 0.0, 0.3038299033765883, 0.2487520577210183, 1,2, 1
0.8127452936872215, 0.0, 0.28699154351544093, 0.24254470348397394, 0,1, 0
0.8134770172287634, 0.0, 0.28341525370433723, 0.24695688347020128, 1,3, 1
0.8113483669260959, 0.0, 0.2753179591225671, 0.2435375284701183, 1,3, 1
0.8192642852391405, 0.0, 0.2588666019202233, 0.23129951245703922, 1,2, 1
0.8183995210536819, 0.0, 0.2663023956212059, 0.23629439785762293, 1,3, 1
0.812479212399388, 0.0, 0.28555950952405423, 0.24683314931939454, 1,4, 1
0.8132774562628883, 0.0, 0.2745712327746332, 0.2474920149409884, 1,3, 1
0.8152065455996808, 0.0, 0.2863697048287227, 0.2502902306077018, 3,2, 1
0.8171356349364731, 0.0, 0.27703769561796826, 0.23990108499003918, 1,2, 1
0.8096188385551786, 0.0, 0.29915962367709803, 0.2454853732770651, 1,4, 1
0.8128118140091798, 0.0, 0.292173725192975, 0.2510168474158355, 0,1, 0
0.8207277323222244, 0.0, 0.28081091080007636, 0.24200340414307153, 4,1, 1
0.8154061065655558, 0.0, 0.28591227950780573, 0.24285191602506834, 3,3, 1
0.8212598948978913, 0.0, 0.2747788270703687, 0.24005243336868293, 3,2, 2
0.8208607729661411, 0.0, 0.25627440631051995, 0.23366532313012903, 3,4, 1
0.8211268542539746, 0.0, 0.2575149002356454, 0.23087947504282183, 3,4, 2
0.8238541874542673, 0.0, 0.258225194935761, 0.2302179047472626, 2,2, 2
0.82212465908335, 0.0, 0.2688277641945685, 0.23596022316118276, 0,2, 0
0.8214594558637663, 0.0, 0.2731423659583366, 0.23095709996518546, 4,3, 2
0.8234550655225171, 0.0, 0.25574440692291134, 0.22527492710949343, 3,5, 3
0.8217255371515998, 0.0, 0.2815154560968646, 0.23603354661148906, 0,1, 0
0.8181999600878068, 0.0, 0.27389188200321446, 0.23764993397896084, 1,4, 1
0.8197964478148074, 0.0, 0.27421898970791414, 0.2365694748337769, 2,4, 2
0.8174017162243066, 0.0, 0.275143791363405, 0.24451445872659833, 2,2, 1
0.8194638462050157, 0.0, 0.26408189011577543, 0.23580945051417754, 2,4, 2
0.8191977649171822, 0.0, 0.2678592399179468, 0.23853446027412617, 1,3, 1
0.8227233419809752, 0.0, 0.2697782626777493, 0.23750480549439884, 1,3, 1
0.818798642985432, 0.0, 0.2629121069230791, 0.23989605470167824, 1,4, 1
0.8194638462050157, 0.0, 0.2650346164935875, 0.24074694855576972, 2,1, 1
0.8190647242732655, 0.0, 0.2747430963870686, 0.24448293736163257, 3,5, 3
0.8209272932880995, 0.0, 0.27285208711361564, 0.2430816353050652, 3,5, 3
0.8204616510343911, 0.0, 0.2719380125688271, 0.24061426001715217, 1,2, 1
0.8218585777955165, 0.0, 0.2703734806434126, 0.24059214437912754, 3,5, 3
0.8236546264883922, 0.0, 0.27711091618590683, 0.23528925441592785, 5,1, 1
0.8222576997272667, 0.0, 0.27225300407393016, 0.23860196533250125, 1,3, 1
0.823055943590767, 0.0, 0.277602750460711, 0.2379538874624476, 2,3, 2
0.8225903013370585, 0.0, 0.27738991871459, 0.23159035928977711, 2,2, 0
0.8265150003326016, 0.0, 0.26197080241472503, 0.23013170321544207, 5,2, 2
0.8251845938934345, 0.0, 0.2619918408389977, 0.23154771950545253, 8,4, 1
0.8227233419809752, 0.0, 0.2726136780620985, 0.23429254792924617, 7,2, 1
0.8260493580788931, 0.0, 0.2654414347509155, 0.23015252058327332, 5,6, 5
0.8211268542539746, 0.0, 0.25048937002216776, 0.2316925032102585, 14,4, 1
0.8261158784008514, 0.0, 0.2547503228360837, 0.2329206891812959, 4,1, 1
0.8236546264883922, 0.0, 0.26536710711602124, 0.2377161062093718, 3,6, 3
0.825849797113018, 0.0, 0.2684312762804952, 0.2364030815178188, 4,3, 2
0.8250515532495177, 0.0, 0.25929037932439686, 0.2353685210817295, 3,5, 3
0.8292423335328943, 0.0, 0.2554719546316746, 0.22747874760491546, 4,2, 2
0.8288432116011442, 0.0, 0.2610166373918856, 0.22855976046869236, 5,3, 2
0.8267145612984766, 0.0, 0.2643441884145841, 0.2350250088558377, 4,3, 2
0.8299075367524779, 0.0, 0.26183523960199073, 0.22640902466474522, 4,2, 2
0.8291092928889776, 0.0, 0.2562812124090988, 0.23117133757163655, 5,2, 0
0.8267810816204351, 0.0, 0.2647103337113892, 0.23039009808084077, 2,3, 2
0.8280449677376438, 0.0, 0.26125063419888456, 0.23483132005329066, 10,3, 2
0.8286436506352691, 0.0, 0.2562935763559015, 0.23170182875868467, 6,1, 0
0.827512805161977, 0.0, 0.24931853812089144, 0.2314585102041667, 8,5, 4
0.8250515532495177, 0.0, 0.2572254278842013, 0.23663571928333013, 6,5, 3
0.8279784474156855, 0.0, 0.24562797386774787, 0.23406117808282104, 3,1, 1
0.8301736180403113, 0.0, 0.26392737566504626, 0.22888270618354306, 7,2, 2
0.8317035854453536, 0.0, 0.2532087797159214, 0.22608381217312004, 3,0, 0
0.824918512605601, 0.0, 0.2622107344291452, 0.23414599562813623, 7,4, 1
0.8267810816204351, 0.0, 0.258589748522801, 0.2320475047153936, 7,3, 3
0.8290427725670192, 0.0, 0.25983794775523295, 0.23135150344091618, 8,3, 2
0.10077828776691279, 0.0, 0.8944213325400786, 0.36684194226088074, 0,0, 0
0.21040377835428722, 0.0, 0.806280562857025, 0.5257921597074252, 0,0, 0
0.4160180935275727, 0.0, 0.7021900173651798, 0.3859294673517756, 0,0, 0
0.4929821060333932, 0.0, 0.6553293626114916, 0.44341280935422067, 0,2, 0
0.5539147209472494, 0.0, 0.6292163349391816, 0.40532106150759895, 2,5, 2
0.658551187387747, 0.0, 0.5157494211144291, 0.35635916652186916, 1,4, 1
0.6669992682764585, 0.0, 0.4701280900637011, 0.27168340615065917, 3,3, 3
0.685092795849132, 0.0, 0.4895912952625883, 0.2826056444548043, 1,4, 1
0.7140956562229761, 0.0, 0.42862190224941144, 0.25011622708072917, 2,2, 2
0.7376438501962349, 0.0, 0.4086974522071943, 0.2516559824636258, 3,3, 3
0.7214128916383955, 0.0, 0.4408755906901329, 0.29282459927322085, 0,2, 0
0.7649837025211202, 0.0, 0.39517606475644435, 0.2907515515172359, 2,5, 2
0.7407037850063194, 0.0, 0.4289790448036434, 0.29222582443392986, 0,0, 0
0.7616576864232023, 0.0, 0.391458669331217, 0.2677091934159011, 3,3, 3
0.7713031331071643, 0.0, 0.35940028898733495, 0.24229996516425725, 0,1, 0
0.7826781081620435, 0.0, 0.3482478434925056, 0.23374710055383618, 2,2, 2
0.7715692143949977, 0.0, 0.3524923708721976, 0.23470931893556138, 0,1, 0
0.7820794252644183, 0.0, 0.33320890908052575, 0.22882689898696923, 2,2, 2
0.7967138960952571, 0.0, 0.32662219002872434, 0.2378549486644218, 2,4, 2
0.7879332135967538, 0.0, 0.3387940757209721, 0.2364737012990691, 2,2, 2
0.8001729528370918, 0.0, 0.31502437955416424, 0.22759789386246346, 3,7, 3
0.8040311315106765, 0.0, 0.303323122955003, 0.23266075648494983, 2,4, 2
0.7986429854320495, 0.0, 0.30910602209571975, 0.22307986611969682, 3,3, 3
0.8154726268875141, 0.0, 0.2967876113290194, 0.22429070052230105, 2,2, 2
0.8196634071708907, 0.0, 0.27595656881556724, 0.22380085254296425, 2,4, 2
0.8195968868489324, 0.0, 0.270148140299112, 0.21723281181182907, 3,3, 3
0.8263819596886849, 0.0, 0.2586811830907812, 0.21573658992292466, 3,3, 3
0.8233220248786004, 0.0, 0.28270670334026443, 0.21800979749234792, 2,2, 2
0.8246524313177676, 0.0, 0.26069492830393093, 0.21225680868157695, 2,2, 2
0.8223907403711834, 0.0, 0.27585850795588773, 0.21018998999480856, 0,0, 0
0.8264484800106433, 0.0, 0.2627101359183325, 0.21303966245339115, 3,6, 3
0.8217255371515998, 0.0, 0.2681131726941675, 0.22190602323824135, 0,1, 0
0.8222576997272667, 0.0, 0.2684977947326789, 0.22309385411707117, 1,4, 1
0.8220581387613916, 0.0, 0.274849325753832, 0.22334153508938745, 2,5, 2
0.8264484800106433, 0.0, 0.2600144938083203, 0.21563887944272928, 1,2, 1
0.8280449677376438, 0.0, 0.2583975360478147, 0.2193717623099593, 0,1, 0
0.8277788864498105, 0.0, 0.2561862722224436, 0.22016358167982072, 0,1, 0
0.8252511142153928, 0.0, 0.26697160990230373, 0.225128593338541, 0,1, 0
0.8249850329275593, 0.0, 0.2680831892461743, 0.23379390694115149, 1,2, 1
0.8237876671323089, 0.0, 0.2685762946556599, 0.23050858068433935, 2,5, 2
0.8271802035521852, 0.0, 0.26147238251685884, 0.22625435367118546, 1,3, 1
0.8261823987228099, 0.0, 0.2596025078451056, 0.23242181339445783, 2,5, 2
0.8299075367524779, 0.0, 0.2610319828696692, 0.22703740539844158, 0,1, 0
0.8286436506352691, 0.0, 0.24807901457826095, 0.21914853000633616, 1,2, 1
0.8243863500299341, 0.0, 0.25699919274756217, 0.22279922928017612, 2,4, 2
0.8325018293088539, 0.0, 0.2530049410641935, 0.21912170295600855, 0,0, 0
0.8338987560699794, 0.0, 0.2468225372313543, 0.21885414161888275, 1,2, 1
0.8333000731723541, 0.0, 0.2525423287966428, 0.22184152901526788, 1,2, 1
0.8341648373578128, 0.0, 0.2502222465401421, 0.2194367690780233, 2,3, 2
0.8344309186456462, 0.0, 0.25757795217197155, 0.21933081161561968, 2,3, 2
0.836626089270272, 0.0, 0.2458005029950464, 0.21974311941962416, 4,4, 4
0.8365595689483137, 0.0, 0.2368133748362461, 0.21001966121147567, 1,2, 1
0.837158251845939, 0.0, 0.24242755803122581, 0.21625151911308835, 0,1, 0
0.8378234550655225, 0.0, 0.24578188663600326, 0.21004779109526173, 4,4, 4
0.8366926095922305, 0.0, 0.239193716866303, 0.21073033342541345, 4,4, 4
0.8406838289097319, 0.0, 0.2478409245779064, 0.2128768098313093, 8,4, 3
0.8420807556708575, 0.0, 0.24726167569444604, 0.2081392054925864, 0,1, 0
0.8413490321293156, 0.0, 0.2380485498860475, 0.2051984285763741, 3,3, 3
0.8404177476218985, 0.0, 0.2514742682389483, 0.2086998453053704, 3,3, 3
0.8458058937005255, 0.0, 0.2403057085566383, 0.20184147354607823, 3,3, 3
0.8466706578859842, 0.0, 0.23689440188865013, 0.2028585673843411, 0,1, 0
0.8438102840417747, 0.0, 0.22726679924599263, 0.2008538958616066, 4,5, 4
0.846271535954234, 0.0, 0.22323539724032238, 0.2020672541429277, 0,1, 0
0.8440763653296082, 0.0, 0.22482595215768028, 0.2014763880357859, 0,2, 0
0.8456063327346505, 0.0, 0.23475615414138373, 0.20097677484144227, 2,3, 2
0.8458724140224839, 0.0, 0.2315130451541208, 0.20297533191288725, 0,2, 0
0.8472028204616511, 0.0, 0.23004217850267739, 0.2050639355727195, 2,3, 2
0.8452737311248586, 0.0, 0.22770638593406622, 0.20268559407293765, 4,5, 4
0.846071974988359, 0.0, 0.22697414447033623, 0.20594917679604857, 3,3, 3
0.8444754872613583, 0.0, 0.2373756499231584, 0.21292206290933977, 0,3, 0
0.8466706578859842, 0.0, 0.23173023864101186, 0.2047500177231989, 3,3, 3
0.8442094059735249, 0.0, 0.23561940578913163, 0.20323475659203472, 2,4, 2
0.8432781214661079, 0.0, 0.23294419162675578, 0.20712224098581988, 0,1, 0
0.8406173085877736, 0.0, 0.23145987881369745, 0.2074283034447107, 0,3, 0
0.8419477150269408, 0.0, 0.2356153661573607, 0.2082559714961313, 1,3, 1
0.832900951240604, 0.0, 0.24312845181156284, 0.21975033294966, 0,4, 0
0.8323687886649371, 0.0, 0.23242874115059056, 0.223704486563037, 5,4, 2
0.8329674715625623, 0.0, 0.2385096857090331, 0.2229074342103793, 2,3, 2
0.8341648373578128, 0.0, 0.2567937283190067, 0.22527427034276137, 9,4, 3
0.8372912924898557, 0.0, 0.24817863352815292, 0.21916466964830847, 6,4, 3
0.8365595689483137, 0.0, 0.2545541948012687, 0.2219249350953475, 0,2, 0
0.8365595689483137, 0.0, 0.2533242242977314, 0.22047785205279025, 0,1, 0
0.8378899753874809, 0.0, 0.25268187008925197, 0.2200249335004546, 6,3, 2
0.8378899753874809, 0.0, 0.2286744860444596, 0.21849274764787802, 1,3, 1
0.8411494711634404, 0.0, 0.2242950304825772, 0.21164098710019988, 0,1, 0
0.8410829508414821, 0.0, 0.22360611420245582, 0.209259293158712, 2,4, 2
0.8414155524512739, 0.0, 0.2280666714738555, 0.20929155745992592, 0,1, 0
0.8412159914853988, 0.0, 0.23845815541667395, 0.21654722743460983, 7,1, 0
0.8405507882658152, 0.0, 0.23639110420093676, 0.20858876883238103, 2,6, 2
0.8383556176411894, 0.0, 0.23951536863142617, 0.21443336207712727, 0,1, 0
0.8410829508414821, 0.0, 0.23662323138149144, 0.2121989397547694, 4,4, 3
0.8380230160313976, 0.0, 0.2416884767872874, 0.21791822391213664, 0,1, 0
0.8365595689483137, 0.0, 0.23244255397024072, 0.2210557884287269, 3,3, 1
0.8325018293088539, 0.0, 0.25798347786365416, 0.23406260109015115, 1,3, 1
0.8327013902747289, 0.0, 0.25066794269171927, 0.2243104017273797, 5,3, 1
0.8374243331337724, 0.0, 0.24193408866801522, 0.22066997860155468, 0,0, 0
0.8386882192509811, 0.0, 0.2425946765615633, 0.2184146379129928, 1,3, 1
0.8387547395729396, 0.0, 0.25190927443668065, 0.21811465377741907, 11,3, 2
0.8376238940996474, 0.0, 0.2528435184954316, 0.21750636093894102, 3,2, 1
0.8358278454067718, 0.0, 0.24302839374538013, 0.2183844635132597, 2,4, 2
0.8424798776026076, 0.0, 0.24207684420024908, 0.21303195846813497, 0,1, 0
0.10077828776691279, 0.0, 0.8944213325400786, 0.36684194226088074, 0,0, 0
0.264019157852724, 0.0, 0.7492780620662962, 0.3807178282945349, 0,0, 0
0.381361005787268, 0.0, 0.7127566332218642, 0.47692701418452976, 0,0, 0
0.5032262356149804, 0.0, 0.6707739883721718, 0.44543602082866274, 2,2, 2
0.59116610124393, 0.0, 0.5941191384407996, 0.3970996474888587, 2,2, 2
0.6095257101044369, 0.0, 0.5914521354528427, 0.3898624771074611, 2,2, 2
0.6940730393135103, 0.0, 0.5063517243786582, 0.2905860950332073, 4,4, 4
0.7125656888179339, 0.0, 0.4744358479557501, 0.2902948133790808, 3,3, 3
0.73784341116211, 0.0, 0.4484417869069739, 0.2902984950265309, 3,3, 3
0.7329209073371915, 0.0, 0.45093353833690614, 0.31961758988833905, 0,2, 0
0.7434976385285704, 0.0, 0.41153304134097723, 0.27412464683470317, 3,3, 3
0.7514800771635735, 0.0, 0.40581851474414415, 0.26714605889140924, 3,4, 3
0.7528104836027406, 0.0, 0.3930996343496424, 0.2409900261019345, 0,0, 0
0.7747621898489989, 0.0, 0.34380404445320034, 0.24862805942202215, 1,5, 1
0.7397059801769441, 0.0, 0.43450810592529104, 0.3186693895188211, 4,4, 4
0.7732322224439566, 0.0, 0.3562996229534423, 0.25160990131253697, 2,2, 2
0.7826115878400851, 0.0, 0.34147711252502844, 0.2451841913213543, 4,4, 4
0.7917248719483803, 0.0, 0.34949986092707697, 0.24576641806643082, 4,4, 4
0.7896627419676712, 0.0, 0.35646946789292266, 0.2537216301552591, 3,3, 3
0.7915918313044635, 0.0, 0.34821982023612685, 0.2615892578715577, 3,3, 3
0.7971795383489656, 0.0, 0.31204545445605314, 0.2358342445339836, 3,3, 3
0.8067584647109692, 0.0, 0.2907985181398379, 0.22420636072094915, 2,2, 2
0.8124126920774296, 0.0, 0.28099706114498746, 0.21904639152084826, 4,4, 4
0.816004789463181, 0.0, 0.293520686769801, 0.22663652152245267, 3,3, 3
0.8173351959023482, 0.0, 0.2716305154441974, 0.21251729036131098, 3,3, 3
0.8151400252777223, 0.0, 0.27063456075789566, 0.2141207721818615, 2,2, 2
0.8243863500299341, 0.0, 0.25780470165766023, 0.2096020265195442, 2,2, 2
0.8211268542539746, 0.0, 0.28674610797220595, 0.22663408395159648, 3,5, 3
0.8234550655225171, 0.0, 0.2560159971773527, 0.20967682721898176, 1,1, 1
0.8205946916783077, 0.0, 0.26987681096367455, 0.2171425618363009, 3,3, 3
0.8264484800106433, 0.0, 0.26034082401988334, 0.21135227092097572, 3,3, 3
0.828444089669394, 0.0, 0.24988321366529623, 0.213036803450969, 2,2, 2
0.8293753741768111, 0.0, 0.25997588865844534, 0.21220687660245702, 2,2, 2
0.8288432116011442, 0.0, 0.2590773635010058, 0.2119472674690905, 2,2, 2
0.834563959289563, 0.0, 0.2439855267794913, 0.20987523014898676, 3,5, 3
0.8313709838355617, 0.0, 0.2661592755676805, 0.22055817045901185, 3,5, 3
0.8344309186456462, 0.0, 0.2504126503566437, 0.21471128853813817, 4,4, 4
0.8359608860506885, 0.0, 0.24069527345346464, 0.21283702153636644, 4,5, 4
0.8376904144216059, 0.0, 0.25228277146558453, 0.20996635626533228, 2,2, 2
0.8388212598948979, 0.0, 0.24539386053586262, 0.20892072095661762, 3,3, 3
0.8380895363533559, 0.0, 0.25500618320098234, 0.2130509528396078, 3,4, 3
0.8357613250848134, 0.0, 0.25706019170991984, 0.21089311624349083, 1,1, 1
0.836426528304397, 0.0, 0.2536303396618826, 0.21107557461026819, 3,3, 3
0.8383556176411894, 0.0, 0.247457249449024, 0.20952685767942889, 3,3, 3
0.842945519856316, 0.0, 0.23142441403183253, 0.201291925061489, 0,0, 0
0.840883389875607, 0.0, 0.23376055263972426, 0.20145945318971306, 2,2, 2
0.8445420075833167, 0.0, 0.22323493017223342, 0.19662446380465742, 3,3, 3
0.8433446417880662, 0.0, 0.23590972129607274, 0.1995009925664072, 2,2, 2
0.8395529834364398, 0.0, 0.24484672082474102, 0.20008849299231304, 2,2, 2
0.8452072108029003, 0.0, 0.22501679618840356, 0.1955788535927216, 3,3, 3
0.8487993081886517, 0.0, 0.22461691293574737, 0.1920966575357227, 2,2, 2
0.8511940397791525, 0.0, 0.22737766726652153, 0.19377027836704486, 2,2, 2
0.8502627552717356, 0.0, 0.22250432426873887, 0.19432246411939672, 3,4, 3
0.849065389476485, 0.0, 0.22092246024009235, 0.191478119228224, 1,1, 1
0.8510609991352358, 0.0, 0.21425234262018722, 0.19303108964945254, 2,2, 2
0.8528570478281114, 0.0, 0.21726188183404954, 0.1904203736774198, 3,3, 3
0.8539213729794453, 0.0, 0.21401674971126072, 0.18825750367889596, 3,3, 3
0.8543870152331537, 0.0, 0.2218651266310623, 0.19049587621220077, 4,5, 4
0.8531231291159449, 0.0, 0.21625608625252163, 0.18671568960292143, 2,2, 2
0.8545865761990288, 0.0, 0.21965714642573098, 0.19080218478162428, 1,1, 1
0.8573139093993215, 0.0, 0.22027693459349462, 0.18923152569128437, 4,5, 4
0.8566487061797379, 0.0, 0.2190505958688029, 0.1869142906430865, 3,3, 3
0.8571143484334465, 0.0, 0.21499853937500366, 0.18872230734191764, 1,1, 1
0.8578460719749884, 0.0, 0.21579330975355387, 0.18808685553251014, 2,2, 2
0.8585112751945719, 0.0, 0.2090278490936335, 0.18232806610743815, 1,1, 1
0.8584447548726136, 0.0, 0.21814928682957244, 0.1833085271234244, 2,2, 2
0.8576465110091133, 0.0, 0.2193192751201288, 0.182959313817165, 3,3, 3
0.856848267145613, 0.0, 0.22763719428307444, 0.18430314597026481, 2,2, 2
0.8583117142286969, 0.0, 0.21354902662541264, 0.18575695500898973, 3,4, 3
0.8607729661411562, 0.0, 0.21642831822239844, 0.17930956031237494, 1,1, 1
0.8609725271070312, 0.0, 0.2068165838088321, 0.17759239109165786, 1,1, 1
0.8607064458191978, 0.0, 0.21207408679535975, 0.17792184092482646, 2,2, 2
0.8609725271070312, 0.0, 0.20871287979718167, 0.17908437619816253, 1,1, 1
0.862968136765782, 0.0, 0.20799663465171667, 0.1769119544280151, 1,1, 1
0.8623029335461984, 0.0, 0.21176378487611, 0.17738591359700925, 2,2, 2
0.8628350961218653, 0.0, 0.21365437447079524, 0.17615257134477907, 1,1, 1
0.8630346570877403, 0.0, 0.2046746402126079, 0.1738232143803777, 3,4, 3
0.863167697731657, 0.0, 0.19919167641410773, 0.17504722103245662, 2,2, 2
0.8636333399853655, 0.0, 0.21285254663481845, 0.1771993655468412, 3,3, 3
0.8643650635269075, 0.0, 0.21057378178622901, 0.17585681912410162, 3,3, 3
0.8627020554779485, 0.0, 0.2096501692135841, 0.17346969928400935, 4,5, 4
0.8631011774096987, 0.0, 0.2024098283571773, 0.1715723950287778, 1,1, 1
0.8636998603073239, 0.0, 0.20633380508874832, 0.17739908321634654, 4,5, 4
0.8644981041708242, 0.0, 0.2155129641805859, 0.1759530982579744, 2,2, 2
0.8658285106099913, 0.0, 0.20775526953967421, 0.17888574158404183, 3,4, 3
0.866493713829575, 0.0, 0.19873193097638991, 0.17750706597602992, 3,3, 3
0.8661611122197831, 0.0, 0.20138693635174343, 0.17615651736711674, 1,2, 1
0.8663606731856582, 0.0, 0.19755193490208411, 0.17188790018999456, 3,3, 3
0.8664271935076165, 0.0, 0.19657786143439293, 0.17306075326067608, 3,4, 3
0.8660945918978248, 0.0, 0.19242043473839868, 0.16996746116627126, 1,2, 1
0.8646311448147409, 0.0, 0.19445407117990574, 0.17437294356247066, 3,4, 3
0.8642985432049491, 0.0, 0.20774026717225563, 0.18179492061892386, 4,5, 4
0.8645646244927826, 0.0, 0.20254360949249295, 0.1769811391151033, 1,1, 1
0.8672919576930752, 0.0, 0.19957011355322385, 0.17487438902111008, 2,2, 2
0.8642985432049491, 0.0, 0.20999906154057624, 0.1797893645777174, 1,2, 1
0.8663606731856582, 0.0, 0.19219643331074246, 0.17309329860421535, 2,2, 2
0.8667597951174084, 0.0, 0.19308164445379142, 0.17137327226188334, 3,3, 3
0.8652963480343245, 0.0, 0.19203299310928593, 0.16981265456112862, 3,3, 3
0.8660280715758665, 0.0, 0.19786005670393414, 0.17355343811415008, 2,2, 2
0.867624559302867, 0.0, 0.20204242754597337, 0.17907301791222546, 4,5, 4
0.8677575999467837, 0.0, 0.1957304344015687, 0.17150554666347745, 2,2, 2
0.10077828776691279, 0.0, 0.8944213325400786, 0.36684194226088074, 0,0, 0
0.2198496640723741, 0.0, 0.7944205211088752, 0.5008224719109492, 0,0, 0
0.3961950375839819, 0.0, 0.6551490091960298, 0.3679905031349869, 0,0, 0
0.4521386283509612, 0.0, 0.6488068291490218, 0.415064611349909, 2,5, 2
0.5241136167099049, 0.0, 0.5789836807411892, 0.3294480261940751, 2,5, 2
0.6359342779219052, 0.0, 0.5315108902044049, 0.37832218548494495, 0,0, 0
0.6846936739173818, 0.0, 0.508533758900104, 0.3460689877983701, 1,4, 1
0.7180868755404776, 0.0, 0.46494170571712706, 0.2957545132386706, 0,1, 0
0.7312578992882326, 0.0, 0.46205364841180324, 0.331276276776129, 0,2, 0
0.7593294751546598, 0.0, 0.41538215203936707, 0.2806024349924011, 2,5, 2
0.7563360606665336, 0.0, 0.4456880752698498, 0.31875580648629637, 0,2, 0
0.7562695403445753, 0.0, 0.42182216814152906, 0.26658890912902455, 2,6, 2
0.7559369387347835, 0.0, 0.4373099511237065, 0.305015881000786, 2,3, 2
0.7856050023282113, 0.0, 0.36063218137216924, 0.25078846342333405, 2,3, 2
0.7879997339187121, 0.0, 0.3701020794971979, 0.25667615256651527, 1,6, 1
0.7966473757732987, 0.0, 0.34836694870038576, 0.25996960528954277, 2,2, 2
0.7945852457925896, 0.0, 0.3577893672105274, 0.26003076494076355, 2,5, 2
0.788531896494379, 0.0, 0.38299711111470297, 0.274904187363912, 2,4, 2
0.7847402381427526, 0.0, 0.3554578958446454, 0.2508316713581901, 3,3, 3
0.7887979777822125, 0.0, 0.35402021233252284, 0.2416547074756365, 2,2, 2
0.8009046763786337, 0.0, 0.3226216937111105, 0.23688444131394842, 2,2, 2
0.8130778952970132, 0.0, 0.32146671905896107, 0.24297165923355873, 0,1, 0
0.81321093594093, 0.0, 0.30110392777618517, 0.23021611962001573, 0,0, 0
0.8220581387613916, 0.0, 0.2678227787904216, 0.22359147466160217, 3,3, 3
0.8183330007317235, 0.0, 0.2945009894344509, 0.2294935111196021, 2,4, 2
0.8137430985165969, 0.0, 0.2923280175268947, 0.2341175472036537, 1,2, 1
0.8172686755803898, 0.0, 0.27073436457579664, 0.22341482342641128, 3,3, 3
0.8173351959023482, 0.0, 0.28586500012201665, 0.2254477933141997, 0,1, 0
0.8108827246723874, 0.0, 0.3210971853962301, 0.23789971041411775, 3,3, 3
0.816004789463181, 0.0, 0.29910864224724626, 0.24961220183534563, 2,5, 2
0.8052284973059269, 0.0, 0.3305787567680813, 0.25089058357621924, 2,5, 2
0.8177343178340983, 0.0, 0.2763470187333407, 0.23339511843022404, 1,4, 1
0.8069580256768443, 0.0, 0.29956014849815377, 0.23860706793639916, 1,3, 1
0.8183330007317235, 0.0, 0.2738945760253129, 0.23471627433187642, 1,2, 1
0.8211268542539746, 0.0, 0.28640395117114, 0.23987809000198188, 0,1, 0
0.8183995210536819, 0.0, 0.2810585553550238, 0.23391383480160116, 1,3, 1
0.824718951639726, 0.0, 0.2668390352672093, 0.2317967120801171, 1,3, 1
0.8268476019423934, 0.0, 0.26603336841918135, 0.22789471781290838, 0,1, 0
0.8259163174349764, 0.0, 0.2659940162820339, 0.22768091743763244, 1,3, 1
0.8267145612984766, 0.0, 0.2744478592098864, 0.23304075709614497, 1,2, 1
0.8309718619038116, 0.0, 0.2515469003784916, 0.22372997429717803, 0,1, 0
0.8299075367524779, 0.0, 0.24286125916404033, 0.21694448344778647, 1,3, 1
0.8290427725670192, 0.0, 0.2504829918622906, 0.21856037699629052, 1,3, 1
0.8279119270937272, 0.0, 0.2641731615368054, 0.22458468566598414, 1,2, 1
0.8231889842346837, 0.0, 0.2777837017246778, 0.23210108998076678, 1,3, 1
0.8281114880596022, 0.0, 0.27079306750395093, 0.22602184322223082, 1,2, 1
0.8207942526441828, 0.0, 0.2804271494138514, 0.2347289085831428, 1,4, 1
0.8271136832302268, 0.0, 0.249351773769617, 0.2242330541937882, 1,2, 1
0.8294418944987694, 0.0, 0.2578271245056499, 0.22528802252980845, 0,1, 0
0.8314375041575202, 0.0, 0.2545635830835383, 0.22195646817104608, 0,1, 0
0.8319031464112286, 0.0, 0.2536997914732523, 0.22525788743583322, 4,4, 4
0.8305062196501031, 0.0, 0.2665520108895738, 0.22800076411440767, 0,1, 0
0.8297744961085611, 0.0, 0.26292438875480495, 0.2236610430350209, 4,4, 4
0.8245193906738508, 0.0, 0.28390838040096666, 0.23353918978823665, 1,5, 1
0.8293753741768111, 0.0, 0.2681739413017236, 0.2276090771878422, 3,3, 3
0.8338987560699794, 0.0, 0.24219960261786078, 0.21594841364530745, 4,4, 4
0.8356282844408967, 0.0, 0.24959077433107268, 0.214074378347897, 2,3, 2
0.8360939266946052, 0.0, 0.24535733381203897, 0.21013287420483054, 3,3, 3
0.8364930486263553, 0.0, 0.2516468800911357, 0.21099961252395955, 0,2, 0
0.8370252112020222, 0.0, 0.24920015415507513, 0.21237191368191227, 0,2, 0
0.8393534224705648, 0.0, 0.23571930433826163, 0.2101660325809743, 4,4, 4
0.837158251845939, 0.0, 0.24803169267771288, 0.22073527138359722, 4,2, 1
0.8357613250848134, 0.0, 0.23851847914561497, 0.2155211970599162, 1,5, 1
0.8364930486263553, 0.0, 0.23592497316781746, 0.21461623650411638, 0,2, 0
0.8338987560699794, 0.0, 0.25112507384610033, 0.2224850058160955, 0,1, 0
0.8330339918845208, 0.0, 0.25415745507059956, 0.22241318443841546, 0,3, 0
0.8289097319231025, 0.0, 0.2595472363507424, 0.22879436055393015, 1,6, 1
0.830306658684228, 0.0, 0.2604454218570633, 0.22684239980187676, 0,3, 0
0.8344974389676046, 0.0, 0.25572374224376604, 0.21858780321627574, 3,3, 2
0.834763520255438, 0.0, 0.2319407854756691, 0.21949144626373454, 0,2, 0
0.8382890973192311, 0.0, 0.24339139065987006, 0.2118774630602877, 4,2, 1
0.8383556176411894, 0.0, 0.22923741530016803, 0.2157781738430392, 2,5, 2
0.8361604470165636, 0.0, 0.2340309665688922, 0.21414697061081722, 0,2, 0
0.8381560566753143, 0.0, 0.23772087284626295, 0.21803537442497034, 0,2, 0
0.8350296015432714, 0.0, 0.2519614694393667, 0.2254717538366176, 4,6, 4
0.8340983170358545, 0.0, 0.2575455374724823, 0.2278547464235328, 4,3, 1
0.832900951240604, 0.0, 0.2588448583830962, 0.23036567945569167, 2,4, 2
0.8323687886649371, 0.0, 0.2532896194368611, 0.2247185905623458, 6,2, 1
0.8335661544601876, 0.0, 0.25642320835099086, 0.22397609989259046, 3,1, 1
0.836426528304397, 0.0, 0.24269958729993082, 0.21903073612892485, 3,3, 1
0.8382890973192311, 0.0, 0.24164399102374035, 0.20893417714010126, 4,5, 4
0.8384886582851061, 0.0, 0.22737455034856657, 0.20622016694570142, 8,2, 2
0.841814674383024, 0.0, 0.23266774340662796, 0.20401114728321765, 3,1, 1
0.839752544402315, 0.0, 0.228921685398058, 0.20243479199292674, 9,2, 2
0.8423468369586908, 0.0, 0.22131533470872014, 0.2028294712215215, 2,1, 1
0.8432781214661079, 0.0, 0.22577789214415842, 0.20305415569007684, 4,2, 2
0.8460054546664005, 0.0, 0.22092281050196866, 0.20089811893772275, 3,5, 3
0.8424798776026076, 0.0, 0.2371839686123316, 0.2102769394887594, 1,4, 1
0.8409499101975654, 0.0, 0.24157520550148914, 0.21204939317924051, 3,4, 2
0.8423468369586908, 0.0, 0.23731493306118917, 0.2104315443133553, 6,2, 2
0.8430120401782745, 0.0, 0.24102286174396023, 0.2095629049670787, 1,2, 1
0.8448080888711501, 0.0, 0.23947338753817835, 0.20989958083741966, 2,3, 2
0.8461384953103173, 0.0, 0.23332362049894304, 0.20503708918664454, 2,3, 2
0.8456728530566088, 0.0, 0.23670470797014975, 0.20521741696910176, 1,4, 1
0.8478680236812346, 0.0, 0.22586190810725082, 0.2015537050512547, 5,3, 2
0.848134104969068, 0.0, 0.22106188910491475, 0.197659858673928, 3,1, 1
0.8462050156322757, 0.0, 0.2249144342402021, 0.2012506249562219, 1,3, 1
0.846071974988359, 0.0, 0.2261091189408018, 0.20238206163907985, 1,4, 1
0.8448746091931085, 0.0, 0.23122781989673308, 0.2055551750021716, 3,3, 2
0.8438102840417747, 0.0, 0.24225788165382856, 0.20498785001213132, 2,5, 2
0.8414155524512739, 0.0, 0.22911898312357715, 0.20561532442254196, 2,5, 2
0.10077828776691279, 0.0, 0.8944213325400786, 0.36684194226088074, 0,0, 0
0.2984766846271536, 0.0, 0.7414427179671531, 0.4336241248615448, 0,0, 0
0.3999866959356083, 0.0, 0.6847591194740528, 0.33913955064242196, 0,0, 0
0.485332269008182, 0.0, 0.5983669210110868, 0.32113765719364173, 3,3, 3
0.5291691611787401, 0.0, 0.5462638471629366, 0.2772391033796175, 3,3, 3
0.52877003924699, 0.0, 0.5805071729878744, 0.393553207254533, 3,4, 3
0.5995476618106832, 0.0, 0.5265101789232226, 0.3420283592984106, 2,3, 2
0.6191711567883988, 0.0, 0.4958336475505003, 0.3005138281794893, 0,2, 0
0.6861571210004657, 0.0, 0.4019550071382467, 0.23418077458472525, 0,2, 0
0.7192842413357281, 0.0, 0.43002900796583227, 0.25049088399851027, 0,1, 0
0.7124991684959755, 0.0, 0.467772624696391, 0.33199590902724013, 2,5, 2
0.7876671323089204, 0.0, 0.3820999899652526, 0.26743169674108613, 0,3, 0
0.7501496707244063, 0.0, 0.45553676798900944, 0.32299924100396765, 0,1, 0
0.7756934743564159, 0.0, 0.38385809800505805, 0.2718538946552358, 1,2, 1
0.7871349697332535, 0.0, 0.3861484821048029, 0.2744726954603392, 0,1, 0
0.7734983037317901, 0.0, 0.4100265360296443, 0.3038080159923583, 1,2, 1
0.7776890840151667, 0.0, 0.40015570129206, 0.27156277924434086, 2,3, 2
0.792789197099714, 0.0, 0.3496929994295065, 0.24084782504938498, 1,4, 1
0.7997738309053416, 0.0, 0.3561370436436435, 0.24807731579532905, 1,2, 1
0.7921239938801303, 0.0, 0.38992129435234135, 0.29057953489121446, 1,2, 1
0.8032328876471763, 0.0, 0.3255501602986107, 0.2396023127006361, 0,1, 0
0.8050289363400519, 0.0, 0.3338218789246611, 0.2506838094013192, 1,2, 1
0.8104836027406372, 0.0, 0.31771318209133026, 0.24250562827365169, 1,2, 1
0.7989090667198829, 0.0, 0.3466179029852736, 0.2515842030843005, 2,3, 2
0.798177343178341, 0.0, 0.34873156233292774, 0.25937873984661286, 0,1, 0
0.8086210337258032, 0.0, 0.3019664605337231, 0.24116917287938644, 2,3, 2
0.8090201556575534, 0.0, 0.31874611602516884, 0.2485856535017919, 0,1, 0
0.8073571476085944, 0.0, 0.32471923724499085, 0.24737280087914296, 1,5, 1
0.8134770172287634, 0.0, 0.2995653818547614, 0.23840983880017055, 1,2, 1
0.8102175214528038, 0.0, 0.28995307554943645, 0.250530819457097, 2,3, 2
0.8110157653163041, 0.0, 0.3060808891004057, 0.24535513954185492, 1,4, 1
0.8145413423800971, 0.0, 0.292930515358164, 0.23679239911181488, 0,1, 0
0.8166699926827646, 0.0, 0.2809231210717836, 0.2312989511697635, 1,2, 1
0.8152065455996808, 0.0, 0.292976536948336, 0.2373117318393942, 1,3, 1
0.8170691146145147, 0.0, 0.2881574420399566, 0.22882939026619176, 1,2, 1
0.8159382691412227, 0.0, 0.29137677069499923, 0.24309981698985808, 0,1, 0
0.8133439765848467, 0.0, 0.2920917597800025, 0.24268536286421138, 1,3, 1
0.8094192775893035, 0.0, 0.2901399978302859, 0.2493353355067901, 1,4, 1
0.8128783343311382, 0.0, 0.2915776501951768, 0.24837312850474252, 1,4, 1
0.8079558305062197, 0.0, 0.307982662132275, 0.25245111888919763, 1,2, 1
0.8154726268875141, 0.0, 0.28489313650986964, 0.2339181014598919, 0,0, 0
0.8176677975121399, 0.0, 0.2696600080157948, 0.2314049433745252, 1,3, 1
0.8191977649171822, 0.0, 0.28532073353836446, 0.23608745240030682, 4,2, 1
0.8207277323222244, 0.0, 0.29196380967650554, 0.23178153717938602, 2,4, 2
0.8254506751812679, 0.0, 0.2700579152606346, 0.226216872414225, 1,2, 1
0.8241867890640591, 0.0, 0.27184796956872953, 0.23436115398059115, 2,4, 2
0.8216590168296415, 0.0, 0.27589032139977065, 0.2347308844347558, 1,3, 1
0.8164039113949312, 0.0, 0.28280917973168523, 0.24466696015728764, 2,4, 2
0.8154726268875141, 0.0, 0.29330612705798526, 0.24274106048842525, 2,4, 2
0.824718951639726, 0.0, 0.27171183030866536, 0.2339255702075455, 2,5, 2
0.8243198297079758, 0.0, 0.2591135390361685, 0.23332252741493723, 1,2, 0
0.8207942526441828, 0.0, 0.2752628189153455, 0.23306426372235087, 1,2, 1
0.8241202687421008, 0.0, 0.2653050291402079, 0.2239978963438656, 0,0, 0
0.8250515532495177, 0.0, 0.27190016208193735, 0.22953045458018856, 0,0, 0
0.8257832767910597, 0.0, 0.2716084826016697, 0.23074949268469175, 1,2, 0
0.8197299274928491, 0.0, 0.2750430478244866, 0.24117635349697886, 2,4, 2
0.8224572606931417, 0.0, 0.2615784104894339, 0.2358823643340068, 3,4, 3
0.8286436506352691, 0.0, 0.2542663507221526, 0.22441934234999444, 4,3, 2
0.8272467238741436, 0.0, 0.2573998647702731, 0.2245839079639281, 1,2, 1
0.8219250981174749, 0.0, 0.2712108438450197, 0.24312262937533377, 3,3, 1
0.8222576997272667, 0.0, 0.2689672677314316, 0.23766786508400642, 2,1, 0
0.8124126920774296, 0.0, 0.28497389788741867, 0.24951204367708602, 4,4, 3
0.807091066320761, 0.0, 0.2875954591447431, 0.2559507145071474, 0,2, 0
0.810816204350429, 0.0, 0.28032693528979313, 0.25140140535873334, 4,4, 3
0.8147409033459722, 0.0, 0.2573429501039916, 0.23763316373864415, 3,2, 2
0.8191312445952238, 0.0, 0.26676826676123194, 0.23713605521962544, 1,3, 1
0.8144748220581388, 0.0, 0.27751088516288697, 0.244112089198959, 0,1, 0
0.8231224639127254, 0.0, 0.2551131909338808, 0.23659255165382143, 0,1, 0
0.8120135701456795, 0.0, 0.2689516512918065, 0.24849282822835106, 2,5, 0
0.8179338787999734, 0.0, 0.26023745808712573, 0.23824266258580218, 2,5, 0
0.8181999600878068, 0.0, 0.26039733265308834, 0.2443510593599807, 1,3, 1
0.8202620900685159, 0.0, 0.25503159592795993, 0.2366968549819367, 1,2, 1
0.8170691146145147, 0.0, 0.2662487950889272, 0.24352613273702037, 0,2, 0
0.8167365130047229, 0.0, 0.268146503115554, 0.24578163689279064, 2,5, 2
0.8219916184394332, 0.0, 0.25609317300923207, 0.23394624505707196, 1,3, 1
0.8209938136100579, 0.0, 0.2555592233101917, 0.2313798151574994, 2,4, 2
0.8146743830240138, 0.0, 0.279134396234032, 0.2484559979397977, 2,4, 2
0.8101510011308455, 0.0, 0.2794164468866882, 0.25765812481194617, 3,3, 1
0.8152730659216391, 0.0, 0.27181583571539103, 0.24819238939212615, 3,3, 2
0.815073504955764, 0.0, 0.2690786740055784, 0.25014850899860175, 0,0, 0
0.8178008381560566, 0.0, 0.2677196684758525, 0.24284695566681086, 0,0, 0
0.8236546264883922, 0.0, 0.2633152805429243, 0.23222378188957735, 0,1, 0
0.8249850329275593, 0.0, 0.2518605151627419, 0.2256296638484438, 0,0, 0
0.8269141222643518, 0.0, 0.25205991710591763, 0.22659270481494428, 0,0, 0
0.8261823987228099, 0.0, 0.25302323055919357, 0.225923062105086, 1,0, 0
0.8257167564691014, 0.0, 0.2505444189914213, 0.23354700475040807, 1,1, 0
0.8261158784008514, 0.0, 0.24898018578203046, 0.2240001657792017, 5,3, 2
0.8229894232688086, 0.0, 0.26115860043231603, 0.23441589138631386, 2,5, 2
0.8255171955032262, 0.0, 0.2616959313218191, 0.23664049599526993, 5,1, 1
0.8278454067717688, 0.0, 0.2506250410103456, 0.2299019262311376, 4,4, 2
0.8193973258830572, 0.0, 0.27647180934645776, 0.2505364112002224, 4,2, 1
0.812479212399388, 0.0, 0.28139239117401943, 0.25824847201871487, 3,4, 1
0.8147409033459722, 0.0, 0.2699377817672198, 0.24655266180188465, 3,3, 2
0.8197299274928491, 0.0, 0.2679567697052976, 0.24456160744252145, 2,4, 2
0.8199960087806825, 0.0, 0.27423058605207057, 0.24375821421283553, 2,3, 1
0.8219250981174749, 0.0, 0.27342644859450266, 0.242908039522252, 1,2, 1
0.8172686755803898, 0.0, 0.2765583946877181, 0.24948934487351862, 2,2, 1
0.8213264152198496, 0.0, 0.2611853633502566, 0.2419611169981526, 3,2, 2
0.8217920574735582, 0.0, 0.26149417786748236, 0.24009176564269272, 1,2, 1
0.8181334397658485, 0.0, 0.26090413383311156, 0.2489636432795544, 2,4, 1
0.8201955697465576, 0.0, 0.2673777022689095, 0.24653601990768145, 0,1, 0
0.10077828776691279, 0.0, 0.8944213325400786, 0.36684194226088074, 0,0, 0
0.3120468303066587, 0.0, 0.7692108111542711, 0.5068255551581519, 0,0, 0
0.41954367059136566, 0.0, 0.6868608295198599, 0.45890068136200296, 0,0, 0
0.5135368855185259, 0.0, 0.5878727302816084, 0.3827765551233966, 2,2, 2
0.5259096654027805, 0.0, 0.5786816039812799, 0.3041243797037463, 3,3, 3
0.6254240670524845, 0.0, 0.49962221959835085, 0.29603359140471286, 0,3, 0
0.6785072839752544, 0.0, 0.47473363399521135, 0.2718758660497226, 0,1, 0
0.7124991684959755, 0.0, 0.46804378611960845, 0.2877177905957626, 0,2, 0
0.7230093793653961, 0.0, 0.464359770560622, 0.318802645600089, 0,3, 0
0.7436971994944456, 0.0, 0.42630787408803095, 0.2786655342141922, 1,5, 1
0.7075101443490986, 0.0, 0.47813719366678226, 0.3314973585607311, 0,1, 0
0.7491518658950309, 0.0, 0.39467493986901353, 0.25804935388470307, 3,4, 3
0.765515865096787, 0.0, 0.3525632389812416, 0.2414801633405788, 0,2, 0
0.7702388079558306, 0.0, 0.3606863315162514, 0.25250800348895713, 0,2, 0
0.7601942393401184, 0.0, 0.3856659265653398, 0.2610780635159196, 2,3, 2
0.777955165303, 0.0, 0.37673195583167357, 0.25997357567730994, 2,3, 2
0.7771569214394998, 0.0, 0.3773005671059347, 0.2581919262341348, 1,5, 1
0.7856050023282113, 0.0, 0.3504000297214405, 0.2429482282155722, 2,4, 2
0.7965143351293821, 0.0, 0.33327479808777843, 0.24453609911024723, 2,3, 2
0.8012372779884255, 0.0, 0.31657193585777466, 0.24057841527248044, 2,3, 2
0.8104836027406372, 0.0, 0.2987423479481439, 0.2245846107559791, 3,3, 3
0.8116809685358877, 0.0, 0.30545896159630453, 0.22946203742796834, 0,1, 0
0.8094192775893035, 0.0, 0.308255024724527, 0.22663644881736122, 0,1, 0
0.8163373910729728, 0.0, 0.2931395235549477, 0.22245977856417037, 0,1, 0
0.8122131311115546, 0.0, 0.2949167407105183, 0.22454960275894958, 3,6, 3
0.8108827246723874, 0.0, 0.30517236101902734, 0.2257893849960682, 2,4, 2
0.8079558305062197, 0.0, 0.3150718381484592, 0.22296869587860516, 2,2, 2
0.8132774562628883, 0.0, 0.29219371565370567, 0.22404369647856268, 0,1, 0
0.8088871150136366, 0.0, 0.32159175890626607, 0.24950040537241666, 2,4, 2
0.8177343178340983, 0.0, 0.27591301633670506, 0.2195908032412509, 0,1, 0
0.8201290494245992, 0.0, 0.2798087327911234, 0.21850006899724683, 2,4, 2
0.813410496906805, 0.0, 0.30528848841425843, 0.2265552899524362, 1,2, 1
0.8174017162243066, 0.0, 0.2838029097092496, 0.22073225464060411, 1,4, 1
0.8156056675314308, 0.0, 0.3003398732958752, 0.23209789260454589, 1,4, 1
0.8174017162243066, 0.0, 0.29568112974248, 0.237819881570818, 2,5, 2
0.8208607729661411, 0.0, 0.28673596986589767, 0.22333090995791852, 1,3, 1
0.8177343178340983, 0.0, 0.29085269216006926, 0.2265510987738211, 1,3, 1
0.8154726268875141, 0.0, 0.29926880422079555, 0.22908409582037126, 1,2, 1
0.8127452936872215, 0.0, 0.3020520096718949, 0.23500376420990307, 0,1, 0
0.8195968868489324, 0.0, 0.2939066204181281, 0.2351679227128721, 1,4, 1
0.823987228098184, 0.0, 0.26159419945864654, 0.22170658402853138, 1,2, 1
0.8251845938934345, 0.0, 0.2717092218921351, 0.22039032013209384, 0,0, 0
0.8253176345373512, 0.0, 0.26950069285284156, 0.2221989750296235, 0,0, 0
0.8193973258830572, 0.0, 0.2920974206862978, 0.23303628800078177, 1,4, 1
0.8241202687421008, 0.0, 0.27628923947172196, 0.22462041939304533, 1,2, 1
0.83103838222577, 0.0, 0.2515590217112619, 0.21892811828965456, 1,2, 1
0.8327679105966873, 0.0, 0.26154147756303897, 0.22287802927011618, 1,2, 1
0.8266480409765183, 0.0, 0.275046939182174, 0.22517881810281554, 1,4, 1
0.8318366260892702, 0.0, 0.2552677365517573, 0.22080444694149143, 4,4, 4
0.8354287234750216, 0.0, 0.24525912986193232, 0.21441816686999027, 4,4, 4
0.8318366260892702, 0.0, 0.259097335878768, 0.21683853606557973, 2,3, 2
0.8349630812213131, 0.0, 0.25563697226019666, 0.216082425234237, 6,2, 1
0.8372912924898557, 0.0, 0.25468331945756073, 0.21293741251015086, 2,3, 2
0.8348965608993547, 0.0, 0.26599973891056433, 0.2073280140423316, 2,3, 2
0.8386882192509811, 0.0, 0.2540056253953966, 0.20870077633074388, 4,4, 4
0.8406838289097319, 0.0, 0.24392294065456546, 0.20513979577290065, 0,0, 0
0.8408168695536486, 0.0, 0.2460683913249043, 0.20908089888003237, 3,3, 2
0.8421472759928158, 0.0, 0.24276349793438737, 0.20197109814879022, 3,3, 3
0.8444089669394, 0.0, 0.23852489138126032, 0.2006051827060467, 2,2, 2
0.8463380562761924, 0.0, 0.23049893798278556, 0.19929070903333865, 4,4, 4
0.8449411295150668, 0.0, 0.23473985649810555, 0.19839060907706724, 1,1, 1
0.8467371782079425, 0.0, 0.23083417451991928, 0.19720198496372646, 3,3, 3
0.8487993081886517, 0.0, 0.2378137102951888, 0.19697135717047828, 2,2, 2
0.8477349830373179, 0.0, 0.22544158830389865, 0.19749641848042912, 2,3, 2
0.8499301536619437, 0.0, 0.22531890953434278, 0.1961327124634578, 3,3, 3
0.8475354220714428, 0.0, 0.23820472540561563, 0.2034630788212008, 3,3, 3
0.8513936007450276, 0.0, 0.23034964156592166, 0.19848924387912437, 5,6, 5
0.8484001862569015, 0.0, 0.23670697485104483, 0.19762112080161603, 1,1, 1
0.848666267544735, 0.0, 0.22578593972178332, 0.195453168705214, 2,2, 2
0.8515266413889443, 0.0, 0.2323068289935656, 0.1942153144384219, 4,4, 4
0.8525909665402781, 0.0, 0.22755693192208248, 0.19788949429298366, 3,4, 3
0.8538548526574868, 0.0, 0.22614676068267786, 0.19311172836296003, 2,2, 2
0.8525244462183197, 0.0, 0.239441556674573, 0.19697441269377636, 3,4, 3
0.8552517794186124, 0.0, 0.22270834740541048, 0.19142054040606027, 2,2, 2
0.8533892104037784, 0.0, 0.22430809224888773, 0.20108293723047888, 1,3, 1
0.8547861371649039, 0.0, 0.21893861984962112, 0.19323056046831819, 1,2, 1
0.8515931617109027, 0.0, 0.2278458667066761, 0.19169058619634555, 1,4, 1
0.8501962349497771, 0.0, 0.2261388601202521, 0.1983664344369573, 1,2, 1
0.8465376172420674, 0.0, 0.2392910067233827, 0.21187024351237307, 2,3, 2
0.8477349830373179, 0.0, 0.2371296915952348, 0.20908133629451434, 3,4, 3
0.8502627552717356, 0.0, 0.23635781329908248, 0.2044532848424517, 1,2, 1
0.8519922836426528, 0.0, 0.22222526666156792, 0.1979374975138722, 2,2, 2
0.8538548526574868, 0.0, 0.21190894544517044, 0.18971723429081094, 3,4, 3
0.8503292755936939, 0.0, 0.21537972534838928, 0.19475259867888434, 1,2, 1
0.8511275194571942, 0.0, 0.2291782368100193, 0.19830856345393655, 3,4, 3
0.8509279584913191, 0.0, 0.2345037571192365, 0.19935184854388288, 2,3, 2
0.8495310317301936, 0.0, 0.23986510388224602, 0.20141869320592076, 1,1, 1
0.8522583649304862, 0.0, 0.2265994246547889, 0.1946094887591702, 3,4, 3
0.8513936007450276, 0.0, 0.21630936487323432, 0.19265239309869148, 2,5, 2
0.8535887713696534, 0.0, 0.20937704152137976, 0.1946586052380742, 1,2, 1
0.8529235681500699, 0.0, 0.22085122871321242, 0.19307892740402577, 3,4, 3
0.8473358611055678, 0.0, 0.2169321341788606, 0.19702652292216066, 1,3, 1
0.8499301536619437, 0.0, 0.2206892651360613, 0.19865367515047003, 1,2, 1
0.8499301536619437, 0.0, 0.2125491293935412, 0.19445738361273146, 2,4, 2
0.8529235681500699, 0.0, 0.21460871044611463, 0.19358157683750166, 1,1, 1
0.8515266413889443, 0.0, 0.22068953385714335, 0.1996765850351453, 4,6, 4
0.8497305926960687, 0.0, 0.22040711480355188, 0.19844029955534914, 1,2, 1
0.8524579258963614, 0.0, 0.2193702600783583, 0.1904263213387068, 2,2, 2
0.8517927226767777, 0.0, 0.2294458593857147, 0.20192727712400926, 1,3, 1
0.8511275194571942, 0.0, 0.22124328680175093, 0.19744159982235365, 1,1, 1
0.851659682032861, 0.0, 0.2285288012267143, 0.19648564919489592, 1,1, 1
0.10077828776691279, 0.0, 0.8944213325400786, 0.36684194226088074, 0,0, 0
0.2676777755604337, 0.0, 0.7798700719890749, 0.4895196068509458, 0,0, 0
0.40477615911661013, 0.0, 0.668132636642711, 0.4365900401648013, 0,0, 0
0.4673052617574669, 0.0, 0.6055299870243754, 0.3376545722140113, 3,3, 3
0.5444023149072041, 0.0, 0.6035870021819416, 0.3812505110863826, 3,3, 3
0.5893700525510543, 0.0, 0.5631307619635068, 0.3444982834141949, 3,4, 3
0.6291492050821526, 0.0, 0.5034993733933308, 0.2872367477802449, 2,3, 2
0.6297478879797779, 0.0, 0.5195065240296888, 0.35977755356745206, 2,3, 2
0.6162442626222311, 0.0, 0.5209648194167636, 0.3662929904970947, 0,2, 0
0.6457792855717421, 0.0, 0.48872863660089394, 0.3486344922664734, 3,7, 3
0.6982638195968869, 0.0, 0.4556724096827145, 0.32523368249987533, 0,2, 0
0.6890840151666334, 0.0, 0.45174530684227143, 0.31925433177148865, 2,2, 2
0.7328543870152332, 0.0, 0.3867363256632021, 0.25448444271547827, 2,2, 2
0.7595290361205348, 0.0, 0.3905949921302273, 0.26889187445553486, 2,3, 2
0.740437703718486, 0.0, 0.3882058385456766, 0.253689155847452, 2,5, 2
0.7245393467704384, 0.0, 0.42566145191154753, 0.2981440009955281, 2,5, 2
0.7648506618772035, 0.0, 0.3609694245411436, 0.25583368632952547, 2,4, 2
0.777023880795583, 0.0, 0.3919592733329538, 0.29236554758652183, 2,4, 2
0.7863367258697532, 0.0, 0.38451771002073465, 0.2709233199101375, 2,4, 2
0.7954500099780483, 0.0, 0.333628965667878, 0.2550138271424088, 1,2, 1
0.7945852457925896, 0.0, 0.3456149060970498, 0.2530655076609077, 3,6, 3
0.7931217987095057, 0.0, 0.33315348450984605, 0.2533356194072619, 0,0, 0
0.789064059070046, 0.0, 0.35215854283537035, 0.2728354772807007, 3,4, 3
0.7996407902614249, 0.0, 0.34254078088796985, 0.2624448157160139, 3,4, 3
0.7967804164172154, 0.0, 0.3415457065023954, 0.25654173486577436, 2,3, 2
0.7999733918712166, 0.0, 0.36262317891476614, 0.2733620994376454, 3,4, 3
0.8003725138029668, 0.0, 0.3532966149018717, 0.2538667844578872, 2,3, 2
0.804496773764385, 0.0, 0.31724801979596096, 0.25263410911472894, 2,3, 2
0.8085545134038449, 0.0, 0.3159770638442193, 0.236492685105984, 1,2, 1
0.8077562695403446, 0.0, 0.3288975687438756, 0.2487251587491871, 2,3, 2
0.8113483669260959, 0.0, 0.30337839133015176, 0.24222708552044872, 2,3, 2
0.8132774562628883, 0.0, 0.2974144585970802, 0.2352738458454904, 2,3, 2
0.8123461717554713, 0.0, 0.2935870063306677, 0.23186916525849763, 2,4, 2
0.8116144482139294, 0.0, 0.2906529248936782, 0.22879440318680228, 1,2, 1
0.815805228497306, 0.0, 0.28757197846772903, 0.23109415383163326, 2,3, 2
0.8199294884587242, 0.0, 0.2895427592462948, 0.23454611288306176, 1,2, 1
0.818599082019557, 0.0, 0.2880104118943878, 0.22647113789543624, 2,4, 2
0.8171356349364731, 0.0, 0.292312265753286, 0.22644466028025967, 2,3, 2
0.8158717488192643, 0.0, 0.29387806113416826, 0.2337698028221802, 1,2, 1
0.8200625291026409, 0.0, 0.2745250827978896, 0.22949826242523247, 3,4, 3
0.8190647242732655, 0.0, 0.2835159918482399, 0.22400384639587428, 1,2, 1
0.8193308055610989, 0.0, 0.2860837463358369, 0.22342960538717235, 1,3, 1
0.8189982039513071, 0.0, 0.28458139298744045, 0.23364766086043798, 2,4, 2
0.8190647242732655, 0.0, 0.27909946937650837, 0.23159090403445937, 1,2, 1
0.8211268542539746, 0.0, 0.27567962800734275, 0.2310440856629323, 2,4, 2
0.8217920574735582, 0.0, 0.27076447506694057, 0.2253607368644218, 1,2, 1
0.8243863500299341, 0.0, 0.27399381383745053, 0.22257516850123565, 2,4, 2
0.8118140091798044, 0.0, 0.2927417089930859, 0.24951740353846566, 2,5, 2
0.8130778952970132, 0.0, 0.28138003600881, 0.2372938750090527, 1,2, 1
0.8128783343311382, 0.0, 0.28675157649154004, 0.24312220302878396, 1,3, 1
0.816004789463181, 0.0, 0.28209646659866516, 0.2378032545382868, 3,5, 3
0.8186656023415153, 0.0, 0.27679875712791197, 0.22990799812437676, 2,2, 2
0.8153395862435974, 0.0, 0.28126573532516735, 0.23941121569287255, 2,4, 2
0.8219916184394332, 0.0, 0.2786928676346222, 0.23976403994213308, 2,3, 2
0.825849797113018, 0.0, 0.2613838940686556, 0.22591083290940375, 0,1, 0
0.8237211468103506, 0.0, 0.27028246421274416, 0.23512390902404307, 1,1, 0
0.8266480409765183, 0.0, 0.2715588843685766, 0.22789720540403324, 0,0, 0
0.825118073571476, 0.0, 0.2661435199651927, 0.22854539676868846, 4,3, 2
0.8216590168296415, 0.0, 0.2698419973252516, 0.2359610221935995, 2,5, 2
0.8247854719616843, 0.0, 0.25937296802727444, 0.23644911054080503, 2,4, 2
0.824718951639726, 0.0, 0.27203890384935087, 0.22889340127684538, 1,3, 1
0.824918512605601, 0.0, 0.28012332938984696, 0.23335763081161975, 3,3, 1
0.8229894232688086, 0.0, 0.27659966589006024, 0.23612200051314003, 3,5, 3
0.8178008381560566, 0.0, 0.27899205962788437, 0.2515636317421012, 1,2, 0
0.8175347568682232, 0.0, 0.2887744825720879, 0.24840752120250148, 2,3, 2
0.8221911794053083, 0.0, 0.2762917915030511, 0.24579994060627341, 3,5, 3
0.8248519922836427, 0.0, 0.27607841250330306, 0.23491774808074148, 3,3, 2
0.8279784474156855, 0.0, 0.2548421436772825, 0.22814253225767436, 2,2, 1
0.8269806425863101, 0.0, 0.2718328396012491, 0.23075495600860807, 2,4, 2
0.8252511142153928, 0.0, 0.2684839537331912, 0.2278290799298862, 2,4, 2
0.824918512605601, 0.0, 0.2696057059369922, 0.23565635215880357, 4,3, 1
0.823055943590767, 0.0, 0.2714443708725191, 0.2370547895670385, 0,2, 0
0.8259163174349764, 0.0, 0.2604448108812735, 0.22873269275170074, 3,1, 1
0.8294418944987694, 0.0, 0.26604487495969587, 0.22923112488265387, 3,1, 1
0.830107097718353, 0.0, 0.2590061775984716, 0.22345612838507567, 3,3, 2
0.8287766912791857, 0.0, 0.27097488526250635, 0.22950170011409302, 4,6, 4
0.8304396993281448, 0.0, 0.25327622248391307, 0.22548039661394387, 0,0, 0
0.8274462848400186, 0.0, 0.2684587984169986, 0.23127574948658622, 1,2, 0
0.8273797645180603, 0.0, 0.26804124917785443, 0.22628151764474264, 3,2, 1
0.8274462848400186, 0.0, 0.27365739112764487, 0.23515752478587662, 2,4, 2
0.8224572606931417, 0.0, 0.28047897897454077, 0.24336855428256846, 3,5, 3
0.8260493580788931, 0.0, 0.2669100138707863, 0.23257621935170358, 1,2, 1
0.8249850329275593, 0.0, 0.25823322468993104, 0.2329150972399313, 0,1, 0
0.8259163174349764, 0.0, 0.2599823690684876, 0.22975752929554732, 4,6, 4
0.8234550655225171, 0.0, 0.2728156534830061, 0.23620064556842146, 4,5, 4
0.8251845938934345, 0.0, 0.2684343284379666, 0.23841854479413116, 4,3, 2
0.8294418944987694, 0.0, 0.2597648054470715, 0.2264341446001599, 0,0, 0
0.8248519922836427, 0.0, 0.26090574841220415, 0.23863749715621832, 3,5, 3
0.8263819596886849, 0.0, 0.2592342476482439, 0.2306982373719333, 2,4, 2
0.8264484800106433, 0.0, 0.26401675718560963, 0.23018363688648066, 3,1, 0
0.8279119270937272, 0.0, 0.2697048161696933, 0.2291755343166005, 5,3, 3
0.8294418944987694, 0.0, 0.25268635314606613, 0.2237670109107188, 4,2, 1
0.8302401383622696, 0.0, 0.2630356171869676, 0.22906746551908952, 2,3, 2
0.830306658684228, 0.0, 0.26509208433798986, 0.2333074155018382, 7,1, 0
0.828444089669394, 0.0, 0.26522361424096924, 0.23329901966202116, 4,1, 0
0.83103838222577, 0.0, 0.2495007835565534, 0.22599201794895105, 3,3, 2
0.8302401383622696, 0.0, 0.2573307733320018, 0.22383480606920889, 4,3, 1
0.8266480409765183, 0.0, 0.2587440644115906, 0.2268184237902596, 4,3, 1
0.8273132441961019, 0.0, 0.25880118882381015, 0.22764715741811378, 3,5, 3
0.8182664804097651, 0.0, 0.26953251249379623, 0.24392645941450383, 3,6, 3
0.8199294884587242, 0.0, 0.27206151359609926, 0.24265351830288506, 11,1, 0
0.10077828776691279, 0.0, 0.8944213325400786, 0.36684194226088074, 0,0, 0
0.24838688219250982, 0.0, 0.7877385067430694, 0.5020919069823114, 0,0, 0
0.37810151001130843, 0.0, 0.7005618487886711, 0.4652980920858499, 0,0, 0
0.4792789197099714, 0.0, 0.6153729509218828, 0.36824970097199367, 3,3, 3
0.5469300871416217, 0.0, 0.5730656835985621, 0.35464386160868044, 2,5, 2
0.5410097784873279, 0.0, 0.5956681135723039, 0.3737851515578256, 1,5, 1
0.533958624359742, 0.0, 0.628123469636964, 0.425619558964361, 3,5, 3
0.6047362469234351, 0.0, 0.5316866954476623, 0.38287431000916206, 3,4, 3
0.6421206678640324, 0.0, 0.4901597704239983, 0.31792091863870015, 2,2, 2
0.7141621765449345, 0.0, 0.43894461370076415, 0.2949067868584838, 0,1, 0
0.6923435109425929, 0.0, 0.46420292493630677, 0.32055832854941435, 3,3, 3
0.7223441761458126, 0.0, 0.4345537657422813, 0.29440090560593385, 3,6, 3
0.7396394598549857, 0.0, 0.4099426799796387, 0.3015401617170352, 0,0, 0
0.7561364997006585, 0.0, 0.36278651372314763, 0.2500121024175994, 2,2, 2
0.7587307922570345, 0.0, 0.3723522992023691, 0.2567993341134075, 2,2, 2
0.7693075234484135, 0.0, 0.3518737092272264, 0.25744125848843014, 2,4, 2
0.76864232022883, 0.0, 0.33911866018921494, 0.23943870970124057, 0,1, 0
0.7723009379365396, 0.0, 0.3692271293875104, 0.25908408806586364, 3,3, 3
0.7780216856249584, 0.0, 0.32458641023754303, 0.24786642023567867, 3,3, 3
0.7985099447881328, 0.0, 0.2981173791203502, 0.23795857612504204, 2,2, 2
0.816004789463181, 0.0, 0.27282772499600816, 0.22350928350732271, 2,2, 2
0.813410496906805, 0.0, 0.28851039395080186, 0.22370632960164208, 2,2, 2
0.8170691146145147, 0.0, 0.2798897053352982, 0.23031939926729256, 0,0, 0
0.8138761391605135, 0.0, 0.28171118278463714, 0.22417214449344974, 3,3, 3
0.8201290494245992, 0.0, 0.2616129779662332, 0.2166188839687738, 2,2, 2
0.8211268542539746, 0.0, 0.28054458669650556, 0.2210619053142436, 3,3, 3
0.825118073571476, 0.0, 0.2796953586308689, 0.21983228409084293, 3,3, 3
0.8243198297079758, 0.0, 0.2711524636055257, 0.22088922537488212, 3,3, 3
0.8288432116011442, 0.0, 0.26556592183532346, 0.21803897495222874, 3,4, 3
0.8253176345373512, 0.0, 0.2964170531074179, 0.22728171071656939, 2,5, 2
0.8274462848400186, 0.0, 0.2684492105010254, 0.21604035442028605, 2,2, 2
0.8283775693474357, 0.0, 0.2509730638013672, 0.21144672934889608, 2,2, 2
0.8263154393667266, 0.0, 0.25955604170780133, 0.21708864044256734, 3,4, 3
0.8306392602940198, 0.0, 0.2576213877955703, 0.217352676506588, 2,3, 2
0.8301736180403113, 0.0, 0.2708424979186235, 0.21783337445925402, 2,3, 2
0.8352956828311049, 0.0, 0.24461285517530204, 0.20606566282403965, 2,2, 2
0.8328344309186456, 0.0, 0.25662073689688475, 0.2138647174411906, 3,4, 3
0.8313709838355617, 0.0, 0.26345946077293564, 0.22940105963543028, 1,4, 1
0.8324353089868956, 0.0, 0.25571100661308976, 0.22139286280035844, 0,1, 0
0.8339652763919377, 0.0, 0.2470372626805726, 0.22316922431378736, 1,2, 1
0.8297744961085611, 0.0, 0.2521540969626654, 0.23239997431322237, 0,1, 0
0.8320361870551454, 0.0, 0.24132720204417524, 0.21994657686448602, 1,2, 1
0.8327013902747289, 0.0, 0.25644178781347804, 0.22092342527605788, 0,1, 0
0.8302401383622696, 0.0, 0.25311227830808913, 0.22639876690675947, 1,2, 1
0.8271802035521852, 0.0, 0.24525857877740737, 0.23305165919614101, 1,3, 1
0.8226568216590169, 0.0, 0.2608793779196651, 0.23726127652970533, 1,3, 1
0.8298410164305196, 0.0, 0.24351333366140618, 0.224071354186309, 1,3, 1
0.825650236147143, 0.0, 0.2615954749371867, 0.23176698977941293, 1,4, 1
0.8311714228696867, 0.0, 0.24561515192672798, 0.22512724107751436, 4,4, 4
0.8339652763919377, 0.0, 0.25454267272129905, 0.21989955718078394, 4,4, 4
0.8330339918845208, 0.0, 0.23801886521360305, 0.21393830122834567, 3,3, 3
0.8360939266946052, 0.0, 0.2361254216906917, 0.21400939470400432, 1,2, 1
0.8378234550655225, 0.0, 0.240399004120631, 0.21067418749430591, 0,0, 0
0.8381560566753143, 0.0, 0.24734742094599263, 0.213242476625875, 3,3, 3
0.8386882192509811, 0.0, 0.23328927751249626, 0.20890747494350997, 1,2, 1
0.8247854719616843, 0.0, 0.2524316884448743, 0.22960079495450864, 1,6, 1
0.8251845938934345, 0.0, 0.2690263721930868, 0.24084268570564, 0,1, 0
0.8263819596886849, 0.0, 0.2638009117304801, 0.23659165196361034, 1,2, 1
0.8311049025477283, 0.0, 0.24261656662095518, 0.22400686612515983, 5,5, 5
0.8343643983236879, 0.0, 0.24058650399607284, 0.22372292922456904, 4,5, 4
0.834563959289563, 0.0, 0.24094005152238165, 0.21430528118643324, 3,3, 3
0.8348965608993547, 0.0, 0.2492461408537009, 0.22076454795827394, 3,3, 2
0.825118073571476, 0.0, 0.24962554154264335, 0.23042409061576574, 1,5, 1
0.8287101709572274, 0.0, 0.25138645531340165, 0.22606566993398744, 2,4, 2
0.8277788864498105, 0.0, 0.24501413991996596, 0.22302531489787003, 0,2, 0
0.8322357480210204, 0.0, 0.23892901688871937, 0.2189314647850164, 0,2, 0
0.831969666733187, 0.0, 0.25382237070671826, 0.22666761810170094, 6,3, 2
0.8344309186456462, 0.0, 0.23915947179615812, 0.22068140281059548, 0,1, 0
0.8335661544601876, 0.0, 0.24759048635125955, 0.22544026301080572, 0,2, 0
0.8346969999334797, 0.0, 0.24207599945025074, 0.22470643735245283, 0,1, 0
0.8348300405773964, 0.0, 0.24973931712519243, 0.21996843365884852, 0,1, 0
0.8293753741768111, 0.0, 0.25041857373776016, 0.22518209632585556, 3,5, 2
0.827712366127852, 0.0, 0.24737169000295392, 0.23577943365890802, 0,2, 0
0.8245193906738508, 0.0, 0.2449806433284866, 0.23558023435197226, 6,3, 2
0.8263819596886849, 0.0, 0.2520789281168222, 0.23668389611293622, 3,3, 2
0.8142087407703054, 0.0, 0.264906937723203, 0.24400717533478058, 2,6, 2
0.8181999600878068, 0.0, 0.2623679255788102, 0.24382560365977723, 0,2, 0
0.8215259761857248, 0.0, 0.2609615248692342, 0.2426116126612685, 4,2, 1
0.8232555045566421, 0.0, 0.2605720797930987, 0.2449465365264038, 1,3, 1
0.8219916184394332, 0.0, 0.26248885690193197, 0.24543914107315762, 3,5, 3
0.82212465908335, 0.0, 0.2687045752352861, 0.24607769028720053, 4,1, 0
0.8242533093860174, 0.0, 0.25745026905003643, 0.23636347958421058, 0,1, 0
0.8240537484201423, 0.0, 0.26244182670289445, 0.23518193447628793, 3,5, 3
0.8243863500299341, 0.0, 0.2622000514009128, 0.2296072513209092, 6,7, 3
0.8264484800106433, 0.0, 0.26684295257752216, 0.23197833959410125, 3,2, 2
0.8261823987228099, 0.0, 0.25764792165443046, 0.2359630711308495, 2,4, 2
0.8250515532495177, 0.0, 0.2624076483428655, 0.23582000680899107, 4,3, 1
0.823987228098184, 0.0, 0.26001767159784, 0.23881065641728252, 2,4, 2
0.8243863500299341, 0.0, 0.2664252166862362, 0.2407587906902891, 2,4, 2
0.8276458458058937, 0.0, 0.2596686925217934, 0.2343654388830027, 4,0, 0
0.8267145612984766, 0.0, 0.2617088213010534, 0.23622592746009066, 2,3, 1
0.8255171955032262, 0.0, 0.27118793306743444, 0.23977871274868734, 0,2, 0
0.8211268542539746, 0.0, 0.26745097912860705, 0.24672058734843405, 3,5, 3
0.8219250981174749, 0.0, 0.26571153196532593, 0.24180636736471073, 2,4, 2
0.8235215858444754, 0.0, 0.2658032289161461, 0.2416853271723583, 0,1, 0
0.8225237810151002, 0.0, 0.27481187511846494, 0.24527104096590668, 3,5, 3
0.8235881061664339, 0.0, 0.26046672217433636, 0.23355677444202944, 4,2, 1
0.828444089669394, 0.0, 0.2503279409100323, 0.22697073279432373, 2,3, 2
0.82212465908335, 0.0, 0.2631588060029752, 0.24048213255127387, 3,5, 3
0.8191977649171822, 0.0, 0.2588829698942163, 0.23905426011259728, 2,4, 2
0.8237876671323089, 0.0, 0.2600783389638539, 0.23564035116953097, 4,5, 4
0.10077828776691279, 0.0, 0.8944213325400786, 0.36684194226088074, 0,0, 0
0.32129315505887046, 0.0, 0.7162901774265652, 0.3038170880429447, 0,0, 0
0.401782744628484, 0.0, 0.6916469630330042, 0.4581217292405178, 0,0, 0
0.47794851327080423, 0.0, 0.6662519044867259, 0.429616839505874, 2,2, 2
0.5684826714561299, 0.0, 0.5659742244627858, 0.30306394854258656, 2,5, 2
0.6234284573937338, 0.0, 0.5075630878136457, 0.2882671414720877, 4,4, 4
0.6461784075034923, 0.0, 0.5117747868137765, 0.31993337292992763, 2,2, 2
0.6961351692942194, 0.0, 0.4715597284689397, 0.28669101195921254, 0,2, 0
0.712765249783809, 0.0, 0.4275261843227918, 0.2658574385260333, 0,2, 0
0.7411029069380696, 0.0, 0.40330471226696074, 0.26151810306931395, 3,4, 3
0.733186988625025, 0.0, 0.43191464625749587, 0.26863018360540747, 2,3, 2
0.7428324353089869, 0.0, 0.4140363150117126, 0.27581331744086357, 3,4, 3
0.7624559302867026, 0.0, 0.38209916329191257, 0.25680950435034156, 0,2, 0
0.777955165303, 0.0, 0.3750627348971489, 0.2642880556168769, 0,2, 0
0.7596620767644515, 0.0, 0.3907958563139087, 0.26648533915188527, 2,3, 2
0.7615246457792856, 0.0, 0.3958535587422292, 0.2764426075139348, 1,2, 1
0.7723009379365396, 0.0, 0.3627128325299796, 0.24907930482452711, 2,3, 2
0.78646976651367, 0.0, 0.3359589581176214, 0.26101745171748375, 1,5, 1
0.7810151001130845, 0.0, 0.3535342212044813, 0.28180085248990333, 2,6, 2
0.7970464977050489, 0.0, 0.33155735569887357, 0.26480082036207114, 1,2, 1
0.7907935874409632, 0.0, 0.33050327540610935, 0.2621859392859417, 0,1, 0
0.8034989689350096, 0.0, 0.30632586349601854, 0.25594019274125546, 2,3, 2
0.8023016031397592, 0.0, 0.31663456502683934, 0.25614502287281604, 2,3, 2
0.7995742699394665, 0.0, 0.33708316532498883, 0.2772411157171511, 0,1, 0
0.8032328876471763, 0.0, 0.3140844196914279, 0.2578950457984319, 2,3, 2
0.8016363999201757, 0.0, 0.3243473771215687, 0.26142438089685943, 2,5, 2
0.7967138960952571, 0.0, 0.3369836593102517, 0.2818864848156555, 2,3, 2
0.8056276192376771, 0.0, 0.30508287890048696, 0.25672675011248614, 3,5, 3
0.8108827246723874, 0.0, 0.2864952361466753, 0.23980968565263802, 1,2, 1
0.8117474888578461, 0.0, 0.2883546583798489, 0.24339174621445342, 2,3, 2
0.8109492449943457, 0.0, 0.3066815669684266, 0.24254346034567228, 1,2, 1
0.8048958956961352, 0.0, 0.3107097854933676, 0.2553726945381152, 1,6, 1
0.8046963347302601, 0.0, 0.3108870848059552, 0.25901332500398655, 1,2, 1
0.8045632940863434, 0.0, 0.30133281413704, 0.258161633655005, 2,3, 2
0.8107496840284707, 0.0, 0.2966443200246538, 0.2553850118271697, 1,2, 1
0.8056276192376771, 0.0, 0.313972025229329, 0.26309361455084657, 3,5, 3
0.8027672453934677, 0.0, 0.3160235150279435, 0.2616237603474046, 2,3, 2
0.8028337657154261, 0.0, 0.321954513698272, 0.2593777631684377, 2,3, 2
0.8039646111887182, 0.0, 0.31020546322455145, 0.25624853633088757, 1,2, 1
0.8026342047495509, 0.0, 0.30458430794458513, 0.2582850541684968, 0,1, 0
0.8025676844275926, 0.0, 0.29106626396303575, 0.25349057426982213, 3,5, 3
0.7991751480077164, 0.0, 0.3109538779688653, 0.27138544196123104, 1,2, 1
0.801702920242134, 0.0, 0.3036817878410145, 0.26918629321100057, 1,3, 1
0.8052284973059269, 0.0, 0.29718741180023056, 0.2512409124663434, 5,6, 5
0.8078893101842612, 0.0, 0.30025430496642824, 0.26499794213512173, 1,3, 1
0.8123461717554713, 0.0, 0.2798393985592745, 0.24373260149719886, 3,4, 3
0.8111488059602209, 0.0, 0.29923879422766153, 0.2493288019396782, 3,5, 3
0.8094192775893035, 0.0, 0.3053772904564189, 0.25375027671252803, 0,1, 0
0.807091066320761, 0.0, 0.29652926388371253, 0.2545324953829679, 2,4, 2
0.8098183995210537, 0.0, 0.29183897721915986, 0.25020838533008677, 2,4, 2
0.8140757001263886, 0.0, 0.28231325261927837, 0.2478119875046532, 1,2, 1
0.8125457327213463, 0.0, 0.2878718977324441, 0.24806482844692165, 0,0, 0
0.8125457327213463, 0.0, 0.29130757302226945, 0.2549096186446487, 1,2, 1
0.8084214727599282, 0.0, 0.2916001341860723, 0.257289055251756, 1,3, 1
0.8108827246723874, 0.0, 0.27338920922904014, 0.24524360716394583, 1,2, 1
0.8083549524379698, 0.0, 0.28917568036575203, 0.25711769316178174, 2,4, 2
0.815805228497306, 0.0, 0.2892143039292992, 0.2546308319013826, 2,4, 2
0.818599082019557, 0.0, 0.2744009302960168, 0.24580781176257432, 3,5, 3
0.8172021552584314, 0.0, 0.2872654031414304, 0.24965135265442126, 1,3, 1
0.8190647242732655, 0.0, 0.27897574794757846, 0.2440494734542228, 1,3, 1
0.8205281713563494, 0.0, 0.2729631423221961, 0.24530772293913014, 2,4, 2
0.8143417814142221, 0.0, 0.28826425149761464, 0.25088713377881583, 3,3, 2
0.8130113749750549, 0.0, 0.2857649831803495, 0.247666821168964, 0,1, 0
0.810616643384554, 0.0, 0.28973889403033953, 0.2566844006285523, 2,4, 2
0.8092197166234285, 0.0, 0.28412336070516436, 0.25365396880460556, 1,2, 1
0.8099514401649704, 0.0, 0.2885163685991016, 0.2615699617945904, 2,4, 2
0.8032994079691346, 0.0, 0.30553997414593986, 0.26262099394053523, 1,3, 1
0.8144083017361804, 0.0, 0.27674612680441857, 0.24650978946464053, 2,4, 2
0.8191977649171822, 0.0, 0.2654680273176766, 0.24057517373850942, 1,2, 1
0.822324220049225, 0.0, 0.2604122623427046, 0.23709325094454808, 1,2, 1
0.8271136832302268, 0.0, 0.25614922972436266, 0.2338541794393855, 4,2, 2
0.8248519922836427, 0.0, 0.273165134914674, 0.23737847354849115, 4,2, 2
0.8234550655225171, 0.0, 0.2723117998512872, 0.2384262037668066, 2,3, 2
0.8197299274928491, 0.0, 0.2762634502972104, 0.2521981841126151, 3,5, 3
0.8210603339320163, 0.0, 0.28157826321306656, 0.2465903565726172, 1,3, 1
0.8205281713563494, 0.0, 0.2832520845026459, 0.24029230885001326, 3,4, 3
0.8219916184394332, 0.0, 0.27684079261909533, 0.24665905510684966, 0,1, 0
0.8155391472094725, 0.0, 0.2705574672331983, 0.2454374059891957, 1,5, 1
0.8181999600878068, 0.0, 0.2715564533091329, 0.24440158922500785, 3,4, 3
0.8199960087806825, 0.0, 0.2775825044138129, 0.24177598347003346, 4,5, 4
0.8144083017361804, 0.0, 0.28751949270726374, 0.2503637873118392, 2,3, 2
0.8078227898623029, 0.0, 0.3074455712386186, 0.25784991537207785, 3,4, 3
0.8144748220581388, 0.0, 0.2950083651155164, 0.24467905460361097, 2,3, 2
0.8160713097851393, 0.0, 0.2820993595409522, 0.25140274412525504, 0,2, 0
0.8128118140091798, 0.0, 0.2819374974006745, 0.2506019704150148, 3,4, 3
0.8138761391605135, 0.0, 0.28309749654517474, 0.25262634976817117, 2,5, 2
0.8018359608860507, 0.0, 0.2984076753685699, 0.27159620773750887, 2,4, 2
0.8086210337258032, 0.0, 0.2903133096911176, 0.26008248094137837, 2,3, 2
0.8133439765848467, 0.0, 0.2732090659090951, 0.2512297937647682, 3,7, 3
0.8192642852391405, 0.0, 0.2507788457440033, 0.23601801326288183, 3,4, 3
0.8229229029468502, 0.0, 0.25721714408156965, 0.23280766773566097, 3,3, 3
0.8259163174349764, 0.0, 0.26486682919108023, 0.237961394369981, 5,4, 4
0.8229894232688086, 0.0, 0.2584514018008048, 0.23192964369759964, 2,5, 2
0.8262489190447682, 0.0, 0.24604977127757396, 0.22823340579305623, 0,1, 0
0.8259163174349764, 0.0, 0.24314727715273565, 0.2296554825756576, 3,3, 1
0.824718951639726, 0.0, 0.25871460834614557, 0.23697637545551536, 1,3, 1
0.8280449677376438, 0.0, 0.2570287004280022, 0.23529927868801742, 3,1, 1
0.8241202687421008, 0.0, 0.26014620292008944, 0.2378514053656077, 2,3, 1
0.8241867890640591, 0.0, 0.26244511608897986, 0.2382066849286294, 1,1, 1
0.8270471629082685, 0.0, 0.26314910188499707, 0.23062170086175354, 2,3, 2
0.8228563826248919, 0.0, 0.2762709874487424, 0.24085708911186493, 2,4, 2
0.10077828776691279, 0.0, 0.8944213325400786, 0.36684194226088074, 0,0, 0
0.34437570677842083, 0.0, 0.7112201481606398, 0.3410799182409119, 0,0, 0
0.4087673784341116, 0.0, 0.6971806637289398, 0.4729775149908507, 0,0, 0
0.4856648706179738, 0.0, 0.6322610598047365, 0.34665980283950004, 2,5, 2
0.5004323820927293, 0.0, 0.6058870704315806, 0.418832091499451, 0,1, 0
0.5222510476950708, 0.0, 0.5721992078967568, 0.3261317802614057, 3,4, 3
0.6566886183729129, 0.0, 0.4941301917467106, 0.305803991311322, 0,2, 0
0.6779086010776292, 0.0, 0.505659751104633, 0.36015144242504205, 1,5, 1
0.6481074968402847, 0.0, 0.5141906181916305, 0.3608237676379287, 1,3, 1
0.6050023282112685, 0.0, 0.5586947552649754, 0.39157725903700985, 2,4, 2
0.7329874276591498, 0.0, 0.43076345238004465, 0.3028869552781448, 0,1, 0
0.712765249783809, 0.0, 0.4682141004478417, 0.3384148134618391, 0,0, 0
0.7526774429588239, 0.0, 0.4186615490375859, 0.2760524350895437, 0,1, 0
0.7394398988891107, 0.0, 0.4311166898749995, 0.31390966458021113, 0,0, 0
0.7582651500033261, 0.0, 0.4012531917745234, 0.28083089369000247, 1,2, 1
0.7434976385285704, 0.0, 0.41015344476507787, 0.30692769198698583, 1,2, 1
0.7752278321027074, 0.0, 0.36440636948187444, 0.29388294346209404, 2,5, 2
0.7721013769706645, 0.0, 0.4055393030074803, 0.31805138841080544, 3,3, 3
0.7693075234484135, 0.0, 0.3788945467773345, 0.2879219572382377, 1,2, 1
0.7730991818000399, 0.0, 0.37271073668914767, 0.28851656261262815, 1,2, 1
0.7733652630878733, 0.0, 0.3755905220689659, 0.30566767685120255, 1,2, 1
0.7798842546397925, 0.0, 0.3417592356534848, 0.27291203041241263, 0,1, 0
0.7816803033326681, 0.0, 0.330410116986368, 0.2638170945797614, 1,2, 1
0.7876671323089204, 0.0, 0.32340812109999884, 0.265628081920183, 0,1, 0
0.7866028071575867, 0.0, 0.3172779998374282, 0.26274118045789224, 0,1, 0
0.7834098317035855, 0.0, 0.33803947848886023, 0.27645730289252435, 2,4, 2
0.7874675713430453, 0.0, 0.32554383583989116, 0.26285491629498314, 2,4, 2
0.7928557174216723, 0.0, 0.3455460121155681, 0.2897366003450059, 2,4, 2
0.8019690015299674, 0.0, 0.29662541994427827, 0.2499120818489339, 0,1, 0
0.8026342047495509, 0.0, 0.3030533981113492, 0.24420074908746522, 0,1, 0
0.8026342047495509, 0.0, 0.3101451664941007, 0.25830461855018205, 1,2, 1
0.8023016031397592, 0.0, 0.2994347976365493, 0.2514709124076742, 0,1, 0
0.7981108228563826, 0.0, 0.30770245448822237, 0.25510237014311776, 0,1, 0
0.8079558305062197, 0.0, 0.29709261372601525, 0.2498271951260244, 2,3, 2
0.8023681234617176, 0.0, 0.32576893486688635, 0.2657662425831669, 0,1, 0
0.8082884321160114, 0.0, 0.29235314243070354, 0.252114308918657, 1,2, 1
0.8058271802035522, 0.0, 0.28924415354518274, 0.255218553924995, 1,2, 1
0.8058937005255106, 0.0, 0.3035068993988731, 0.2598588590227312, 0,1, 0
0.8069580256768443, 0.0, 0.29866590795973763, 0.25752935674667865, 2,4, 2
0.8050954566620102, 0.0, 0.29091662615395475, 0.25456941379198444, 2,5, 2
0.7962482538415486, 0.0, 0.3050143395100744, 0.2659294168044197, 1,2, 1
0.8100179604869288, 0.0, 0.2839963817609158, 0.24678552377309118, 2,3, 2
0.8090866759795118, 0.0, 0.28923377605546513, 0.25016147650934445, 1,2, 1
0.8112153262821792, 0.0, 0.2745680029897562, 0.24531524552376985, 2,3, 2
0.8104170824186789, 0.0, 0.2865392021690496, 0.24484631753805328, 2,3, 2
0.8082219117940531, 0.0, 0.29123295042903363, 0.25305684445490534, 2,3, 2
0.8134770172287634, 0.0, 0.28070000905819437, 0.24526759625841443, 1,2, 1
0.8145413423800971, 0.0, 0.2784650541670029, 0.24698232991606864, 2,3, 2
0.8057606598815938, 0.0, 0.2933238548297257, 0.2609051750583707, 2,5, 2
0.8115479278919709, 0.0, 0.28841994248558445, 0.24430310613663458, 2,3, 2
0.8088205946916783, 0.0, 0.2823568107864045, 0.24628174237904157, 1,2, 1
0.8181999600878068, 0.0, 0.2687450143906965, 0.23548885451180404, 0,1, 0
0.8174682365462649, 0.0, 0.27315853402733464, 0.23353642591933194, 2,5, 2
0.8206612120002661, 0.0, 0.25676560668919235, 0.23602297439682318, 2,3, 2
0.821193374575933, 0.0, 0.28042884484163005, 0.23801500493140307, 2,3, 2
0.8235215858444754, 0.0, 0.2625983187866819, 0.2376618912656219, 1,2, 1
0.8226568216590169, 0.0, 0.278189742934192, 0.2391882765311796, 0,0, 0
0.8241867890640591, 0.0, 0.2577519944296603, 0.23292344795067554, 2,4, 2
0.8207277323222244, 0.0, 0.26918891031928216, 0.24027311792960457, 3,4, 3
0.8161378301070977, 0.0, 0.2837193523003003, 0.24319099770796374, 3,5, 3
0.8136100578726801, 0.0, 0.2854368986485543, 0.24626942620590533, 2,3, 2
0.8190647242732655, 0.0, 0.26763696171550544, 0.25560686533304705, 1,3, 1
0.8184660413756403, 0.0, 0.26776587766446264, 0.24628310608272883, 0,1, 0
0.8110822856382625, 0.0, 0.27546728369434825, 0.26067981448496796, 1,3, 1
0.8090201556575534, 0.0, 0.29030114783248046, 0.25903841355993906, 2,3, 2
0.8139426594824719, 0.0, 0.27756140942066676, 0.2535122916106964, 1,3, 1
0.8155391472094725, 0.0, 0.2793693396573752, 0.25154031175054287, 2,3, 2
0.8174682365462649, 0.0, 0.2704254198921011, 0.24405229260075254, 1,2, 1
0.8126787733652631, 0.0, 0.2785997387642242, 0.25423522082701483, 2,3, 2
0.8161378301070977, 0.0, 0.27135284624915706, 0.24750362940155232, 2,3, 2
0.8166699926827646, 0.0, 0.26703386646131105, 0.2447097327904552, 2,5, 2
0.8208607729661411, 0.0, 0.24512984223822257, 0.24047057915699543, 0,1, 0
0.8224572606931417, 0.0, 0.25838854513048815, 0.23683678947831166, 3,4, 3
0.8184660413756403, 0.0, 0.25748372931218666, 0.24383616104067396, 1,3, 1
0.8200625291026409, 0.0, 0.2604363230684167, 0.23869506406202481, 0,1, 0
0.8180669194438901, 0.0, 0.2687993416013218, 0.24439374060514282, 2,3, 2
0.8148739439898889, 0.0, 0.2734840819061756, 0.2533383678631393, 1,2, 1
0.8133439765848467, 0.0, 0.2695966134760729, 0.25335512736160365, 1,2, 1
0.8149404643118473, 0.0, 0.2743916470058052, 0.25326032409811133, 0,1, 0
0.8081553914720947, 0.0, 0.2810699387452144, 0.25727942161928824, 2,4, 2
0.8114814075700126, 0.0, 0.28416368122470703, 0.2524468822525699, 2,3, 2
0.8119470498237211, 0.0, 0.29313529097312274, 0.26059113902209813, 2,3, 2
0.8115479278919709, 0.0, 0.282416164100794, 0.2594412584630157, 0,1, 0
0.8166699926827646, 0.0, 0.27461433454452655, 0.24980542028230862, 1,2, 1
0.8148074236679306, 0.0, 0.2570164186623055, 0.2428023936161184, 1,4, 1
0.8172021552584314, 0.0, 0.2739542156229991, 0.24381698525258988, 1,3, 1
0.8156056675314308, 0.0, 0.27327936224508254, 0.2593872446608959, 0,1, 0
0.8155391472094725, 0.0, 0.2761296789439862, 0.2601116583322867, 0,1, 0
0.8163373910729728, 0.0, 0.27473491988931387, 0.24616116038059652, 1,3, 1
0.8203286103904743, 0.0, 0.2587370793539509, 0.2434577330596332, 1,2, 1
0.8205946916783077, 0.0, 0.2546351001225457, 0.24072626014745185, 1,2, 1
0.8214594558637663, 0.0, 0.25377113929552647, 0.24222414543159765, 2,4, 2
0.8209938136100579, 0.0, 0.26155097720179543, 0.2489478240022828, 3,4, 3
0.8233220248786004, 0.0, 0.26059017835918935, 0.2454652639799903, 2,3, 2
0.8228563826248919, 0.0, 0.2560242201936326, 0.2457913837109562, 2,3, 2
0.8253176345373512, 0.0, 0.2502036616103376, 0.24288114237348077, 1,2, 1
0.8197299274928491, 0.0, 0.26749798308531997, 0.24388400240689595, 2,3, 2
0.8148074236679306, 0.0, 0.27627604872310785, 0.25128841091349985, 1,2, 1
0.8090201556575534, 0.0, 0.27091208070231176, 0.2547632644624086, 2,4, 2
0.8067584647109692, 0.0, 0.2728934704935494, 0.25948658674691955, 1,2, 1
0.8099514401649704, 0.0, 0.2796496400944848, 0.25797076279006764, 1,2, 1
