acuracia,loss,frr,fpr, removed, n_clf, tp_removed
0.09825051553249518, 0.0, 0.8944041643372586, 0.40467750686587217, 0,0, 0
0.09958092197166234, 0.0, 0.8933638062721464, 0.5788335072305568, 4,7, 4
0.09991352358145414, 0.0, 0.9273376082964652, 0.5923988687467979, 7,7, 7
0.09991352358145414, 0.0, 0.9273376082964652, 0.588719126147697, 4,10, 4
0.09991352358145414, 0.0, 0.9273376082964652, 0.5894311459906091, 3,8, 3
0.09991352358145414, 0.0, 0.9273376082964652, 0.5910513660768978, 5,8, 5
0.09991352358145414, 0.0, 0.9273376082964652, 0.5889225509088805, 4,7, 4
0.09991352358145414, 0.0, 0.9273376082964652, 0.5897098302301758, 9,10, 9
0.09991352358145414, 0.0, 0.9273376082964652, 0.5888113417914772, 2,5, 2
0.09991352358145414, 0.0, 0.9273376082964652, 0.5900230364885388, 1,7, 1
0.09991352358145414, 0.0, 0.9273376082964652, 0.5886877547018082, 4,6, 4
0.09991352358145414, 0.0, 0.9273376082964652, 0.5892262387057893, 4,9, 4
0.09991352358145414, 0.0, 0.9273376082964652, 0.5891717132629644, 5,6, 5
0.09991352358145414, 0.0, 0.9273376082964652, 0.5890152407148644, 5,5, 5
0.09991352358145414, 0.0, 0.9273376082964652, 0.5922168082191681, 2,4, 2
0.09991352358145414, 0.0, 0.9273376082964652, 0.591146523506856, 5,10, 5
0.09991352358145414, 0.0, 0.9273376082964652, 0.5893749790963508, 6,9, 6
0.09991352358145414, 0.0, 0.9273376082964652, 0.5883043375474903, 6,9, 6
0.09991352358145414, 0.0, 0.9273376082964652, 0.5918392433545633, 7,9, 7
0.09904875939599547, 0.0, 0.8938837418790088, 0.5762530031766829, 4,5, 4
0.09904875939599547, 0.0, 0.8938837418790088, 0.5739046003000372, 1,6, 1
0.09904875939599547, 0.0, 0.8938837418790088, 0.5750257991395982, 9,11, 9
0.09904875939599547, 0.0, 0.8938837418790088, 0.5745079218236868, 4,6, 4
0.0996474422936207, 0.0, 0.9424463317291131, 0.5876580686613038, 2,3, 2
0.09991352358145414, 0.0, 0.9273376082964652, 0.5886248543222604, 2,5, 2
0.09991352358145414, 0.0, 0.9273376082964652, 0.5885466525283486, 7,9, 7
0.09904875939599547, 0.0, 0.8938837418790088, 0.574925632558391, 4,8, 4
0.09991352358145414, 0.0, 0.9273376082964652, 0.5922745612312523, 2,7, 2
0.09751879199095323, 0.0, 0.8947081975433878, 0.4999488674234202, 1,7, 1
0.09991352358145414, 0.0, 0.9273376082964652, 0.5929559913898514, 5,7, 5
0.09991352358145414, 0.0, 0.9273376082964652, 0.5891564826908592, 2,6, 2
0.0996474422936207, 0.0, 0.9424463317291131, 0.5847874732866957, 3,3, 3
0.09991352358145414, 0.0, 0.9273376082964652, 0.5934753869779142, 5,8, 5
0.09904875939599547, 0.0, 0.8938837418790088, 0.5728073618366407, 2,6, 2
0.10104436905474623, 0.0, 0.9241087954291843, 0.5593932987425927, 2,5, 2
0.10111088937670458, 0.0, 0.8784085571548317, 0.5322819177121367, 7,7, 7
0.09991352358145414, 0.0, 0.9273376082964652, 0.5859612832911428, 3,5, 3
0.09958092197166234, 0.0, 0.8933638062721464, 0.5753970811416681, 3,6, 3
0.09904875939599547, 0.0, 0.8938837418790088, 0.5770573545344595, 1,5, 1
0.09858311714228697, 0.0, 0.8945224723938655, 0.5633276557273118, 5,7, 5
0.09904875939599547, 0.0, 0.8995629656344997, 0.5627329093523776, 5,7, 5
0.09904875939599547, 0.0, 0.8998559030191661, 0.5663956262032349, 3,7, 3
0.09904875939599547, 0.0, 0.8938837418790088, 0.5771147564575847, 2,7, 2
0.09991352358145414, 0.0, 0.9273376082964652, 0.5935374017845929, 2,5, 2
0.10011308454732921, 0.0, 0.9169876307003884, 0.35762575175403155, 4,6, 4
0.09904875939599547, 0.0, 0.8938837418790088, 0.5724682508528857, 4,8, 4
0.09991352358145414, 0.0, 0.9273376082964652, 0.5907194060661203, 5,7, 5
0.09991352358145414, 0.0, 0.9273376082964652, 0.5917827170098412, 2,4, 2
0.09991352358145414, 0.0, 0.9273376082964652, 0.5910943843844869, 7,9, 7
0.09904875939599547, 0.0, 0.8938837418790088, 0.5780167631503123, 6,9, 6
0.09904875939599547, 0.0, 0.8938837418790088, 0.5730591232333557, 5,8, 5
0.09904875939599547, 0.0, 0.8938837418790088, 0.5724234228024273, 4,7, 4
0.09904875939599547, 0.0, 0.8938837418790088, 0.5720884582198527, 6,8, 6
0.09904875939599547, 0.0, 0.8938837418790088, 0.575883692741429, 2,5, 2
0.09904875939599547, 0.0, 0.8938837418790088, 0.5750503440257831, 3,5, 3
0.09904875939599547, 0.0, 0.8938837418790088, 0.5751090928591898, 0,6, 0
0.10051220647907935, 0.0, 0.8777699163158681, 0.5730282366387515, 0,6, 0
0.10051220647907935, 0.0, 0.8777699163158681, 0.57184577290282, 1,4, 1
0.10051220647907935, 0.0, 0.8777699163158681, 0.5744758118674969, 4,7, 4
0.09904875939599547, 0.0, 0.8938837418790088, 0.5729079774492232, 7,7, 7
0.10051220647907935, 0.0, 0.8777699163158681, 0.5726880810997338, 4,6, 4
0.10051220647907935, 0.0, 0.8777699163158681, 0.5728247050297335, 4,6, 4
0.10051220647907935, 0.0, 0.8777699163158681, 0.5828227123432997, 5,7, 5
0.10017960486928756, 0.0, 0.8835487229879121, 0.5725623417168592, 7,8, 7
0.10051220647907935, 0.0, 0.8777699163158681, 0.5731076356855952, 2,4, 2
0.10051220647907935, 0.0, 0.8777699163158681, 0.5763703157102051, 2,6, 2
0.09878267810816205, 0.0, 0.9000015148416551, 0.582625690493997, 3,11, 3
0.09878267810816205, 0.0, 0.9000015148416551, 0.5801237312320922, 2,5, 2
0.09878267810816205, 0.0, 0.9000015148416551, 0.5793194430405653, 3,4, 3
0.09878267810816205, 0.0, 0.9000015148416551, 0.5801862184352177, 3,4, 3
0.09878267810816205, 0.0, 0.9000015148416551, 0.5787484120356584, 4,6, 4
0.09878267810816205, 0.0, 0.9000015148416551, 0.5811892386597183, 5,8, 5
0.0996474422936207, 0.0, 0.9424463317291131, 0.5863317581573493, 5,6, 5
0.09878267810816205, 0.0, 0.9000015148416551, 0.5820762421470949, 4,9, 4
0.10024612519124593, 0.0, 0.88033626681359, 0.561632298454938, 4,7, 4
0.09971396261557906, 0.0, 0.9424222353435708, 0.5914263480940225, 4,9, 4
0.0996474422936207, 0.0, 0.9424463317291131, 0.591403297337165, 4,6, 4
0.0996474422936207, 0.0, 0.9424463317291131, 0.5912515944450684, 2,5, 2
0.0996474422936207, 0.0, 0.9424463317291131, 0.5909206246475298, 1,3, 1
0.0996474422936207, 0.0, 0.9424463317291131, 0.5872141725044628, 8,10, 8
0.0996474422936207, 0.0, 0.9424463317291131, 0.5917196839508021, 3,4, 3
0.0996474422936207, 0.0, 0.9424463317291131, 0.5878170732658035, 3,5, 3
0.0996474422936207, 0.0, 0.9424463317291131, 0.5858711995478741, 2,7, 2
0.10097784873278787, 0.0, 0.8896953824485279, 0.5765031805806361, 3,7, 3
0.10024612519124593, 0.0, 0.88033626681359, 0.5599128611689871, 4,7, 4
0.10017960486928756, 0.0, 0.8835487229879121, 0.5778072848037007, 6,8, 6
0.10017960486928756, 0.0, 0.8835487229879121, 0.5716966777302072, 4,7, 4
0.10017960486928756, 0.0, 0.8835487229879121, 0.576154090789852, 3,7, 3
0.10017960486928756, 0.0, 0.8835487229879121, 0.5725950088615614, 6,10, 6
0.10051220647907935, 0.0, 0.8777699163158681, 0.5747230786154988, 2,3, 2
0.10051220647907935, 0.0, 0.8777699163158681, 0.5805834462006232, 3,3, 3
0.10051220647907935, 0.0, 0.8777699163158681, 0.5771684742361693, 3,4, 3
0.10051220647907935, 0.0, 0.8777699163158681, 0.5725312004198456, 3,5, 3
0.10051220647907935, 0.0, 0.8777699163158681, 0.5778556918283406, 2,8, 2
0.0996474422936207, 0.0, 0.9424463317291131, 0.588689881170675, 4,6, 4
0.0996474422936207, 0.0, 0.9424463317291131, 0.589264602171394, 3,5, 3
0.0996474422936207, 0.0, 0.9424463317291131, 0.5852850317622817, 1,5, 1
0.0996474422936207, 0.0, 0.9424463317291131, 0.5834931857236116, 5,6, 5
0.0996474422936207, 0.0, 0.9424463317291131, 0.5870741130381477, 4,8, 4
0.0996474422936207, 0.0, 0.9424463317291131, 0.5870931224703536, 2,6, 2
0.0996474422936207, 0.0, 0.9424463317291131, 0.5877442587032179, 3,6, 3
0.09266280848799308, 0.0, 0.9142707797011692, 0.37465699368518324, 0,0, 0
0.11541275859775162, 0.0, 0.8837859549505328, 0.3918822683774528, 3,7, 3
0.09958092197166234, 0.0, 0.9424651287215942, 0.5899821025268733, 0,7, 0
0.09878267810816205, 0.0, 0.9000015148416551, 0.5812508494479092, 5,7, 5
0.09878267810816205, 0.0, 0.9000015148416551, 0.5850428614393306, 2,4, 2
0.10111088937670458, 0.0, 0.9116167084157132, 0.5819312691508335, 2,3, 2
0.09958092197166234, 0.0, 0.9424651287215942, 0.5905168773446093, 1,4, 1
0.09991352358145414, 0.0, 0.9273376082964652, 0.5882014154624998, 4,8, 4
0.09991352358145414, 0.0, 0.9273376082964652, 0.595643163984304, 2,4, 2
0.09991352358145414, 0.0, 0.9273376082964652, 0.589649023049861, 6,7, 6
0.09904875939599547, 0.0, 0.8938837418790088, 0.5705724410395271, 2,6, 2
0.09904875939599547, 0.0, 0.8938837418790088, 0.5734342364351723, 4,6, 4
0.09904875939599547, 0.0, 0.8938837418790088, 0.57083215886593, 4,7, 4
0.09958092197166234, 0.0, 0.9424651287215942, 0.5883613589016328, 3,5, 3
0.10896028736779086, 0.0, 0.9300506546672982, 0.4302799077057978, 3,5, 3
0.10623295416749817, 0.0, 0.9361939557470869, 0.48907768706145205, 3,6, 3
0.0996474422936207, 0.0, 0.9424463317291131, 0.5990088745293164, 2,4, 2
0.09904875939599547, 0.0, 0.8938837418790088, 0.572027950433471, 5,6, 5
0.09904875939599547, 0.0, 0.8938837418790088, 0.5751226636973423, 7,8, 7
0.09904875939599547, 0.0, 0.8938837418790088, 0.5727529777054481, 4,4, 4
0.09904875939599547, 0.0, 0.8938837418790088, 0.5747664414910186, 3,8, 3
0.0996474422936207, 0.0, 0.9424463317291131, 0.5885757299411944, 6,8, 6
0.0996474422936207, 0.0, 0.9424463317291131, 0.5874037327679889, 4,9, 4
0.0996474422936207, 0.0, 0.9424463317291131, 0.5870596553844273, 4,8, 4
0.10111088937670458, 0.0, 0.9116167084157132, 0.57676635243979, 3,6, 3
0.0996474422936207, 0.0, 0.9424463317291131, 0.5882331109683506, 2,4, 2
0.0996474422936207, 0.0, 0.9424463317291131, 0.586741102578706, 2,3, 2
0.09904875939599547, 0.0, 0.8938837418790088, 0.5748571664832595, 4,7, 4
0.0996474422936207, 0.0, 0.9424463317291131, 0.5894123274516193, 2,4, 2
0.09904875939599547, 0.0, 0.8938837418790088, 0.5731326417028202, 3,6, 3
0.0996474422936207, 0.0, 0.9424463317291131, 0.5879770237722325, 2,3, 2
0.0996474422936207, 0.0, 0.9424463317291131, 0.5925158454467472, 2,7, 2
0.0996474422936207, 0.0, 0.9424463317291131, 0.5883208692931873, 2,3, 2
0.0996474422936207, 0.0, 0.9424463317291131, 0.5909519347705994, 8,9, 8
0.09951440164970399, 0.0, 0.9425345768173581, 0.5899403523341982, 2,8, 2
0.0996474422936207, 0.0, 0.9424463317291131, 0.5880512451705036, 8,9, 8
0.0996474422936207, 0.0, 0.9424463317291131, 0.5903068834978341, 2,6, 2
0.09904875939599547, 0.0, 0.8938837418790088, 0.5739685834033063, 2,6, 2
0.09978048293753741, 0.0, 0.9419803098936361, 0.5829224805936493, 2,5, 2
0.0996474422936207, 0.0, 0.9424463317291131, 0.5883138934102647, 4,6, 4
0.0996474422936207, 0.0, 0.9424463317291131, 0.5867684875243718, 1,4, 1
0.0996474422936207, 0.0, 0.9424463317291131, 0.5873335642625918, 1,3, 1
0.0996474422936207, 0.0, 0.9424463317291131, 0.589650563829837, 5,7, 5
0.0996474422936207, 0.0, 0.9424463317291131, 0.591449916595067, 4,7, 4
0.09904875939599547, 0.0, 0.8938837418790088, 0.5747135103293907, 6,7, 6
0.09904875939599547, 0.0, 0.8938837418790088, 0.5742507983207952, 4,6, 4
0.09904875939599547, 0.0, 0.8938837418790088, 0.5675718124384345, 5,8, 5
0.09904875939599547, 0.0, 0.8938837418790088, 0.5743365489260972, 3,4, 3
0.09904875939599547, 0.0, 0.8938837418790088, 0.5774300090229189, 4,5, 4
0.0996474422936207, 0.0, 0.9424463317291131, 0.5877018383128649, 2,4, 2
0.1068316370651234, 0.0, 0.9039480376325707, 0.5170969695445372, 4,6, 4
0.09878267810816205, 0.0, 0.9000015148416551, 0.5803472916991818, 2,4, 2
0.09878267810816205, 0.0, 0.9000015148416551, 0.578558807007484, 5,7, 5
0.09878267810816205, 0.0, 0.9000015148416551, 0.5813914120165498, 2,4, 2
0.09878267810816205, 0.0, 0.9000015148416551, 0.5804982067614821, 4,8, 4
0.09359409299541009, 0.0, 0.9305539198502748, 0.49254548332674025, 2,7, 2
0.10051220647907935, 0.0, 0.8777699163158681, 0.5759786512614088, 7,7, 7
0.0996474422936207, 0.0, 0.9424463317291131, 0.5891791620618553, 2,5, 2
0.09991352358145414, 0.0, 0.9273376082964652, 0.5896444898363322, 3,5, 3
0.10051220647907935, 0.0, 0.8777699163158681, 0.5784763872023521, 6,6, 6
0.10051220647907935, 0.0, 0.8777699163158681, 0.578148551712169, 4,5, 4
0.0996474422936207, 0.0, 0.9424463317291131, 0.5881535867626284, 3,5, 3
0.10051220647907935, 0.0, 0.8777699163158681, 0.5741920139136173, 2,4, 2
0.0996474422936207, 0.0, 0.9424463317291131, 0.5917843793849825, 3,4, 3
0.09904875939599547, 0.0, 0.8938837418790088, 0.5752768378033043, 1,4, 1
0.09904875939599547, 0.0, 0.8938837418790088, 0.5800141984851873, 4,6, 4
0.09904875939599547, 0.0, 0.8938837418790088, 0.5732085032243506, 2,3, 2
0.0996474422936207, 0.0, 0.9424463317291131, 0.5892956596106349, 4,5, 4
0.09904875939599547, 0.0, 0.8938837418790088, 0.5710405270552992, 4,5, 4
0.09904875939599547, 0.0, 0.8938837418790088, 0.5769959563317247, 4,9, 4
0.09904875939599547, 0.0, 0.8938837418790088, 0.5729724562948539, 1,2, 1
0.09904875939599547, 0.0, 0.8938837418790088, 0.5773449035403453, 6,10, 6
0.09904875939599547, 0.0, 0.8938837418790088, 0.5730183302903294, 2,9, 2
0.09904875939599547, 0.0, 0.8938837418790088, 0.5778643660816783, 2,3, 2
0.09904875939599547, 0.0, 0.8938837418790088, 0.5757894098502724, 2,6, 2
0.09904875939599547, 0.0, 0.8938837418790088, 0.5779662085126841, 4,6, 4
0.09904875939599547, 0.0, 0.8938837418790088, 0.5761013406656008, 2,4, 2
0.09904875939599547, 0.0, 0.8938837418790088, 0.5739555312015547, 3,7, 3
0.09904875939599547, 0.0, 0.8938837418790088, 0.5761195735085345, 4,4, 4
0.09904875939599547, 0.0, 0.8938837418790088, 0.5727752677750716, 5,9, 5
0.09904875939599547, 0.0, 0.8938837418790088, 0.5708138635437465, 5,8, 5
0.09904875939599547, 0.0, 0.8938837418790088, 0.5741681145456169, 5,5, 5
0.09904875939599547, 0.0, 0.8938837418790088, 0.575146022784195, 3,6, 3
0.09904875939599547, 0.0, 0.8938837418790088, 0.5742727742458057, 1,3, 1
0.09904875939599547, 0.0, 0.8938837418790088, 0.5759381118118329, 2,7, 2
0.0996474422936207, 0.0, 0.9424463317291131, 0.5890194148867676, 4,4, 4
0.09904875939599547, 0.0, 0.8938837418790088, 0.5731371561512205, 2,6, 2
0.09904875939599547, 0.0, 0.8938837418790088, 0.5756407919988713, 5,9, 5
0.09904875939599547, 0.0, 0.8938837418790088, 0.5742343497750844, 1,3, 1
0.09904875939599547, 0.0, 0.8938837418790088, 0.5745650357859698, 3,5, 3
0.09904875939599547, 0.0, 0.8938837418790088, 0.5714432459296972, 2,4, 2
0.09904875939599547, 0.0, 0.8938837418790088, 0.5752568383895046, 2,10, 2
0.10111088937670458, 0.0, 0.9116167084157132, 0.5772928427775765, 2,5, 2
0.09904875939599547, 0.0, 0.8938837418790088, 0.5796559709319477, 3,6, 3
0.09904875939599547, 0.0, 0.8938837418790088, 0.5741491639150644, 3,4, 3
0.10024612519124593, 0.0, 0.88033626681359, 0.5595408937352349, 4,5, 4
0.09904875939599547, 0.0, 0.8938837418790088, 0.5743786811524113, 1,5, 1
0.09904875939599547, 0.0, 0.8938837418790088, 0.5738123735574494, 4,7, 4
0.09904875939599547, 0.0, 0.8938837418790088, 0.5784893836261726, 3,9, 3
0.09904875939599547, 0.0, 0.8938837418790088, 0.5740365055039403, 5,8, 5
0.09904875939599547, 0.0, 0.8938837418790088, 0.5746010480929962, 2,3, 2
0.10031264551320429, 0.0, 0.8817123114680165, 0.47165397770238743, 0,0, 0
0.09904875939599547, 0.0, 0.8938837418790088, 0.5718543598626756, 2,5, 2
0.09991352358145414, 0.0, 0.9273376082964652, 0.589679707297107, 0,6, 0
0.09991352358145414, 0.0, 0.9273376082964652, 0.5942905623359251, 4,8, 4
0.09991352358145414, 0.0, 0.9273376082964652, 0.58873759523478, 2,5, 2
0.09991352358145414, 0.0, 0.9273376082964652, 0.5870878967756308, 3,6, 3
0.09991352358145414, 0.0, 0.9273376082964652, 0.5903611609844553, 4,5, 4
0.09991352358145414, 0.0, 0.9273376082964652, 0.5888764525602567, 2,5, 2
0.09991352358145414, 0.0, 0.9273376082964652, 0.5860792151605698, 5,8, 5
0.09991352358145414, 0.0, 0.9273376082964652, 0.5852844197141074, 3,5, 3
0.09991352358145414, 0.0, 0.9273376082964652, 0.5898395500938689, 2,9, 2
0.09991352358145414, 0.0, 0.9273376082964652, 0.5895722464828846, 2,9, 2
0.09991352358145414, 0.0, 0.9273376082964652, 0.5878752190665897, 2,5, 2
0.09991352358145414, 0.0, 0.9273376082964652, 0.5913639463412403, 4,5, 4
0.09991352358145414, 0.0, 0.9273376082964652, 0.5916072171905057, 2,4, 2
0.09991352358145414, 0.0, 0.9273376082964652, 0.5881826750091125, 3,7, 3
0.09991352358145414, 0.0, 0.9273376082964652, 0.5914430687210919, 3,7, 3
0.09991352358145414, 0.0, 0.9273376082964652, 0.5908866674660271, 11,11, 11
0.09991352358145414, 0.0, 0.9273376082964652, 0.5866338891733708, 5,7, 5
0.09991352358145414, 0.0, 0.9273376082964652, 0.590063689837404, 5,8, 5
0.10051220647907935, 0.0, 0.8777699163158681, 0.575017471135532, 0,7, 0
0.09904875939599547, 0.0, 0.8938837418790088, 0.5709415039831761, 3,4, 3
0.09904875939599547, 0.0, 0.8938837418790088, 0.5757741288942633, 3,6, 3
0.10051220647907935, 0.0, 0.8777699163158681, 0.5728000645467736, 4,9, 4
0.10051220647907935, 0.0, 0.8777699163158681, 0.576942779218387, 2,5, 2
0.10051220647907935, 0.0, 0.8777699163158681, 0.5769711619808581, 4,6, 4
0.10051220647907935, 0.0, 0.8777699163158681, 0.5786720601547433, 2,3, 2
0.10051220647907935, 0.0, 0.8777699163158681, 0.5730874478229481, 4,7, 4
0.10051220647907935, 0.0, 0.8777699163158681, 0.5749639114045269, 6,8, 6
0.10051220647907935, 0.0, 0.8777699163158681, 0.5771648178423309, 3,5, 3
0.10051220647907935, 0.0, 0.8777699163158681, 0.5742306150502503, 8,10, 8
0.10051220647907935, 0.0, 0.8777699163158681, 0.5728946357728165, 5,7, 5
0.09991352358145414, 0.0, 0.9273376082964652, 0.5879052187663573, 2,2, 2
0.10051220647907935, 0.0, 0.8777699163158681, 0.5756365662603262, 1,7, 1
0.10051220647907935, 0.0, 0.8777699163158681, 0.5755201253859529, 6,9, 6
0.10051220647907935, 0.0, 0.8777699163158681, 0.5755318174970487, 1,6, 1
0.09991352358145414, 0.0, 0.9273376082964652, 0.5957089932681725, 2,10, 0
0.09991352358145414, 0.0, 0.9273376082964652, 0.5933854546951908, 1,4, 1
0.09991352358145414, 0.0, 0.9273376082964652, 0.5901237632771668, 4,7, 4
0.09991352358145414, 0.0, 0.9273376082964652, 0.5982824602017659, 6,8, 6
0.09984700325949578, 0.0, 0.9274145313733883, 0.5889736115827965, 4,7, 4
0.09958092197166234, 0.0, 0.8933638062721464, 0.5779392049085268, 4,8, 4
0.09958092197166234, 0.0, 0.8933638062721464, 0.5761125747013317, 4,6, 4
0.09958092197166234, 0.0, 0.8933638062721464, 0.5777188584336492, 5,9, 5
0.09958092197166234, 0.0, 0.8933638062721464, 0.5748459400162962, 2,7, 2
0.09991352358145414, 0.0, 0.9273376082964652, 0.5926773302442201, 5,6, 5
0.09878267810816205, 0.0, 0.9000015148416551, 0.5807895586615061, 5,7, 5
0.10017960486928756, 0.0, 0.8835487229879121, 0.5703858273798356, 2,7, 2
0.09991352358145414, 0.0, 0.9273376082964652, 0.5939882397764321, 6,7, 6
0.09991352358145414, 0.0, 0.9273376082964652, 0.5893150176471423, 3,4, 3
0.10097784873278787, 0.0, 0.8896953824485279, 0.5733278646055586, 2,11, 2
0.09904875939599547, 0.0, 0.8938837418790088, 0.5716454634872903, 0,7, 0
0.09904875939599547, 0.0, 0.8938837418790088, 0.5731558324698174, 3,4, 3
0.09911527971795384, 0.0, 0.893832980457689, 0.5757496361164242, 3,8, 3
0.09991352358145414, 0.0, 0.9273376082964652, 0.5876981961719574, 5,9, 5
0.10031264551320429, 0.0, 0.8778054163326848, 0.5671894992655107, 2,7, 2
0.10051220647907935, 0.0, 0.8777699163158681, 0.5733958855125, 5,8, 5
0.10051220647907935, 0.0, 0.8777699163158681, 0.5756916749866512, 6,8, 6
0.10051220647907935, 0.0, 0.8777699163158681, 0.5736353508071544, 2,8, 2
0.10051220647907935, 0.0, 0.8777699163158681, 0.5712685774721238, 4,8, 4
0.10051220647907935, 0.0, 0.8777699163158681, 0.5731193253211951, 5,8, 5
0.0996474422936207, 0.0, 0.9424463317291131, 0.5881131943216409, 3,6, 3
0.09958092197166234, 0.0, 0.8933638062721464, 0.5790066402339993, 4,9, 4
0.09958092197166234, 0.0, 0.8933638062721464, 0.5814394430722508, 3,7, 3
0.10024612519124593, 0.0, 0.88033626681359, 0.5631853532773249, 3,7, 3
0.10024612519124593, 0.0, 0.88033626681359, 0.5601255218900658, 3,7, 3
0.10024612519124593, 0.0, 0.88033626681359, 0.5605277579939542, 9,10, 9
0.10024612519124593, 0.0, 0.88033626681359, 0.5583715575065326, 6,11, 6
0.10024612519124593, 0.0, 0.88033626681359, 0.5600075238955745, 9,11, 9
0.10024612519124593, 0.0, 0.88033626681359, 0.5600863550333054, 4,6, 4
0.10024612519124593, 0.0, 0.88033626681359, 0.5674036453276617, 5,10, 5
0.10024612519124593, 0.0, 0.88033626681359, 0.5652555884150644, 4,6, 4
0.10024612519124593, 0.0, 0.88033626681359, 0.5591025922172571, 4,7, 4
0.10024612519124593, 0.0, 0.88033626681359, 0.5601719185344918, 8,11, 8
0.10024612519124593, 0.0, 0.88033626681359, 0.5597356634945135, 3,6, 3
0.09904875939599547, 0.0, 0.8938837418790088, 0.575589004876443, 3,8, 3
0.10051220647907935, 0.0, 0.8777699163158681, 0.5717721758094426, 3,8, 3
0.10051220647907935, 0.0, 0.8777699163158681, 0.5733046108057708, 4,7, 4
0.10024612519124593, 0.0, 0.88033626681359, 0.5590767934840366, 2,6, 2
0.10024612519124593, 0.0, 0.88033626681359, 0.5609912898312479, 5,8, 5
0.10111088937670458, 0.0, 0.9116167084157132, 0.5806817933954028, 5,5, 5
0.10111088937670458, 0.0, 0.9116167084157132, 0.5806342514472655, 3,7, 3
0.10111088937670458, 0.0, 0.9116167084157132, 0.5835821202633023, 4,6, 4
0.10111088937670458, 0.0, 0.9116167084157132, 0.5782216456992098, 4,7, 4
0.10111088937670458, 0.0, 0.9116167084157132, 0.579036443659974, 6,10, 6
0.10017960486928756, 0.0, 0.8835487229879121, 0.5752298119306151, 10,13, 10
0.10077828776691279, 0.0, 0.8836453301709735, 0.5676677705418738, 0,9, 0
0.10017960486928756, 0.0, 0.8835487229879121, 0.5751657550359206, 9,9, 9
0.10017960486928756, 0.0, 0.8835487229879121, 0.5754673162492719, 5,5, 5
0.09991352358145414, 0.0, 0.9273376082964652, 0.5891146944673683, 8,8, 8
0.0996474422936207, 0.0, 0.9424463317291131, 0.589408695963292, 6,6, 6
0.09991352358145414, 0.0, 0.9273376082964652, 0.5901588893607292, 6,6, 6
0.09991352358145414, 0.0, 0.9273376082964652, 0.5919071436091219, 6,6, 6
0.09991352358145414, 0.0, 0.9273376082964652, 0.5864783837427104, 6,6, 6
0.09991352358145414, 0.0, 0.9273376082964652, 0.5906054353212614, 7,7, 7
0.09991352358145414, 0.0, 0.9273376082964652, 0.5893237781041029, 5,5, 5
0.09991352358145414, 0.0, 0.9273376082964652, 0.5916563907468493, 8,8, 8
0.09991352358145414, 0.0, 0.9273376082964652, 0.591218920270409, 5,5, 5
0.09991352358145414, 0.0, 0.9273376082964652, 0.5902353925624267, 8,8, 8
0.09991352358145414, 0.0, 0.9273376082964652, 0.5873218477733889, 9,9, 9
0.09991352358145414, 0.0, 0.9273376082964652, 0.5892135624232256, 8,8, 8
0.10836160447016563, 0.0, 0.8921704768732954, 0.28092798334287095, 0,0, 0
0.09991352358145414, 0.0, 0.9273376082964652, 0.590428185939035, 7,9, 7
0.09958092197166234, 0.0, 0.8933638062721464, 0.5774262138203283, 0,5, 0
0.09958092197166234, 0.0, 0.8933638062721464, 0.5773743087470617, 2,4, 2
0.09991352358145414, 0.0, 0.9273376082964652, 0.5910450051958229, 6,9, 6
0.09991352358145414, 0.0, 0.9273376082964652, 0.5905940967368181, 3,5, 3
0.09991352358145414, 0.0, 0.9273376082964652, 0.5886884789011878, 4,8, 4
0.09991352358145414, 0.0, 0.9273376082964652, 0.5923068049185849, 3,6, 3
0.09991352358145414, 0.0, 0.9273376082964652, 0.5901128573483997, 5,7, 5
0.09991352358145414, 0.0, 0.9273376082964652, 0.5925447878586703, 2,6, 2
0.09991352358145414, 0.0, 0.9273376082964652, 0.5895080625043064, 2,6, 2
0.10017960486928756, 0.0, 0.8835487229879121, 0.5688748124814067, 7,7, 7
0.09991352358145414, 0.0, 0.9273376082964652, 0.5891009039174081, 4,9, 4
0.09991352358145414, 0.0, 0.9273376082964652, 0.5931618066279398, 6,10, 6
0.10017960486928756, 0.0, 0.8835487229879121, 0.5752359324716952, 2,2, 2
0.10017960486928756, 0.0, 0.8835487229879121, 0.5744558102183939, 2,5, 2
0.10017960486928756, 0.0, 0.8835487229879121, 0.5749784228236947, 3,5, 3
0.10017960486928756, 0.0, 0.8835487229879121, 0.5776121569286257, 4,9, 4
0.10111088937670458, 0.0, 0.9116167084157132, 0.5803478336719405, 1,4, 1
0.10111088937670458, 0.0, 0.9116167084157132, 0.5827660842838776, 6,9, 6
0.10111088937670458, 0.0, 0.9116167084157132, 0.578065962229995, 2,6, 2
0.1012439300206213, 0.0, 0.9263070110113769, 0.5811889153515949, 5,6, 5
0.1009113284108295, 0.0, 0.8897700093141995, 0.5742933095754659, 6,8, 6
0.10423734450874743, 0.0, 0.8937011066176715, 0.39574965169346316, 2,7, 2
0.10017960486928756, 0.0, 0.8835487229879121, 0.5704765475424047, 3,7, 3
0.10017960486928756, 0.0, 0.8835487229879121, 0.576876606831268, 2,6, 2
0.09991352358145414, 0.0, 0.9273376082964652, 0.590015386066999, 2,6, 2
0.09904875939599547, 0.0, 0.8938837418790088, 0.5760151423394736, 2,5, 2
0.09991352358145414, 0.0, 0.9273376082964652, 0.5923152986257539, 3,8, 3
0.10097784873278787, 0.0, 0.8896953824485279, 0.5759923971907122, 5,7, 5
0.10017960486928756, 0.0, 0.8835487229879121, 0.5773617569856685, 7,9, 7
0.09904875939599547, 0.0, 0.8938837418790088, 0.5751641164460047, 8,11, 8
0.10017960486928756, 0.0, 0.8835487229879121, 0.5789415789491803, 6,8, 6
0.10017960486928756, 0.0, 0.8835487229879121, 0.5806125601595249, 2,4, 2
0.10024612519124593, 0.0, 0.88033626681359, 0.5563398814484612, 4,6, 4
0.10024612519124593, 0.0, 0.88033626681359, 0.5601229877099159, 5,7, 5
0.12253043304729595, 0.0, 0.9020237063940713, 0.47608881450727725, 2,6, 2
0.10111088937670458, 0.0, 0.9116167084157132, 0.5818807935065388, 2,6, 2
0.09958092197166234, 0.0, 0.8933638062721464, 0.580561912586703, 0,7, 0
0.09991352358145414, 0.0, 0.9273376082964652, 0.5889679677926862, 8,8, 8
0.09991352358145414, 0.0, 0.9273376082964652, 0.5934909267214562, 6,6, 6
0.09991352358145414, 0.0, 0.9273376082964652, 0.5919018724601987, 5,5, 5
0.10051220647907935, 0.0, 0.8777699163158681, 0.5741285911324627, 7,7, 7
0.10051220647907935, 0.0, 0.8777699163158681, 0.5714017302342386, 9,9, 9
0.09991352358145414, 0.0, 0.9273376082964652, 0.5886615811194382, 8,8, 8
0.09991352358145414, 0.0, 0.9273376082964652, 0.5915799917521339, 9,9, 9
0.09991352358145414, 0.0, 0.9273376082964652, 0.5905501923218032, 8,8, 8
0.09991352358145414, 0.0, 0.9273376082964652, 0.5904791373857644, 6,6, 6
0.09991352358145414, 0.0, 0.9273376082964652, 0.5894026743525962, 6,6, 6
0.09991352358145414, 0.0, 0.9273376082964652, 0.5905696098735456, 8,8, 8
0.09991352358145414, 0.0, 0.9273376082964652, 0.5879621926651445, 11,11, 11
0.09991352358145414, 0.0, 0.9273376082964652, 0.5886982157902536, 11,11, 11
0.09991352358145414, 0.0, 0.9273376082964652, 0.5928241377854137, 4,4, 4
0.09991352358145414, 0.0, 0.9273376082964652, 0.6001272316279039, 5,5, 5
0.09991352358145414, 0.0, 0.9273376082964652, 0.5905024201456018, 8,8, 8
0.09991352358145414, 0.0, 0.9273376082964652, 0.5925578813815306, 4,4, 4
0.09991352358145414, 0.0, 0.9273376082964652, 0.5898983992621283, 8,8, 8
0.09991352358145414, 0.0, 0.9273376082964652, 0.5909302424721486, 5,5, 5
0.09991352358145414, 0.0, 0.9273376082964652, 0.5940643466751088, 7,7, 7
0.09991352358145414, 0.0, 0.9273376082964652, 0.5928291742513628, 11,11, 11
0.09991352358145414, 0.0, 0.9273376082964652, 0.5923107621035864, 4,4, 4
0.09991352358145414, 0.0, 0.9273376082964652, 0.5921560505331307, 6,6, 6
0.09991352358145414, 0.0, 0.9273376082964652, 0.5881413849375912, 9,9, 9
0.09991352358145414, 0.0, 0.9273376082964652, 0.586297904707154, 6,6, 6
0.09991352358145414, 0.0, 0.9273376082964652, 0.5881525364521355, 6,6, 6
0.09991352358145414, 0.0, 0.9273376082964652, 0.5908187075286935, 9,9, 9
0.09991352358145414, 0.0, 0.9273376082964652, 0.591081381896271, 6,6, 6
0.09991352358145414, 0.0, 0.9273376082964652, 0.588775184398697, 7,7, 7
0.09991352358145414, 0.0, 0.9273376082964652, 0.5859612232350434, 6,6, 6
0.09991352358145414, 0.0, 0.9273376082964652, 0.5911204423938063, 6,6, 6
0.09991352358145414, 0.0, 0.9273376082964652, 0.5866844006247522, 4,4, 4
0.09991352358145414, 0.0, 0.9273376082964652, 0.5897872695319145, 7,7, 7
0.09991352358145414, 0.0, 0.9273376082964652, 0.5909183999239696, 4,4, 4
0.09991352358145414, 0.0, 0.9273376082964652, 0.5903034647550705, 6,6, 6
0.09991352358145414, 0.0, 0.9273376082964652, 0.5892021061924909, 6,6, 6
0.09904875939599547, 0.0, 0.8938837418790088, 0.5722419644493847, 6,6, 6
0.09904875939599547, 0.0, 0.8938837418790088, 0.5738781659048608, 4,4, 4
0.09904875939599547, 0.0, 0.8938837418790088, 0.5738469000448594, 9,9, 9
0.09904875939599547, 0.0, 0.8938837418790088, 0.5734018004157814, 4,4, 4
0.09904875939599547, 0.0, 0.8938837418790088, 0.5709984534191918, 10,10, 10
0.09904875939599547, 0.0, 0.8938837418790088, 0.5705736143108608, 7,7, 7
0.09904875939599547, 0.0, 0.8938837418790088, 0.5746548187564062, 5,5, 5
0.09904875939599547, 0.0, 0.8938837418790088, 0.5753770384977507, 8,8, 8
0.10051220647907935, 0.0, 0.8777699163158681, 0.5760791354632944, 8,8, 8
0.09904875939599547, 0.0, 0.8938837418790088, 0.5783734383060842, 7,7, 7
0.09904875939599547, 0.0, 0.8938837418790088, 0.5717721016992755, 9,9, 9
0.09904875939599547, 0.0, 0.8938837418790088, 0.5742205675591578, 4,4, 4
0.09991352358145414, 0.0, 0.9273376082964652, 0.5900853133655515, 7,7, 7
0.09904875939599547, 0.0, 0.8938837418790088, 0.5755326106853772, 7,7, 7
0.09904875939599547, 0.0, 0.8938837418790088, 0.5743638859910847, 5,5, 5
0.09904875939599547, 0.0, 0.8938837418790088, 0.5737385118431302, 7,7, 7
0.09904875939599547, 0.0, 0.8938837418790088, 0.5771272564054771, 8,8, 8
0.09904875939599547, 0.0, 0.8938837418790088, 0.5752465337170534, 10,10, 10
0.09904875939599547, 0.0, 0.8938837418790088, 0.5731141021421908, 5,5, 5
0.09991352358145414, 0.0, 0.9273376082964652, 0.5936223971089889, 12,12, 12
0.09991352358145414, 0.0, 0.9273376082964652, 0.5892427472036681, 5,5, 5
0.09991352358145414, 0.0, 0.9273376082964652, 0.5943066988040787, 8,8, 8
0.09991352358145414, 0.0, 0.9273376082964652, 0.5887781673981843, 8,8, 8
0.09991352358145414, 0.0, 0.9273376082964652, 0.5908588254089903, 6,6, 6
0.09991352358145414, 0.0, 0.9273376082964652, 0.5959021872188847, 7,7, 7
0.09991352358145414, 0.0, 0.9273376082964652, 0.5926074510617171, 5,5, 5
0.10403778354287235, 0.0, 0.8956375096706843, 0.32365040281498353, 0,0, 0
0.10017960486928756, 0.0, 0.8835487229879121, 0.5735080273557791, 6,11, 6
0.10111088937670458, 0.0, 0.9116167084157132, 0.5853087493508436, 7,7, 7
0.10111088937670458, 0.0, 0.9116167084157132, 0.5815690747890457, 2,8, 2
0.10111088937670458, 0.0, 0.9116167084157132, 0.5795841691717426, 2,10, 2
0.10111088937670458, 0.0, 0.9116167084157132, 0.578975491889016, 2,6, 2
0.10111088937670458, 0.0, 0.9116167084157132, 0.5831716427913667, 2,5, 2
0.10111088937670458, 0.0, 0.9116167084157132, 0.5829471325094617, 2,6, 2
0.10111088937670458, 0.0, 0.9116167084157132, 0.5861886603825684, 3,6, 3
0.10111088937670458, 0.0, 0.9116167084157132, 0.5784095225497787, 3,8, 3
0.10111088937670458, 0.0, 0.9116167084157132, 0.581732470496333, 1,3, 1
0.10111088937670458, 0.0, 0.9116167084157132, 0.5810079157245921, 2,6, 2
0.10111088937670458, 0.0, 0.9116167084157132, 0.5790057217647113, 2,11, 2
0.10111088937670458, 0.0, 0.9116167084157132, 0.5832510263353314, 3,8, 3
0.10111088937670458, 0.0, 0.9116167084157132, 0.5840266959000775, 3,6, 3
0.10111088937670458, 0.0, 0.9116167084157132, 0.5843982443008753, 2,5, 2
0.10111088937670458, 0.0, 0.9116167084157132, 0.5807220299736668, 2,6, 2
0.10111088937670458, 0.0, 0.9116167084157132, 0.5776939441185391, 3,6, 3
0.10111088937670458, 0.0, 0.9116167084157132, 0.576117508529428, 2,6, 2
0.10111088937670458, 0.0, 0.9116167084157132, 0.5825694560378265, 3,9, 3
0.10111088937670458, 0.0, 0.9116167084157132, 0.5851666055539565, 2,7, 2
0.10111088937670458, 0.0, 0.9116167084157132, 0.5771058208565153, 2,5, 2
0.10111088937670458, 0.0, 0.9116167084157132, 0.581192077958455, 2,5, 2
0.10111088937670458, 0.0, 0.9116167084157132, 0.5866067814785454, 2,6, 2
0.10111088937670458, 0.0, 0.9116167084157132, 0.5794953926082075, 3,9, 3
0.10111088937670458, 0.0, 0.9116167084157132, 0.5792587886283054, 2,10, 2
0.10111088937670458, 0.0, 0.9116167084157132, 0.5823616279592104, 3,9, 3
0.10111088937670458, 0.0, 0.9116167084157132, 0.581951183570128, 2,7, 2
0.10111088937670458, 0.0, 0.9116167084157132, 0.585131220299865, 2,7, 2
0.10111088937670458, 0.0, 0.9116167084157132, 0.5789183572940169, 2,6, 2
0.10111088937670458, 0.0, 0.9116167084157132, 0.5780965455876853, 4,10, 4
0.10111088937670458, 0.0, 0.9116167084157132, 0.5785809814953423, 3,7, 3
0.10111088937670458, 0.0, 0.9116167084157132, 0.5763747292854003, 3,6, 3
0.10111088937670458, 0.0, 0.9116167084157132, 0.5859891444210027, 2,6, 2
0.10111088937670458, 0.0, 0.9116167084157132, 0.581149057564266, 3,8, 3
0.10111088937670458, 0.0, 0.9116167084157132, 0.5797426423871453, 3,8, 3
0.10111088937670458, 0.0, 0.9116167084157132, 0.5810508464827606, 2,7, 2
0.10111088937670458, 0.0, 0.9116167084157132, 0.5840951927417553, 1,5, 1
0.10111088937670458, 0.0, 0.9116167084157132, 0.5850469008511799, 2,8, 2
0.10111088937670458, 0.0, 0.9116167084157132, 0.5798836350740819, 2,9, 2
0.10111088937670458, 0.0, 0.9116167084157132, 0.5814022676365387, 2,8, 2
0.10111088937670458, 0.0, 0.9116167084157132, 0.5864690717243147, 3,7, 3
0.10111088937670458, 0.0, 0.9116167084157132, 0.5819320377589704, 2,7, 2
0.10111088937670458, 0.0, 0.9116167084157132, 0.5809327655834489, 2,8, 2
0.10111088937670458, 0.0, 0.9116167084157132, 0.5837535373223193, 2,4, 2
0.10111088937670458, 0.0, 0.9116167084157132, 0.5780594034428747, 1,3, 1
0.10111088937670458, 0.0, 0.9116167084157132, 0.5801289866919267, 3,10, 3
0.10111088937670458, 0.0, 0.9116167084157132, 0.5789312207684663, 2,7, 2
0.10111088937670458, 0.0, 0.9116167084157132, 0.5810527423416175, 3,9, 3
0.10111088937670458, 0.0, 0.9116167084157132, 0.5786720428212313, 2,7, 2
0.10111088937670458, 0.0, 0.9116167084157132, 0.5777197733445117, 3,7, 3
0.10111088937670458, 0.0, 0.9116167084157132, 0.5806698439240409, 2,7, 2
0.10111088937670458, 0.0, 0.9116167084157132, 0.579451162332912, 1,4, 1
0.10111088937670458, 0.0, 0.9116167084157132, 0.5830286766045443, 1,5, 1
0.10111088937670458, 0.0, 0.9116167084157132, 0.5772117722637649, 4,11, 4
0.10111088937670458, 0.0, 0.9116167084157132, 0.5850808470335346, 2,4, 2
0.10111088937670458, 0.0, 0.9116167084157132, 0.5789946998393494, 4,10, 4
0.10111088937670458, 0.0, 0.9116167084157132, 0.5801324361660731, 3,6, 3
0.10111088937670458, 0.0, 0.9116167084157132, 0.5788637475464727, 2,9, 2
0.10111088937670458, 0.0, 0.9116167084157132, 0.579189880041573, 3,6, 3
0.10111088937670458, 0.0, 0.9116167084157132, 0.5769187692904582, 2,7, 2
0.10111088937670458, 0.0, 0.9116167084157132, 0.5806907585583412, 2,6, 2
0.10111088937670458, 0.0, 0.9116167084157132, 0.5782942498215198, 2,9, 2
0.10111088937670458, 0.0, 0.9116167084157132, 0.5771553749705379, 3,7, 3
0.10111088937670458, 0.0, 0.9116167084157132, 0.5776089367119155, 3,9, 3
0.10111088937670458, 0.0, 0.9116167084157132, 0.5797493378202692, 4,8, 4
0.10111088937670458, 0.0, 0.9116167084157132, 0.5772891550964333, 3,8, 3
0.10111088937670458, 0.0, 0.9116167084157132, 0.5810044670549833, 2,7, 2
0.10111088937670458, 0.0, 0.9116167084157132, 0.5787442289891502, 2,7, 2
0.10111088937670458, 0.0, 0.9116167084157132, 0.5792787842920905, 1,3, 1
0.10111088937670458, 0.0, 0.9116167084157132, 0.5826729625051681, 2,7, 2
0.10111088937670458, 0.0, 0.9116167084157132, 0.5829803697158038, 3,7, 3
0.10111088937670458, 0.0, 0.9116167084157132, 0.5846605568761571, 2,7, 2
0.10111088937670458, 0.0, 0.9116167084157132, 0.581562665723121, 2,4, 2
0.10111088937670458, 0.0, 0.9116167084157132, 0.5807738558586929, 3,9, 3
0.10111088937670458, 0.0, 0.9116167084157132, 0.579793158450511, 2,6, 2
0.10111088937670458, 0.0, 0.9116167084157132, 0.5830092549030204, 3,9, 3
0.10111088937670458, 0.0, 0.9116167084157132, 0.5803730486605443, 3,8, 3
0.10111088937670458, 0.0, 0.9116167084157132, 0.5793037191460874, 2,6, 2
0.10111088937670458, 0.0, 0.9116167084157132, 0.5833336948716452, 2,8, 2
0.10111088937670458, 0.0, 0.9116167084157132, 0.5831523952984446, 2,5, 2
0.10111088937670458, 0.0, 0.9116167084157132, 0.5804100032659395, 2,6, 2
0.10111088937670458, 0.0, 0.9116167084157132, 0.5781435807234988, 2,6, 2
0.10111088937670458, 0.0, 0.9116167084157132, 0.578052768859806, 2,6, 2
0.10111088937670458, 0.0, 0.9116167084157132, 0.5792250152169944, 3,7, 3
0.10111088937670458, 0.0, 0.9116167084157132, 0.5821829520899864, 2,5, 2
0.10111088937670458, 0.0, 0.9116167084157132, 0.5818469087999855, 2,6, 2
0.10111088937670458, 0.0, 0.9116167084157132, 0.5796163836090087, 3,8, 3
0.10111088937670458, 0.0, 0.9116167084157132, 0.5779916419696712, 2,5, 2
0.10111088937670458, 0.0, 0.9116167084157132, 0.5807292934951054, 3,7, 3
0.10111088937670458, 0.0, 0.9116167084157132, 0.580680518438488, 3,7, 3
0.10111088937670458, 0.0, 0.9116167084157132, 0.5797860690667006, 2,13, 2
0.10111088937670458, 0.0, 0.9116167084157132, 0.5778632684365228, 2,8, 2
0.10111088937670458, 0.0, 0.9116167084157132, 0.5811261627823766, 2,8, 2
0.10111088937670458, 0.0, 0.9116167084157132, 0.5871214500309906, 2,5, 2
0.10111088937670458, 0.0, 0.9116167084157132, 0.583399898251553, 2,6, 2
0.10111088937670458, 0.0, 0.9116167084157132, 0.5815012025324866, 2,5, 2
0.10111088937670458, 0.0, 0.9116167084157132, 0.5811826245743524, 1,4, 1
0.10111088937670458, 0.0, 0.9116167084157132, 0.5786936358620813, 2,8, 2
0.10111088937670458, 0.0, 0.9116167084157132, 0.5820891199905807, 3,7, 3
0.10111088937670458, 0.0, 0.9116167084157132, 0.5799713152350308, 1,2, 1
0.09605534490786935, 0.0, 0.9277148532385796, 0.5210927700345236, 0,0, 0
0.09904875939599547, 0.0, 0.8938837418790088, 0.5720342081211978, 7,7, 7
0.10097784873278787, 0.0, 0.8896953824485279, 0.57518175115386, 3,4, 3
0.10111088937670458, 0.0, 0.9116167084157132, 0.5781997292399911, 0,8, 0
0.09904875939599547, 0.0, 0.8938837418790088, 0.5750470729813049, 0,8, 0
0.09904875939599547, 0.0, 0.8938837418790088, 0.5743871397784139, 3,6, 3
0.09904875939599547, 0.0, 0.8938837418790088, 0.576155437797619, 6,7, 6
0.09904875939599547, 0.0, 0.8938837418790088, 0.5759274113629144, 2,7, 2
0.09904875939599547, 0.0, 0.8938837418790088, 0.5695675219393944, 1,3, 1
0.09904875939599547, 0.0, 0.8938837418790088, 0.5754500344105478, 2,6, 2
0.09904875939599547, 0.0, 0.8938837418790088, 0.5746686806412002, 2,6, 2
0.09904875939599547, 0.0, 0.8938837418790088, 0.5747762098881745, 6,9, 6
0.09904875939599547, 0.0, 0.8938837418790088, 0.5698622633185428, 5,7, 5
0.09904875939599547, 0.0, 0.8938837418790088, 0.5753037057550241, 6,9, 6
0.10111088937670458, 0.0, 0.9116167084157132, 0.5782212384926931, 0,5, 0
0.10111088937670458, 0.0, 0.9116167084157132, 0.5819713103247249, 3,7, 3
0.0996474422936207, 0.0, 0.9424463317291131, 0.5890817195428023, 3,5, 3
0.0996474422936207, 0.0, 0.9424463317291131, 0.5900332637468177, 3,5, 3
0.0996474422936207, 0.0, 0.9424463317291131, 0.589947491849037, 3,5, 3
0.10111088937670458, 0.0, 0.9116167084157132, 0.5811236187796712, 4,13, 4
0.10111088937670458, 0.0, 0.9116167084157132, 0.57764051098021, 4,8, 4
0.10111088937670458, 0.0, 0.9116167084157132, 0.5825421202402492, 2,8, 2
0.0996474422936207, 0.0, 0.9423900198817564, 0.5886252329082534, 4,6, 4
0.10051220647907935, 0.0, 0.8777699163158681, 0.5697950135813844, 0,5, 0
0.09991352358145414, 0.0, 0.9273376082964652, 0.5936901425645607, 4,4, 4
0.10097784873278787, 0.0, 0.8896953824485279, 0.5712646760091569, 3,8, 3
0.0996474422936207, 0.0, 0.9424463317291131, 0.5902609259296847, 6,11, 6
0.09904875939599547, 0.0, 0.8938837418790088, 0.5711310603704916, 6,8, 6
0.0996474422936207, 0.0, 0.9424463317291131, 0.5941073465815969, 5,9, 5
0.09904875939599547, 0.0, 0.8938837418790088, 0.5737279850997913, 4,9, 4
0.09978048293753741, 0.0, 0.9423312087568472, 0.5882510869270845, 6,7, 6
0.0996474422936207, 0.0, 0.9424463317291131, 0.5887882529524066, 2,6, 2
0.10017960486928756, 0.0, 0.8835487229879121, 0.5766766368788871, 2,7, 2
0.0996474422936207, 0.0, 0.9424463317291131, 0.5885809079249708, 4,10, 4
0.0996474422936207, 0.0, 0.9424463317291131, 0.5961503079579658, 5,6, 5
0.09904875939599547, 0.0, 0.8938837418790088, 0.5745952850756325, 3,5, 3
0.09904875939599547, 0.0, 0.8938837418790088, 0.5748912524400303, 2,7, 2
0.09904875939599547, 0.0, 0.8938837418790088, 0.5739862383490091, 5,8, 5
0.09904875939599547, 0.0, 0.8938837418790088, 0.5740481511651894, 7,9, 7
0.09904875939599547, 0.0, 0.8938837418790088, 0.5742107788858625, 1,5, 1
0.0996474422936207, 0.0, 0.9424463317291131, 0.5911287057745569, 2,7, 2
0.0996474422936207, 0.0, 0.9424463317291131, 0.5898158271812124, 3,5, 3
0.0996474422936207, 0.0, 0.9424463317291131, 0.5893768131406263, 9,10, 9
0.0996474422936207, 0.0, 0.9424463317291131, 0.5882142335979377, 4,8, 4
0.09991352358145414, 0.0, 0.9273376082964652, 0.5886811988022413, 4,8, 4
0.10017960486928756, 0.0, 0.8835487229879121, 0.5735781969167784, 4,12, 4
0.10017960486928756, 0.0, 0.8835487229879121, 0.5773609491022633, 4,7, 4
0.10017960486928756, 0.0, 0.8835487229879121, 0.5721212439552874, 2,5, 2
0.10017960486928756, 0.0, 0.8835487229879121, 0.5748866031441, 7,9, 7
0.10383822257699728, 0.0, 0.8796853049139292, 0.4098361687759721, 2,8, 2
0.09904875939599547, 0.0, 0.8938837418790088, 0.5710827089680772, 8,8, 8
0.09904875939599547, 0.0, 0.8938837418790088, 0.57156816595581, 8,8, 8
0.09904875939599547, 0.0, 0.8938837418790088, 0.5745546749240019, 7,7, 7
0.09904875939599547, 0.0, 0.8938837418790088, 0.5741379912742856, 8,8, 8
0.0996474422936207, 0.0, 0.9424463317291131, 0.5896289373084318, 11,11, 11
0.0996474422936207, 0.0, 0.9424463317291131, 0.5898161283032137, 4,4, 4
0.0996474422936207, 0.0, 0.9424463317291131, 0.5895160959260316, 7,7, 7
0.0996474422936207, 0.0, 0.9424463317291131, 0.5896931774156898, 9,9, 9
0.0996474422936207, 0.0, 0.9424463317291131, 0.5897553261740321, 6,6, 6
0.0996474422936207, 0.0, 0.9424463317291131, 0.5865980017350282, 7,7, 7
0.0996474422936207, 0.0, 0.9424463317291131, 0.5895855083818763, 5,5, 5
0.0996474422936207, 0.0, 0.9424463317291131, 0.5889035201392526, 7,7, 7
0.0996474422936207, 0.0, 0.9424463317291131, 0.5891734715408969, 7,7, 7
0.0996474422936207, 0.0, 0.9424463317291131, 0.5867231301246816, 8,8, 8
0.09904875939599547, 0.0, 0.8938837418790088, 0.5774179922258003, 6,6, 6
0.09904875939599547, 0.0, 0.8938837418790088, 0.5769481850958269, 8,8, 8
0.09904875939599547, 0.0, 0.8938837418790088, 0.5735023751933639, 11,11, 11
0.09904875939599547, 0.0, 0.8938837418790088, 0.5811966691675279, 8,8, 8
0.09991352358145414, 0.0, 0.9273376082964652, 0.5908788850429382, 9,9, 9
0.09991352358145414, 0.0, 0.9273376082964652, 0.5973739790781685, 4,4, 4
0.09991352358145414, 0.0, 0.9273376082964652, 0.5865473588470763, 10,10, 10
0.0996474422936207, 0.0, 0.9424463317291131, 0.5872350412962639, 7,7, 7
0.0996474422936207, 0.0, 0.9424463317291131, 0.5893069839511452, 7,7, 7
0.09991352358145414, 0.0, 0.9273376082964652, 0.5895508608950616, 5,5, 5
0.09991352358145414, 0.0, 0.9273376082964652, 0.5908660927439644, 5,5, 5
0.09991352358145414, 0.0, 0.9273376082964652, 0.5872506371879542, 5,5, 5
0.09991352358145414, 0.0, 0.9273376082964652, 0.5899003282429611, 5,5, 5
0.09991352358145414, 0.0, 0.9273376082964652, 0.5880322011840454, 8,8, 8
0.0996474422936207, 0.0, 0.9424463317291131, 0.5915353027744061, 10,10, 10
0.0996474422936207, 0.0, 0.9424463317291131, 0.5914101046024709, 7,7, 7
0.0996474422936207, 0.0, 0.9424463317291131, 0.5905044284554662, 10,10, 10
0.0996474422936207, 0.0, 0.9424463317291131, 0.5895904148483518, 9,9, 9
0.0996474422936207, 0.0, 0.9424463317291131, 0.5861760997713898, 10,10, 10
0.0996474422936207, 0.0, 0.9424463317291131, 0.5917347710707591, 6,6, 6
0.0996474422936207, 0.0, 0.9424463317291131, 0.5888825693054698, 10,10, 10
0.0996474422936207, 0.0, 0.9424463317291131, 0.5941423054907662, 4,4, 4
0.0996474422936207, 0.0, 0.9424463317291131, 0.5911722784187017, 8,8, 8
0.0996474422936207, 0.0, 0.9424463317291131, 0.5976344983179507, 8,8, 8
0.0996474422936207, 0.0, 0.9424463317291131, 0.588149026661452, 4,4, 4
0.0996474422936207, 0.0, 0.9424463317291131, 0.5962877245856685, 4,4, 4
0.0996474422936207, 0.0, 0.9424463317291131, 0.5949262489336649, 7,7, 7
0.0996474422936207, 0.0, 0.9424463317291131, 0.5917548135368298, 9,9, 9
0.0996474422936207, 0.0, 0.9424463317291131, 0.5867884717540738, 7,7, 7
0.0996474422936207, 0.0, 0.9424463317291131, 0.5894976339974451, 2,2, 2
0.0996474422936207, 0.0, 0.9424463317291131, 0.5945823414196038, 7,7, 7
0.0996474422936207, 0.0, 0.9424463317291131, 0.5935664007584178, 7,7, 7
0.0996474422936207, 0.0, 0.9424463317291131, 0.5909445280094003, 7,7, 7
0.0996474422936207, 0.0, 0.9424463317291131, 0.5879429013245487, 9,9, 9
0.0996474422936207, 0.0, 0.9424463317291131, 0.5861725380831065, 11,11, 11
0.0996474422936207, 0.0, 0.9424463317291131, 0.5903283335103852, 9,9, 9
0.0996474422936207, 0.0, 0.9424463317291131, 0.5872215363259358, 11,11, 11
0.10297345839153861, 0.0, 0.8826302958662793, 0.3592189741973562, 0,0, 0
0.09958092197166234, 0.0, 0.8933638062721464, 0.5777366497958841, 7,9, 7
0.09958092197166234, 0.0, 0.8933638062721464, 0.5809388515683829, 0,3, 0
0.100445686157121, 0.0, 0.8777996782206301, 0.571429210990445, 6,7, 6
0.10051220647907935, 0.0, 0.8777699163158681, 0.572838027900842, 3,7, 3
0.09991352358145414, 0.0, 0.9273376082964652, 0.5902133893930928, 3,9, 3
0.10111088937670458, 0.0, 0.9116167084157132, 0.5876346925910664, 2,5, 2
0.10111088937670458, 0.0, 0.9116167084157132, 0.5807074435162847, 4,6, 4
0.10111088937670458, 0.0, 0.9116167084157132, 0.587308607502946, 8,9, 8
0.09958092197166234, 0.0, 0.8933638062721464, 0.577993255037055, 2,6, 2
0.10111088937670458, 0.0, 0.9116167084157132, 0.579873719689411, 2,6, 2
0.10111088937670458, 0.0, 0.9116167084157132, 0.580994304020646, 3,7, 3
0.10111088937670458, 0.0, 0.9116167084157132, 0.5863845319369458, 1,1, 1
0.10111088937670458, 0.0, 0.9116167084157132, 0.5800776323753297, 1,3, 1
0.09958092197166234, 0.0, 0.8933638062721464, 0.5819496159657658, 2,6, 2
0.10111088937670458, 0.0, 0.9116167084157132, 0.5803018196694849, 2,6, 2
0.09958092197166234, 0.0, 0.8933638062721464, 0.5793575391448785, 3,9, 3
0.09958092197166234, 0.0, 0.8933638062721464, 0.5788413508030564, 3,8, 3
0.10111088937670458, 0.0, 0.9116167084157132, 0.5825472039764251, 4,7, 4
0.09958092197166234, 0.0, 0.8933638062721464, 0.5795271403247284, 2,8, 2
0.0996474422936207, 0.0, 0.9424463317291131, 0.5856637277054125, 3,4, 3
0.0996474422936207, 0.0, 0.9424463317291131, 0.5864251239218587, 3,8, 3
0.0996474422936207, 0.0, 0.9424463317291131, 0.587692601001037, 5,5, 5
0.0996474422936207, 0.0, 0.9424463317291131, 0.5877563080520948, 5,7, 5
0.0996474422936207, 0.0, 0.9424463317291131, 0.5888918316011162, 6,11, 6
0.0996474422936207, 0.0, 0.9424463317291131, 0.5884950134671031, 3,4, 3
0.0996474422936207, 0.0, 0.9424463317291131, 0.5887232364923634, 6,8, 6
0.0996474422936207, 0.0, 0.9424463317291131, 0.5896669722928969, 4,6, 4
0.0996474422936207, 0.0, 0.9424463317291131, 0.5865511587452394, 4,9, 4
0.0996474422936207, 0.0, 0.9424463317291131, 0.5893066249376077, 9,9, 9
0.0996474422936207, 0.0, 0.9424463317291131, 0.5863476517747239, 3,5, 3
0.0996474422936207, 0.0, 0.9424463317291131, 0.5876610411948056, 6,6, 6
0.0996474422936207, 0.0, 0.9424463317291131, 0.5914333736200479, 9,10, 9
0.0996474422936207, 0.0, 0.9424463317291131, 0.5877411815260107, 2,4, 2
0.0996474422936207, 0.0, 0.9424463317291131, 0.5873717190834693, 2,4, 2
0.0996474422936207, 0.0, 0.9424463317291131, 0.5875620584316846, 4,8, 4
0.0996474422936207, 0.0, 0.9424463317291131, 0.5950107362133312, 2,6, 2
0.0996474422936207, 0.0, 0.9424463317291131, 0.5865245531286467, 3,5, 3
0.0996474422936207, 0.0, 0.9424463317291131, 0.588954882845146, 2,5, 2
0.09991352358145414, 0.0, 0.9273376082964652, 0.5890012291957195, 7,7, 7
0.0996474422936207, 0.0, 0.9424463317291131, 0.588313672577084, 7,9, 7
0.0996474422936207, 0.0, 0.9424463317291131, 0.5881721754665622, 5,9, 5
0.0996474422936207, 0.0, 0.9424463317291131, 0.5927017295700923, 3,7, 3
0.0996474422936207, 0.0, 0.9424463317291131, 0.5863905414669319, 4,7, 4
0.0996474422936207, 0.0, 0.9424463317291131, 0.5896880292583863, 3,9, 3
0.0996474422936207, 0.0, 0.9424463317291131, 0.5938168358623858, 3,4, 3
0.0996474422936207, 0.0, 0.9424463317291131, 0.5879359332050728, 5,7, 5
0.0996474422936207, 0.0, 0.9424463317291131, 0.5926009633030587, 5,8, 5
0.0996474422936207, 0.0, 0.9424463317291131, 0.5914864256775351, 2,9, 2
0.10097784873278787, 0.0, 0.8896953824485279, 0.5735133974254834, 3,6, 3
0.09878267810816205, 0.0, 0.9000015148416551, 0.577344328625006, 3,7, 3
0.09878267810816205, 0.0, 0.9000015148416551, 0.5810589621768888, 2,4, 2
0.10097784873278787, 0.0, 0.8896953824485279, 0.5704301931972453, 2,6, 2
0.09878267810816205, 0.0, 0.9000015148416551, 0.5806398164247005, 4,9, 4
0.09878267810816205, 0.0, 0.9000015148416551, 0.5819421106791877, 4,7, 4
0.09878267810816205, 0.0, 0.9000015148416551, 0.5815860797269163, 5,6, 5
0.09878267810816205, 0.0, 0.9000015148416551, 0.5779566080236133, 4,7, 4
0.10097784873278787, 0.0, 0.8896953824485279, 0.57405452126872, 4,6, 4
0.09878267810816205, 0.0, 0.9000015148416551, 0.5823338588261735, 2,6, 2
0.10097784873278787, 0.0, 0.8896953824485279, 0.5716552086164848, 5,6, 5
0.09878267810816205, 0.0, 0.9000015148416551, 0.5811631026577314, 1,3, 1
0.10097784873278787, 0.0, 0.8896953824485279, 0.573080553029062, 2,5, 2
0.10097784873278787, 0.0, 0.8896953824485279, 0.5707474990820892, 4,8, 4
0.09878267810816205, 0.0, 0.9000015148416551, 0.5779634372813374, 2,5, 2
0.09878267810816205, 0.0, 0.9000015148416551, 0.5828707499326156, 3,8, 3
0.10097784873278787, 0.0, 0.8896953824485279, 0.5731334897899325, 4,5, 4
0.09878267810816205, 0.0, 0.9000015148416551, 0.5788317747511061, 6,9, 6
0.09878267810816205, 0.0, 0.9000015148416551, 0.5779371893371629, 7,12, 7
0.10097784873278787, 0.0, 0.8896953824485279, 0.5725847847107276, 3,5, 3
0.10097784873278787, 0.0, 0.8896953824485279, 0.5729631583167665, 3,6, 3
0.10097784873278787, 0.0, 0.8896953824485279, 0.574928292358229, 5,8, 5
0.10097784873278787, 0.0, 0.8896953824485279, 0.5734546875535775, 3,9, 3
0.10097784873278787, 0.0, 0.8896953824485279, 0.5700740804594917, 6,9, 6
0.10097784873278787, 0.0, 0.8896953824485279, 0.5722806361277747, 5,8, 5
0.10097784873278787, 0.0, 0.8896953824485279, 0.5753927640424628, 2,6, 2
0.10097784873278787, 0.0, 0.8896953824485279, 0.5684046700165148, 4,8, 4
0.10097784873278787, 0.0, 0.8896953824485279, 0.575354628639746, 6,11, 6
0.09878267810816205, 0.0, 0.9000015148416551, 0.5768794927904058, 3,7, 3
0.09878267810816205, 0.0, 0.9000015148416551, 0.5779001756189853, 2,9, 2
0.09878267810816205, 0.0, 0.9000015148416551, 0.5832919714441881, 3,7, 3
0.10210869420607996, 0.0, 0.8972745808146918, 0.5555763097813259, 2,6, 2
0.09878267810816205, 0.0, 0.9000015148416551, 0.5791505349412706, 6,10, 6
0.09878267810816205, 0.0, 0.9000015148416551, 0.5802282141975583, 2,5, 2
0.10909332801170758, 0.0, 0.8745477861346287, 0.42834283888402397, 4,6, 4
0.09958092197166234, 0.0, 0.8933638062721464, 0.5765104866723203, 5,9, 4
0.09978048293753741, 0.0, 0.8783267822592019, 0.5422237831784409, 2,6, 2
0.09991352358145414, 0.0, 0.9273376082964652, 0.5907527281538824, 3,5, 3
0.09991352358145414, 0.0, 0.9273376082964652, 0.5933730071052176, 2,2, 2
0.10051220647907935, 0.0, 0.8777699163158681, 0.5732845602592408, 4,4, 4
0.09991352358145414, 0.0, 0.9273376082964652, 0.5905373276078909, 4,4, 4
0.09991352358145414, 0.0, 0.9273376082964652, 0.5878354579357614, 8,8, 8
0.09991352358145414, 0.0, 0.9273376082964652, 0.5888232922229567, 5,5, 5
0.09991352358145414, 0.0, 0.9273376082964652, 0.5928514729028967, 9,9, 9
0.0996474422936207, 0.0, 0.9424463317291131, 0.5839603574685223, 6,6, 6
0.09991352358145414, 0.0, 0.9273376082964652, 0.5927773619518453, 6,6, 6
0.09991352358145414, 0.0, 0.9273376082964652, 0.5870005019452578, 6,6, 6
0.09991352358145414, 0.0, 0.9273376082964652, 0.5877776081934031, 8,8, 8
0.0996474422936207, 0.0, 0.9424463317291131, 0.5899332849187854, 8,8, 8
0.09991352358145414, 0.0, 0.9273376082964652, 0.5932888446975392, 9,9, 9
0.09991352358145414, 0.0, 0.9273376082964652, 0.5923319943834465, 6,6, 6
0.0996474422936207, 0.0, 0.9424463317291131, 0.5923524002706266, 5,5, 5
0.10270737710370519, 0.0, 0.886403684513527, 0.26568078507710413, 0,0, 0
0.10024612519124593, 0.0, 0.88033626681359, 0.5606802404309138, 4,6, 4
0.09878267810816205, 0.0, 0.9000015148416551, 0.5790885839196801, 0,5, 0
0.09878267810816205, 0.0, 0.9000015148416551, 0.5797836392646026, 2,7, 2
0.09958092197166234, 0.0, 0.8933638062721464, 0.5790250217109267, 6,9, 6
0.09958092197166234, 0.0, 0.8933638062721464, 0.5760117911352228, 4,5, 4
0.09958092197166234, 0.0, 0.8933638062721464, 0.5798101345565154, 3,7, 3
0.0996474422936207, 0.0, 0.9424463317291131, 0.5955040068951546, 0,8, 0
0.0996474422936207, 0.0, 0.9424463317291131, 0.5931483948929729, 4,10, 4
0.0996474422936207, 0.0, 0.9424463317291131, 0.5880805977940778, 9,9, 9
0.0996474422936207, 0.0, 0.9424463317291131, 0.5894398238427887, 4,8, 4
0.09904875939599547, 0.0, 0.8938837418790088, 0.5747911731022821, 2,7, 2
0.0996474422936207, 0.0, 0.9424463317291131, 0.590173755160309, 4,10, 4
0.0996474422936207, 0.0, 0.9424463317291131, 0.5906764931367625, 5,6, 5
0.0996474422936207, 0.0, 0.9424463317291131, 0.5900580231047021, 3,4, 3
0.09904875939599547, 0.0, 0.8938837418790088, 0.5752165811942033, 6,7, 6
0.0996474422936207, 0.0, 0.9424463317291131, 0.5886544453696494, 2,4, 2
0.0996474422936207, 0.0, 0.9424463317291131, 0.59170386628127, 2,2, 2
0.0996474422936207, 0.0, 0.9424463317291131, 0.5877328086723301, 3,5, 3
0.10051220647907935, 0.0, 0.8777699163158681, 0.5763542619070373, 5,7, 5
0.10051220647907935, 0.0, 0.8777699163158681, 0.5759343400556396, 3,5, 3
0.10051220647907935, 0.0, 0.8777699163158681, 0.5780191485200427, 2,5, 2
0.10051220647907935, 0.0, 0.8777699163158681, 0.5815345290098328, 4,7, 4
0.10051220647907935, 0.0, 0.8777699163158681, 0.5744475408077498, 6,10, 6
0.10051220647907935, 0.0, 0.8777699163158681, 0.5796280757490802, 6,9, 6
0.10051220647907935, 0.0, 0.8777699163158681, 0.5746480974639347, 3,6, 3
0.10051220647907935, 0.0, 0.8777699163158681, 0.5733587148730062, 1,6, 1
0.10051220647907935, 0.0, 0.8777699163158681, 0.5739821308196721, 5,11, 5
0.10051220647907935, 0.0, 0.8777699163158681, 0.5755733296307194, 4,7, 4
0.10051220647907935, 0.0, 0.8777699163158681, 0.5827761169143482, 2,6, 2
0.10051220647907935, 0.0, 0.8777699163158681, 0.5741929572139577, 3,6, 3
0.10051220647907935, 0.0, 0.8777699163158681, 0.5747621220576895, 1,9, 1
0.10051220647907935, 0.0, 0.8777699163158681, 0.5755330019306577, 2,9, 2
0.10051220647907935, 0.0, 0.8777699163158681, 0.5743140440720791, 5,9, 5
0.10097784873278787, 0.0, 0.8774636838010779, 0.571932138591352, 3,8, 3
0.10051220647907935, 0.0, 0.8777699163158681, 0.5742014260767505, 6,8, 6
0.10051220647907935, 0.0, 0.8777699163158681, 0.5706416140152664, 7,8, 7
0.10051220647907935, 0.0, 0.8777699163158681, 0.5719311829113045, 3,4, 3
0.10051220647907935, 0.0, 0.8777699163158681, 0.5763986802381315, 4,8, 4
0.10051220647907935, 0.0, 0.8777699163158681, 0.5766434473115322, 3,7, 3
0.10051220647907935, 0.0, 0.8777699163158681, 0.5791028232292199, 7,10, 7
0.10051220647907935, 0.0, 0.8777699163158681, 0.5749005445024974, 3,6, 3
0.10051220647907935, 0.0, 0.8777699163158681, 0.5805237171203367, 6,9, 6
0.10051220647907935, 0.0, 0.8777699163158681, 0.5767295743963073, 1,6, 1
0.09904875939599547, 0.0, 0.8938837418790088, 0.5772636588222675, 2,8, 2
0.0996474422936207, 0.0, 0.9424463317291131, 0.5875189234182298, 0,5, 0
0.0996474422936207, 0.0, 0.9424463317291131, 0.5900852460138782, 6,6, 6
0.10097784873278787, 0.0, 0.8896953824485279, 0.574673031163921, 9,9, 9
0.0996474422936207, 0.0, 0.9424463317291131, 0.5878250505483689, 2,2, 2
0.0996474422936207, 0.0, 0.9424463317291131, 0.5887996084526038, 8,8, 8
0.09904875939599547, 0.0, 0.8938837418790088, 0.5799338591510167, 7,7, 7
0.0996474422936207, 0.0, 0.9424463317291131, 0.593814634634081, 7,7, 7
0.0996474422936207, 0.0, 0.9424463317291131, 0.5930680978841927, 3,3, 3
0.09904875939599547, 0.0, 0.8938837418790088, 0.5773765606564923, 8,8, 8
0.0996474422936207, 0.0, 0.9424463317291131, 0.5871853955086384, 6,6, 6
0.0996474422936207, 0.0, 0.9424463317291131, 0.5910357208872975, 7,7, 7
0.0996474422936207, 0.0, 0.9424463317291131, 0.5915467912511918, 3,3, 3
0.0996474422936207, 0.0, 0.9424463317291131, 0.588759427700403, 2,2, 2
0.0996474422936207, 0.0, 0.9424463317291131, 0.5890504062374238, 8,8, 8
0.0996474422936207, 0.0, 0.9424463317291131, 0.5916724764582918, 7,7, 7
0.0996474422936207, 0.0, 0.9424463317291131, 0.5848559999858395, 7,7, 7
0.0996474422936207, 0.0, 0.9424463317291131, 0.5907750884119509, 6,6, 6
0.0996474422936207, 0.0, 0.9424463317291131, 0.5906415411687559, 4,4, 4
0.0996474422936207, 0.0, 0.9424463317291131, 0.5896434805003907, 8,8, 8
0.0996474422936207, 0.0, 0.9424463317291131, 0.5901496079873426, 8,8, 8
0.0996474422936207, 0.0, 0.9424463317291131, 0.5917606287821041, 9,9, 9
0.0996474422936207, 0.0, 0.9424463317291131, 0.5895276612187518, 6,6, 6
0.0996474422936207, 0.0, 0.9424463317291131, 0.5881676894240572, 7,7, 7
0.0996474422936207, 0.0, 0.9424463317291131, 0.5921923391684963, 6,6, 6
0.0996474422936207, 0.0, 0.9424463317291131, 0.585317145813962, 8,8, 8
0.0996474422936207, 0.0, 0.9424463317291131, 0.5886639098748305, 6,6, 6
0.09904875939599547, 0.0, 0.8938837418790088, 0.5708592500572878, 4,4, 4
0.0996474422936207, 0.0, 0.9424463317291131, 0.5873545701136528, 8,8, 8
0.0996474422936207, 0.0, 0.9424463317291131, 0.587635149651368, 11,11, 11
0.09904875939599547, 0.0, 0.8938837418790088, 0.5748968350982383, 9,9, 9
0.09904875939599547, 0.0, 0.8938837418790088, 0.5713615051408868, 6,6, 6
0.09904875939599547, 0.0, 0.8938837418790088, 0.5738160162992612, 6,6, 6
0.09991352358145414, 0.0, 0.9273376082964652, 0.5891577314158208, 8,8, 8
0.09991352358145414, 0.0, 0.9273376082964652, 0.5880615360362905, 7,7, 7
0.09991352358145414, 0.0, 0.9273376082964652, 0.5876704249451636, 10,10, 10
0.09991352358145414, 0.0, 0.9273376082964652, 0.5899780903814357, 8,8, 8
0.0996474422936207, 0.0, 0.9424463317291131, 0.5868605572130835, 6,6, 6
0.0996474422936207, 0.0, 0.9424463317291131, 0.5883399107964941, 10,10, 10
0.09991352358145414, 0.0, 0.9273376082964652, 0.5896147283895393, 5,5, 5
0.09991352358145414, 0.0, 0.9273376082964652, 0.5915390714442107, 4,4, 4
0.0996474422936207, 0.0, 0.9424463317291131, 0.5879631263708616, 7,7, 7
0.0996474422936207, 0.0, 0.9424463317291131, 0.5988198763037045, 7,7, 7
0.0996474422936207, 0.0, 0.9424463317291131, 0.588701364478927, 8,8, 8
0.09904875939599547, 0.0, 0.8938837418790088, 0.5718090967732943, 11,11, 11
0.09904875939599547, 0.0, 0.8938837418790088, 0.5704547093034866, 6,6, 6
0.09904875939599547, 0.0, 0.8938837418790088, 0.5748923297447801, 11,11, 11
0.0996474422936207, 0.0, 0.9424463317291131, 0.5908754139737052, 4,4, 4
0.09904875939599547, 0.0, 0.8938837418790088, 0.5686969016694703, 9,9, 9
0.0996474422936207, 0.0, 0.9424463317291131, 0.5943245462230855, 10,10, 10
0.0996474422936207, 0.0, 0.9424463317291131, 0.586998813653762, 7,7, 7
0.0996474422936207, 0.0, 0.9424463317291131, 0.5864805046448347, 6,6, 6
0.0996474422936207, 0.0, 0.9424463317291131, 0.5881380470428436, 5,5, 5
0.0996474422936207, 0.0, 0.9424463317291131, 0.592591844023997, 7,7, 7
0.0996474422936207, 0.0, 0.9424463317291131, 0.5889804425550212, 6,6, 6
0.0996474422936207, 0.0, 0.9424463317291131, 0.5882221334431786, 8,8, 8
0.0996474422936207, 0.0, 0.9424463317291131, 0.589614183726717, 7,7, 7
0.09359409299541009, 0.0, 0.8993925336370806, 0.4485987559960266, 0,0, 0
0.09904875939599547, 0.0, 0.8938837418790088, 0.5732521438750415, 3,7, 3
0.10017960486928756, 0.0, 0.8835487229879121, 0.5732243929527944, 0,6, 0
0.10017960486928756, 0.0, 0.8835487229879121, 0.5678449726639855, 5,7, 5
0.10017960486928756, 0.0, 0.8835487229879121, 0.578240006982299, 2,4, 2
0.10017960486928756, 0.0, 0.8835487229879121, 0.5787370600647891, 4,8, 4
0.10017960486928756, 0.0, 0.8835487229879121, 0.5738146312913998, 4,6, 4
0.10017960486928756, 0.0, 0.8835487229879121, 0.5776174162251594, 3,10, 3
0.0996474422936207, 0.0, 0.9424463317291131, 0.5953717068601247, 9,9, 9
0.10017960486928756, 0.0, 0.8835487229879121, 0.5770649222736653, 1,4, 1
0.10017960486928756, 0.0, 0.8835487229879121, 0.5743882128115779, 3,5, 3
0.10017960486928756, 0.0, 0.8835487229879121, 0.5732807521886925, 3,5, 3
0.10017960486928756, 0.0, 0.8835487229879121, 0.57453146756313, 4,5, 4
0.10017960486928756, 0.0, 0.8835487229879121, 0.5763493067670405, 3,7, 3
0.10017960486928756, 0.0, 0.8835487229879121, 0.5739863275565591, 2,8, 2
0.10017960486928756, 0.0, 0.8835487229879121, 0.5743941188870302, 4,7, 4
0.10017960486928756, 0.0, 0.8835487229879121, 0.5771590830476014, 3,5, 3
0.10017960486928756, 0.0, 0.8835487229879121, 0.5779673917530839, 3,5, 3
0.10017960486928756, 0.0, 0.8835487229879121, 0.5704725792840367, 3,5, 3
0.10017960486928756, 0.0, 0.8835487229879121, 0.5760022727873342, 3,6, 3
0.0996474422936207, 0.0, 0.9424463317291131, 0.5902139017538109, 2,3, 2
0.10017960486928756, 0.0, 0.8835487229879121, 0.5722896193894682, 2,5, 2
0.10017960486928756, 0.0, 0.8835487229879121, 0.5739783998742723, 2,5, 2
0.10017960486928756, 0.0, 0.8835487229879121, 0.5760752391402519, 4,9, 4
0.10017960486928756, 0.0, 0.8835487229879121, 0.5748090896982457, 1,5, 1
0.09878267810816205, 0.0, 0.9000015148416551, 0.5828086244523886, 2,3, 2
0.10017960486928756, 0.0, 0.8835487229879121, 0.5715928126227141, 3,7, 3
0.10017960486928756, 0.0, 0.8835487229879121, 0.5809699642474389, 4,8, 4
0.10017960486928756, 0.0, 0.8835487229879121, 0.5726813965933417, 2,6, 2
0.10017960486928756, 0.0, 0.8835487229879121, 0.5776135288699793, 2,6, 2
0.10017960486928756, 0.0, 0.8835487229879121, 0.5714424009480519, 1,4, 1
0.10017960486928756, 0.0, 0.8835487229879121, 0.5744391912073508, 1,8, 1
0.10017960486928756, 0.0, 0.8835487229879121, 0.5735394341311355, 2,6, 2
0.10017960486928756, 0.0, 0.8835487229879121, 0.5742359211061074, 4,7, 4
0.10017960486928756, 0.0, 0.8835487229879121, 0.5763519443294235, 4,7, 4
0.10017960486928756, 0.0, 0.8835487229879121, 0.5753961208277298, 2,5, 2
0.09878267810816205, 0.0, 0.9000015148416551, 0.5798524604108148, 2,3, 2
0.10017960486928756, 0.0, 0.8835487229879121, 0.5736594778125328, 2,4, 2
0.10017960486928756, 0.0, 0.8835487229879121, 0.5721441969568832, 4,6, 4
0.0996474422936207, 0.0, 0.9424463317291131, 0.591477696624768, 1,2, 1
0.0996474422936207, 0.0, 0.9424463317291131, 0.5889710558366396, 6,6, 6
0.10017960486928756, 0.0, 0.8835487229879121, 0.5773824570126713, 2,3, 2
0.10017960486928756, 0.0, 0.8835487229879121, 0.5735557582303957, 1,4, 1
0.10017960486928756, 0.0, 0.8835487229879121, 0.572378897934357, 4,7, 4
0.10017960486928756, 0.0, 0.8835487229879121, 0.5777776940191605, 3,6, 3
0.10017960486928756, 0.0, 0.8835487229879121, 0.5762183479749576, 6,9, 6
0.10017960486928756, 0.0, 0.8835487229879121, 0.5722643851503989, 4,6, 4
0.10017960486928756, 0.0, 0.8835487229879121, 0.5780225368327503, 2,6, 2
0.10017960486928756, 0.0, 0.8835487229879121, 0.5749675786523945, 2,7, 2
0.10017960486928756, 0.0, 0.8835487229879121, 0.5760919344420801, 1,5, 1
0.09412625557107697, 0.0, 0.9000386470969627, 0.41303386569357753, 2,4, 2
0.09412625557107697, 0.0, 0.9000386470969627, 0.41672812794631864, 5,8, 5
0.08793986562894965, 0.0, 0.9154746641761418, 0.34163055255721386, 4,5, 4
0.10017960486928756, 0.0, 0.8835487229879121, 0.5755389421400441, 2,5, 2
0.0996474422936207, 0.0, 0.9424463317291131, 0.5885028986997822, 5,6, 5
0.09878267810816205, 0.0, 0.9000015148416551, 0.5811857173218974, 6,9, 6
0.09878267810816205, 0.0, 0.9000015148416551, 0.5817447622506159, 1,3, 1
0.09878267810816205, 0.0, 0.9000015148416551, 0.5805000017512567, 3,7, 3
0.09878267810816205, 0.0, 0.9000015148416551, 0.5788256528132787, 2,4, 2
0.10024612519124593, 0.0, 0.88033626681359, 0.5645399518398694, 5,6, 5
0.10024612519124593, 0.0, 0.88033626681359, 0.5601098229687794, 4,6, 4
0.09878267810816205, 0.0, 0.9000015148416551, 0.5788205712021607, 1,3, 1
0.09878267810816205, 0.0, 0.9000015148416551, 0.5812879087648397, 6,8, 6
0.09878267810816205, 0.0, 0.9000015148416551, 0.5794916950614979, 3,7, 3
0.09472493846870218, 0.0, 0.8928820345147993, 0.330422499647321, 4,6, 4
0.0939266946052019, 0.0, 0.8998464261627737, 0.41819765011145904, 1,5, 1
0.10051220647907935, 0.0, 0.8777699163158681, 0.5831379932884461, 1,1, 1
0.09878267810816205, 0.0, 0.9000015148416551, 0.583265499567318, 7,10, 7
0.09692010909332802, 0.0, 0.8955655442155397, 0.40634101772785347, 4,5, 4
0.08694206079957427, 0.0, 0.9316872790749231, 0.40982893676958776, 2,3, 2
0.09492449943457726, 0.0, 0.8975593242670163, 0.41956658132402325, 2,5, 2
0.08707510144349098, 0.0, 0.9037272745963151, 0.40902245689030764, 5,8, 5
0.09878267810816205, 0.0, 0.9000015148416551, 0.5786027196159101, 1,6, 1
0.10024612519124593, 0.0, 0.88033626681359, 0.5576390665912129, 3,6, 3
0.10051220647907935, 0.0, 0.8777699163158681, 0.573381275076216, 2,4, 2
0.09958092197166234, 0.0, 0.8933638062721464, 0.5799055378980076, 2,6, 2
0.10051220647907935, 0.0, 0.8777699163158681, 0.5747395554820982, 2,5, 2
0.09878267810816205, 0.0, 0.9000015148416551, 0.5845124758414492, 8,8, 8
0.09958092197166234, 0.0, 0.8933638062721464, 0.5814889083135169, 7,7, 7
0.09878267810816205, 0.0, 0.9000015148416551, 0.580868157693326, 2,9, 2
0.09991352358145414, 0.0, 0.9273376082964652, 0.591678743639435, 0,9, 0
0.0996474422936207, 0.0, 0.9424463317291131, 0.5919273829897929, 3,8, 3
0.09904875939599547, 0.0, 0.8938837418790088, 0.5744052889684839, 3,3, 3
0.0996474422936207, 0.0, 0.9424463317291131, 0.5906157964122611, 3,6, 3
0.0996474422936207, 0.0, 0.9424463317291131, 0.5899062601275604, 3,6, 3
0.0996474422936207, 0.0, 0.9424463317291131, 0.5917443751188936, 5,7, 5
0.0996474422936207, 0.0, 0.9424463317291131, 0.5918972280706951, 3,4, 3
0.0996474422936207, 0.0, 0.9424463317291131, 0.5865133584282557, 4,7, 4
0.0996474422936207, 0.0, 0.9424463317291131, 0.5858079378578449, 3,4, 3
0.0996474422936207, 0.0, 0.9424463317291131, 0.588722619095288, 3,6, 3
0.0996474422936207, 0.0, 0.9424463317291131, 0.5882277668928747, 4,6, 4
0.0996474422936207, 0.0, 0.9424463317291131, 0.5905813509332578, 3,6, 3
0.0996474422936207, 0.0, 0.9424463317291131, 0.5898898139542483, 5,6, 5
0.0996474422936207, 0.0, 0.9424463317291131, 0.590215702615977, 1,4, 1
0.0996474422936207, 0.0, 0.9424463317291131, 0.5877667132290664, 1,5, 1
0.0996474422936207, 0.0, 0.9424463317291131, 0.5880833584776806, 2,5, 2
0.09904875939599547, 0.0, 0.8938837418790088, 0.5815237509894058, 3,4, 3
0.09904875939599547, 0.0, 0.8938837418790088, 0.5754567968964346, 2,5, 2
0.09904875939599547, 0.0, 0.8938837418790088, 0.5768555606059059, 4,9, 4
0.09904875939599547, 0.0, 0.8938837418790088, 0.5734661215511492, 3,7, 3
0.09904875939599547, 0.0, 0.8938837418790088, 0.5767555886489238, 2,6, 2
0.0972527107031198, 0.0, 0.8907759407927404, 0.3235294726197844, 0,0, 0
0.09904875939599547, 0.0, 0.8938837418790088, 0.5722809980724332, 1,6, 1
0.0996474422936207, 0.0, 0.9424463317291131, 0.5896376508148512, 0,6, 0
0.0996474422936207, 0.0, 0.9424463317291131, 0.5877618037395043, 5,7, 5
0.10024612519124593, 0.0, 0.88033626681359, 0.5593395461124913, 6,6, 6
0.0996474422936207, 0.0, 0.9424463317291131, 0.5908330572590855, 4,7, 4
0.0996474422936207, 0.0, 0.9424463317291131, 0.5882957553714366, 3,6, 3
0.0996474422936207, 0.0, 0.9424463317291131, 0.5872197283923729, 5,8, 5
0.0996474422936207, 0.0, 0.9424463317291131, 0.5895134444629831, 4,6, 4
0.0996474422936207, 0.0, 0.9424463317291131, 0.5900668867873743, 2,3, 2
0.0996474422936207, 0.0, 0.9424463317291131, 0.5917320368683608, 4,6, 4
0.0996474422936207, 0.0, 0.9424463317291131, 0.5859381718486922, 5,9, 5
0.0996474422936207, 0.0, 0.9424463317291131, 0.5891678502972498, 2,8, 2
0.0996474422936207, 0.0, 0.9424463317291131, 0.5875008953205905, 3,8, 3
0.0996474422936207, 0.0, 0.9424463317291131, 0.589416879488463, 4,5, 4
0.0996474422936207, 0.0, 0.9424463317291131, 0.5917026109174803, 4,6, 4
0.0996474422936207, 0.0, 0.9424463317291131, 0.5887009682748463, 4,9, 4
0.0996474422936207, 0.0, 0.9424463317291131, 0.591610457386958, 2,4, 2
0.0996474422936207, 0.0, 0.9424463317291131, 0.5861684617683532, 4,9, 4
0.0996474422936207, 0.0, 0.9424463317291131, 0.5882558567641741, 3,4, 3
0.0996474422936207, 0.0, 0.9424463317291131, 0.589557149626648, 1,4, 1
0.0996474422936207, 0.0, 0.9424463317291131, 0.589151414936424, 2,6, 2
0.0996474422936207, 0.0, 0.9424463317291131, 0.58864650346781, 2,6, 2
0.0996474422936207, 0.0, 0.9424463317291131, 0.589015881589159, 4,6, 4
0.10024612519124593, 0.0, 0.88033626681359, 0.5590380200744278, 1,1, 1
0.0996474422936207, 0.0, 0.9424463317291131, 0.5877256325302156, 2,5, 2
0.0996474422936207, 0.0, 0.9424463317291131, 0.5871986403171521, 4,6, 4
0.0996474422936207, 0.0, 0.9424463317291131, 0.5904174937955616, 5,8, 5
0.0996474422936207, 0.0, 0.9424463317291131, 0.5916465929005814, 5,9, 5
0.0996474422936207, 0.0, 0.9424463317291131, 0.5879436403333391, 2,5, 2
0.0996474422936207, 0.0, 0.9424463317291131, 0.5880278739598588, 2,3, 2
0.0996474422936207, 0.0, 0.9424463317291131, 0.594161136495433, 3,5, 3
0.0996474422936207, 0.0, 0.9424463317291131, 0.5901487340177691, 3,8, 3
0.10530166966008116, 0.0, 0.9302218670244913, 0.4238331266688958, 3,5, 3
0.10024612519124593, 0.0, 0.88033626681359, 0.5607521215351003, 5,8, 5
0.1264551320428391, 0.0, 0.9110182159099915, 0.39127260158710264, 8,9, 8
0.09958092197166234, 0.0, 0.8933638062721464, 0.58270017532969, 2,6, 2
0.09991352358145414, 0.0, 0.9273376082964652, 0.5922492101477981, 5,6, 5
0.09991352358145414, 0.0, 0.9273376082964652, 0.588758727403606, 6,7, 6
0.09991352358145414, 0.0, 0.9273376082964652, 0.5913306157140533, 2,5, 2
0.09878267810816205, 0.0, 0.9000015148416551, 0.5806758509497176, 5,7, 5
0.10051220647907935, 0.0, 0.8777699163158681, 0.5785532010876296, 3,6, 3
0.09991352358145414, 0.0, 0.9273376082964652, 0.5878897630803379, 3,6, 3
0.10111088937670458, 0.0, 0.9116167084157132, 0.5815196196368736, 2,5, 2
0.09878267810816205, 0.0, 0.9000015148416551, 0.5817748184979805, 2,6, 2
0.10111088937670458, 0.0, 0.9116167084157132, 0.5800722949200859, 6,6, 6
0.09864963746424532, 0.0, 0.8947365886811625, 0.5498925506173026, 3,5, 3
0.0991818000399122, 0.0, 0.8938697283102832, 0.5675021012366773, 9,9, 9
0.06512339519723276, 0.0, 0.9423997617534695, 0.41753369972673954, 2,7, 2
0.09878267810816205, 0.0, 0.9000015148416551, 0.5765659917071911, 2,5, 2
0.09991352358145414, 0.0, 0.9273376082964652, 0.5897655092321403, 4,10, 4
0.10051220647907935, 0.0, 0.8777699163158681, 0.5773255815692838, 0,5, 0
0.10051220647907935, 0.0, 0.8777699163158681, 0.5822488504190165, 3,7, 3
0.10051220647907935, 0.0, 0.8777699163158681, 0.5697444152237741, 1,4, 1
0.10051220647907935, 0.0, 0.8777699163158681, 0.5738115788434945, 1,3, 1
0.10051220647907935, 0.0, 0.8777699163158681, 0.5730838858842544, 3,8, 3
0.10051220647907935, 0.0, 0.8777699163158681, 0.5745947277249062, 3,8, 3
0.10051220647907935, 0.0, 0.8777699163158681, 0.5726110940050009, 4,6, 4
0.10051220647907935, 0.0, 0.8777699163158681, 0.5776839432350449, 2,9, 2
0.09991352358145414, 0.0, 0.9273376082964652, 0.5876297146808873, 0,7, 0
0.09878267810816205, 0.0, 0.9000015148416551, 0.5808172220773296, 5,8, 5
0.09878267810816205, 0.0, 0.9000015148416551, 0.5828983371765262, 3,3, 3
0.0996474422936207, 0.0, 0.9424463317291131, 0.5900317745685888, 9,9, 9
0.0996474422936207, 0.0, 0.9424463317291131, 0.5895583872451716, 8,8, 8
0.09991352358145414, 0.0, 0.9273376082964652, 0.5926682437785042, 7,7, 7
0.09991352358145414, 0.0, 0.9273376082964652, 0.5867667148692395, 5,5, 5
0.10051220647907935, 0.0, 0.8777699163158681, 0.5721942712422684, 5,5, 5
0.09991352358145414, 0.0, 0.9273376082964652, 0.5958381812819084, 4,4, 4
0.0996474422936207, 0.0, 0.9424463317291131, 0.58953081218835, 9,9, 9
0.0996474422936207, 0.0, 0.9424463317291131, 0.5861547625655557, 7,7, 7
0.0996474422936207, 0.0, 0.9424463317291131, 0.5869783418308402, 6,6, 6
0.0996474422936207, 0.0, 0.9424463317291131, 0.5908131982522338, 5,5, 5
0.09991352358145414, 0.0, 0.9273376082964652, 0.5895551909089499, 8,8, 8
0.09991352358145414, 0.0, 0.9273376082964652, 0.5866954532752982, 2,2, 2
0.09991352358145414, 0.0, 0.9273376082964652, 0.5915914159730089, 5,5, 5
0.09991352358145414, 0.0, 0.9273376082964652, 0.5895616744024021, 8,8, 8
0.0996474422936207, 0.0, 0.9424463317291131, 0.5865985486193175, 6,6, 6
0.09991352358145414, 0.0, 0.9273376082964652, 0.5909193285974311, 9,9, 9
0.09991352358145414, 0.0, 0.9273376082964652, 0.5912293018414772, 6,6, 6
0.09991352358145414, 0.0, 0.9273376082964652, 0.5962521212832204, 8,8, 8
0.0996474422936207, 0.0, 0.9424463317291131, 0.59392384732733, 5,5, 5
0.0996474422936207, 0.0, 0.9424463317291131, 0.5886789809881736, 8,8, 8
0.09991352358145414, 0.0, 0.9273376082964652, 0.590994334147626, 6,6, 6
0.09991352358145414, 0.0, 0.9273376082964652, 0.5903351804129237, 7,7, 7
0.09991352358145414, 0.0, 0.9273376082964652, 0.5950173207191469, 7,7, 7
0.09991352358145414, 0.0, 0.9273376082964652, 0.5935090326985928, 4,4, 4
0.09991352358145414, 0.0, 0.9273376082964652, 0.5899415103635451, 7,7, 7
0.09991352358145414, 0.0, 0.9273376082964652, 0.5908000892465592, 7,7, 7
0.09991352358145414, 0.0, 0.9273376082964652, 0.5888247091904207, 7,7, 7
0.09904875939599547, 0.0, 0.8938837418790088, 0.5706644648864301, 4,4, 4
0.09904875939599547, 0.0, 0.8938837418790088, 0.5831253921406488, 5,5, 5
0.09991352358145414, 0.0, 0.9273376082964652, 0.5919349565990853, 9,9, 9
0.09991352358145414, 0.0, 0.9273376082964652, 0.5956033543504542, 9,9, 9
0.09991352358145414, 0.0, 0.9273376082964652, 0.5915893318513123, 5,5, 5
0.0996474422936207, 0.0, 0.9424463317291131, 0.5895597085339129, 5,5, 5
0.09991352358145414, 0.0, 0.9273376082964652, 0.5910954990464188, 6,6, 6
0.09991352358145414, 0.0, 0.9273376082964652, 0.5892379419816889, 4,4, 4
0.09991352358145414, 0.0, 0.9273376082964652, 0.5922583265182644, 5,5, 5
0.09991352358145414, 0.0, 0.9273376082964652, 0.5925558196665609, 10,10, 10
0.09991352358145414, 0.0, 0.9273376082964652, 0.5920094380521692, 9,9, 9
0.09904875939599547, 0.0, 0.8938837418790088, 0.5723463310549355, 6,6, 6
