acuracia,loss,frr,fpr, removed, n_clf, tp_removed
0.09825051553249518, 2.3036959122288754, 0.8944041643372586, 0.40467750686587217, 0,0, 0
0.20913989223707843, 2.1328121585846898, 0.8217323066999288, 0.5322565093548367, 0,0, 0
0.3286103904742899, 1.9589341380361756, 0.7136700275473224, 0.4725587892855962, 0,0, 0
0.41109558970265414, 1.9012794713413201, 0.6753369605567585, 0.35044199352621186, 3,8, 3
0.4564624492782545, 1.8052307592750365, 0.6171950109989255, 0.35413943928277036, 5,10, 5
0.4842679438568483, 1.5941097089690077, 0.6352921704248436, 0.37658528746706144, 6,8, 6
0.48280449677376436, 1.510587133595128, 0.6274964210989389, 0.41595846862689134, 3,5, 3
0.5966207676445154, 1.3227045762707073, 0.5473854667875454, 0.3687734450129938, 5,5, 5
0.5751347036519657, 1.2945779463401597, 0.5842389570743127, 0.4030681045307152, 7,9, 7
0.6583516264218718, 1.2009349461784093, 0.5125029412560379, 0.3459023381026399, 3,5, 3
0.7003924698995543, 1.3244364414653291, 0.4831609895604268, 0.35240706531500526, 1,5, 1
0.5918313044635136, 1.2581807376409937, 0.5728105921507097, 0.38517245201217415, 9,9, 9
0.6747821459455864, 1.1351159529226904, 0.49701548208281915, 0.3535534195986957, 8,8, 8
0.7244063061265217, 1.0336006181810125, 0.4386808818627817, 0.33293253502678943, 7,7, 7
0.7399720614647775, 0.9925122223500286, 0.44108374816190343, 0.3241751389861317, 11,11, 11
0.7099048759395995, 0.9474191791568232, 0.43954734259808853, 0.3322326543052391, 5,5, 5
0.7115013636666001, 0.9255367576466712, 0.4173703819279013, 0.2916909233172679, 6,6, 6
0.7240071841947715, 0.89236999195528, 0.4091293235538584, 0.3100166377837519, 6,6, 6
0.7337856715226502, 0.8703476312433378, 0.4054965618106913, 0.28149810068454534, 7,7, 7
0.7509479145879066, 0.8372818630044128, 0.3800159585993189, 0.28182043826520936, 7,7, 7
0.7361138827911927, 0.8188059903028042, 0.4068823124541607, 0.30154821910960355, 6,6, 6
0.7331204683030665, 0.8271985349746149, 0.4017376470007988, 0.2875020724618793, 9,9, 9
0.7518791990953236, 0.7870234372331278, 0.41198820282537696, 0.292682950093031, 5,5, 5
0.7658484667065789, 0.7712567478733721, 0.39195498435287296, 0.2776748488766003, 5,5, 5
0.7820794252644183, 0.7472027079632142, 0.3519265532116882, 0.26257062059070796, 5,5, 5
0.7986429854320495, 0.7191174244345834, 0.3283205839764042, 0.25062916842892485, 8,8, 8
0.8064923834231358, 0.7115254920017395, 0.30425417382678716, 0.2411200196679038, 5,5, 5
0.8086875540477616, 0.6968355704883833, 0.3110124973634616, 0.24188700959611975, 8,8, 8
0.7891970997139626, 0.7046499848812341, 0.3429111339150211, 0.2370333213469528, 9,9, 9
0.8111488059602209, 0.6605901894581916, 0.30642503878812116, 0.23617903350369893, 3,3, 3
0.8084214727599282, 0.6683534822880502, 0.31485248309655256, 0.23959010531146757, 11,11, 11
0.8189982039513071, 0.6395344582499034, 0.27130807765149945, 0.22196833408387293, 9,9, 9
0.8238541874542673, 0.6274708784674925, 0.2795451925302493, 0.23479550352427428, 8,8, 8
0.8204616510343911, 0.6117391854849766, 0.29535198952171254, 0.24101360705734462, 11,11, 11
0.8222576997272667, 0.610099352500614, 0.2940066055180682, 0.22106793428964788, 11,11, 11
0.8224572606931417, 0.5947974879391509, 0.28487797007393206, 0.22016229664905307, 4,4, 4
0.8220581387613916, 0.5895678461539237, 0.28454601226297904, 0.23164311232235524, 6,6, 6
0.8278454067717688, 0.5751604769239322, 0.2638115367223958, 0.2186924666655762, 5,5, 5
0.8242533093860174, 0.5786404068129793, 0.28141403594032366, 0.21912247126350387, 10,10, 10
0.8300405773963946, 0.566563308871883, 0.2569249485831504, 0.21611904760226644, 8,8, 8
0.8304396993281448, 0.5584182902738798, 0.2468049279739132, 0.21898179588330344, 9,9, 9
0.8275793254839353, 0.5599736716747613, 0.2660844419481063, 0.2130760367030782, 4,4, 4
0.8265150003326016, 0.5664960687619339, 0.28318911579187506, 0.22085387360252898, 6,6, 6
0.8329674715625623, 0.5336054992835106, 0.2524598056569821, 0.21745564735027142, 5,5, 5
0.8305062196501031, 0.54302813786223, 0.26518355319481757, 0.21415504438639535, 5,5, 5
0.8302401383622696, 0.5415356102321558, 0.26425971563905376, 0.22438200638253522, 6,6, 6
0.8311049025477283, 0.5421919562844743, 0.2684297182542654, 0.21164591108642306, 8,8, 8
0.8328344309186456, 0.5274496590296793, 0.25739950659635275, 0.2145119894361821, 7,7, 7
0.8321027073771037, 0.5243259731004822, 0.2517807202794383, 0.21599299008727865, 6,6, 6
0.8335661544601876, 0.526408192485188, 0.239596709848818, 0.2103595739859661, 4,4, 4
0.8328344309186456, 0.5256579453602087, 0.24056672334682477, 0.2091537018429203, 9,9, 9
0.8360939266946052, 0.5214376290448529, 0.2276630837089519, 0.20622469597187354, 4,4, 4
0.8369586908800638, 0.5152034566807989, 0.24265576435843797, 0.20275438276149482, 6,6, 6
0.8356948047628551, 0.5181399857258273, 0.2431456776638599, 0.2085611140042628, 9,9, 9
0.8403512272999402, 0.508090446101575, 0.22990978197478068, 0.2116902217625903, 8,8, 8
0.8381560566753143, 0.5006467938631899, 0.2325691250411965, 0.2096642221306816, 4,4, 4
0.8398190647242733, 0.5010395158699162, 0.22520528988423658, 0.2099285758835891, 6,6, 6
0.839220381826648, 0.49321621790114345, 0.22894833328463474, 0.21025471186451294, 5,5, 5
0.8404177476218985, 0.48579849853463075, 0.23573337054169005, 0.21027010279403602, 8,8, 8
0.8414820727732322, 0.4845742151318018, 0.2259275985612288, 0.20988412931746084, 9,9, 9
0.8435442027539414, 0.47993895527826286, 0.22232443395161997, 0.20503424888927566, 6,6, 6
0.8419477150269408, 0.4764459234944502, 0.24024739678668788, 0.20229801429415392, 6,6, 6
0.8422803166367325, 0.48048311924945386, 0.2412444898266025, 0.20460878387627002, 7,7, 7
0.846071974988359, 0.4682781462541944, 0.22304368383340695, 0.20498615014217716, 8,8, 8
0.8464710969201091, 0.4711457990741943, 0.22720395302566737, 0.20920473637433828, 9,9, 9
0.8458058937005255, 0.46736818399283353, 0.2184300635790721, 0.20217604011240184, 9,9, 9
0.8466041375640259, 0.46652984956667665, 0.2241890879961005, 0.20035008889402658, 7,7, 7
0.848134104969068, 0.4684002908531795, 0.2279783478386554, 0.20244056381155473, 4,4, 4
0.8475354220714428, 0.4691090016223553, 0.23801429842632804, 0.1951903343711239, 6,6, 6
0.8454732920907337, 0.47665187590114644, 0.254905274082212, 0.200286964643414, 6,6, 6
0.8513270804230693, 0.4630493425922594, 0.22599909718563413, 0.1954337437469392, 7,7, 7
0.851659682032861, 0.45566303030516875, 0.222308001689912, 0.19453198355086448, 7,7, 7
0.8531896494379033, 0.45071559173329034, 0.21509538112166293, 0.19621846026326467, 6,6, 6
0.8546530965209872, 0.4482573905632259, 0.2103254807123575, 0.19224876817798153, 8,8, 8
0.8543204949111953, 0.4459006500855681, 0.2177582517437229, 0.19177942064998088, 5,5, 5
0.8551187387746957, 0.4406258359568674, 0.21118707122846897, 0.1920323436352084, 9,9, 9
0.8557839419942792, 0.4326570242742318, 0.2114578296261778, 0.19244114581354052, 6,6, 6
0.8562495842479878, 0.4311137400528491, 0.2140607422259329, 0.19488497072360722, 6,6, 6
0.8547861371649039, 0.43301040708866106, 0.21134254033749383, 0.19124175731203943, 8,8, 8
0.8559835029601544, 0.42735087538074723, 0.21270717003156137, 0.19307993898558834, 4,4, 4
0.8559169826381959, 0.43328814350033856, 0.21008495922617546, 0.19309666292984948, 7,7, 7
0.8595090800239473, 0.42469701221868666, 0.20582762430153106, 0.18830845710822874, 9,9, 9
0.8567152265016963, 0.4252579477455563, 0.21035262295244173, 0.18246041759222262, 7,7, 7
0.8563161045699461, 0.4247000572936468, 0.22010450935385212, 0.18686422105815148, 9,9, 9
0.8595756003459056, 0.4236588321340111, 0.20983832819557727, 0.18096366513206835, 8,8, 8
0.8605068848533227, 0.4205816582909501, 0.20849987238668904, 0.17876246424991366, 5,5, 5
0.8586443158384887, 0.42680635400797384, 0.2113371830897621, 0.17925072701227632, 9,9, 9
0.858710836160447, 0.42761332139651315, 0.21122495291534857, 0.18428641467154785, 4,4, 4
0.8614381693607397, 0.4245536177702729, 0.21265222890968924, 0.185856973466298, 7,7, 7
0.8617707709705315, 0.41653009077939906, 0.20190362004725312, 0.1796674945447906, 5,5, 5
0.8605068848533227, 0.41779101758914716, 0.2056737142091307, 0.17723817557175142, 4,4, 4
0.8608394864631145, 0.41285748673181477, 0.2001429060992467, 0.1782080808926703, 8,8, 8
0.8601077629215725, 0.41359873179766565, 0.2036151154687783, 0.17635505036332147, 6,6, 6
0.8603073238874476, 0.4122385436322351, 0.2037558655714558, 0.18159580890683877, 9,9, 9
0.8619703319364066, 0.409077837369377, 0.20141597081250037, 0.17287341060823846, 6,6, 6
0.8631011774096987, 0.4070649694239265, 0.19579931483396507, 0.17423632388487537, 3,3, 3
0.8638329009512407, 0.4047300652923483, 0.1970681500850354, 0.1713259505135586, 11,11, 11
0.8627685757999068, 0.40453910699518825, 0.19899174783545656, 0.17133245611029987, 9,9, 9
0.8615712100046564, 0.40318640208270023, 0.1969673366938068, 0.17393929025762886, 9,9, 9
0.8635668196634072, 0.4033976575413432, 0.20210044662278906, 0.17159008248468804, 5,5, 5
0.8650967870684494, 0.3964914206838279, 0.1924028405834572, 0.17141667970667257, 8,8, 8
0.10137697066453802, 2.3021059506494415, 0.8894322354273796, 0.5424376996807115, 0,0, 0
0.28583782345506553, 2.0592301017960684, 0.7316980776451936, 0.43762362833917484, 0,0, 0
0.396394598549857, 1.8061680983885084, 0.6999929723725202, 0.3972311884960466, 0,0, 0
0.4259961418213264, 1.621705310075121, 0.6718391615572762, 0.4423438314001416, 2,5, 2
0.48805960220847466, 1.5300205603180217, 0.6310171586454989, 0.42847342962164736, 6,8, 6
0.525244462183197, 1.45206925464503, 0.591976128210039, 0.38186739577380324, 1,3, 1
0.5310317301935742, 1.3746865469623049, 0.5854745772818198, 0.40987165133607917, 1,4, 1
0.5744029801104238, 1.3391997477840485, 0.5515414831530207, 0.3202530825607198, 1,5, 1
0.5412758597751613, 1.3449784506525928, 0.5859200616798771, 0.4114142325851823, 2,5, 2
0.598948978913058, 1.2279253513449098, 0.5013674013960577, 0.3157902895803321, 3,5, 3
0.7123661278520588, 1.1280396331199787, 0.4504605795751712, 0.31628113246982975, 6,8, 6
0.712033526242267, 1.0012752891108117, 0.4121161637714129, 0.28747675964254343, 5,5, 5
0.7185525177941862, 0.9674280531843849, 0.42092874328671664, 0.29719751575718506, 6,7, 6
0.7379099314840684, 0.9300123484218573, 0.40417762877183655, 0.28434204712614486, 4,4, 4
0.7537417681101577, 0.9200228411359122, 0.3787496705988154, 0.2784283769069281, 9,10, 9
0.7385086143816936, 0.8650529713120457, 0.3873322287353356, 0.2753876246496787, 4,4, 4
0.7524113616709905, 0.8454571786788935, 0.36115493286495465, 0.25747785081618124, 8,8, 8
0.7470897359143218, 0.8358649474233799, 0.37208393714259763, 0.2598661243224086, 4,4, 4
0.7764251978979578, 0.796408497349289, 0.3339263836568208, 0.2427588046964829, 5,5, 5
0.7754273930685824, 0.7697995230475597, 0.32699908782256193, 0.2396335434590282, 7,7, 7
0.7728996208341649, 0.7664813321085399, 0.3149221603350688, 0.23484045435779163, 5,5, 5
0.7917913922703386, 0.7241725443275923, 0.31236458135527007, 0.22584212570612652, 7,7, 7
0.7967138960952571, 0.7035941418631927, 0.31170325015522443, 0.236713351536689, 9,9, 9
0.7932548393534224, 0.7051462965582441, 0.3156264684860215, 0.2339634042717488, 6,6, 6
0.794851327080423, 0.6896502840997316, 0.3148579492325972, 0.2307469840023618, 9,9, 9
0.7987760260759662, 0.6752019098352003, 0.29523763604723774, 0.22719279190096323, 4,4, 4
0.8118805295017628, 0.649055126762616, 0.2865808079045533, 0.22100200281808707, 3,3, 3
0.8176677975121399, 0.6395630362495208, 0.27750320340966705, 0.22405758331425532, 7,7, 7
0.8185325616975986, 0.6360585437940108, 0.2646992661282232, 0.21175488653300292, 8,8, 8
0.8157387081753475, 0.6374601412527406, 0.2657267241041512, 0.21668035709220068, 5,5, 5
0.8176012771901816, 0.6313503905673624, 0.26740999456522024, 0.21218837038130708, 3,3, 3
0.8159382691412227, 0.6005436343139056, 0.29165604442408755, 0.22947803706273234, 9,9, 9
0.8217920574735582, 0.6031998096644964, 0.2640284260213373, 0.21572199573515252, 8,8, 8
0.8253176345373512, 0.5835653352054676, 0.2609329904136441, 0.21382490760871023, 10,10, 10
0.8305062196501031, 0.5629072900369577, 0.2633450601431559, 0.2208533660736448, 10,10, 10
0.8261158784008514, 0.5691790502312201, 0.27023812775437345, 0.21930204014385954, 9,9, 9
0.8226568216590169, 0.5699953787899396, 0.27447831042238463, 0.21870347102078225, 3,3, 3
0.8253176345373512, 0.5630315006759444, 0.27753548298832653, 0.21996753536319727, 8,8, 8
0.8353622031530633, 0.5382027051171994, 0.2559671074715883, 0.21153341197114328, 10,10, 10
0.8356282844408967, 0.5364233635540502, 0.248405246886732, 0.2084264280939223, 8,8, 8
0.8379564957094392, 0.5280374303289505, 0.24682516691758202, 0.21144511718210673, 7,7, 7
0.8378234550655225, 0.5248965414558163, 0.24775390893539814, 0.20819155994527766, 6,6, 6
0.8346969999334797, 0.5258811898863393, 0.250509498096657, 0.20288462124527126, 7,7, 7
0.8387547395729396, 0.5168518032810234, 0.24051833850817966, 0.19846602960765086, 7,7, 7
0.842745958890441, 0.5024192611115527, 0.23759955058833848, 0.1984158647787685, 6,6, 6
0.8439433246856914, 0.49470182593979983, 0.2423303920746666, 0.1938389366333251, 5,5, 5
0.8436772433978581, 0.49445586085008764, 0.24376910452376305, 0.19987015008427175, 11,11, 11
0.8454067717687753, 0.4851955632967983, 0.23794613799806325, 0.20171327155143154, 5,5, 5
0.8448746091931085, 0.4835630384382362, 0.22982280293971577, 0.20132113021475473, 9,9, 9
0.8470697798177343, 0.48436783795491567, 0.23059977153789413, 0.19798182469851905, 8,8, 8
0.8460054546664005, 0.48492721414386597, 0.23102020390476213, 0.19422842019060416, 4,4, 4
0.8448746091931085, 0.4908937509199001, 0.24539751740953844, 0.19518990618360965, 7,7, 7
0.8500631943058604, 0.474835400959897, 0.21845374856174524, 0.19242200419605948, 7,7, 7
0.8496640723741102, 0.46486262754186597, 0.22925759159802375, 0.19275375595957622, 11,11, 11
0.8507949178474024, 0.46777918244345756, 0.21938061446257096, 0.19315344144841887, 8,8, 8
0.85332269008182, 0.45675088064769426, 0.21424456554409102, 0.18546687071521034, 5,5, 5
0.8521253242865695, 0.4577121405648389, 0.23000730506695496, 0.19443965580281639, 11,11, 11
0.8538548526574868, 0.4507602194723927, 0.21352969165968222, 0.1818400461611786, 5,5, 5
0.8553848200625291, 0.44724670571858627, 0.21413801363232562, 0.1886792201396019, 6,6, 6
0.8556509013503625, 0.4444351580224384, 0.21183367496336636, 0.18706240746861844, 8,8, 8
0.8563826248919045, 0.44087391215460353, 0.2121260936845773, 0.18754822759714798, 7,7, 7
0.857979112618905, 0.4399651184517215, 0.21029830897456367, 0.1780219259169333, 8,8, 8
0.859642120667864, 0.4327695781218115, 0.20985678290697024, 0.18061880986159629, 9,9, 9
0.8594425597019889, 0.4335207421456161, 0.2155839754372637, 0.18482503581067508, 3,3, 3
0.8586443158384887, 0.4354432745879327, 0.2169341655941054, 0.18016435740859488, 6,6, 6
0.8549191778088205, 0.4336191918501182, 0.2195512865674148, 0.18370020823742142, 9,9, 9
0.8561165436040711, 0.43248651562365936, 0.21838965984243822, 0.18290861465021174, 6,6, 6
0.8601077629215725, 0.421697080484578, 0.20417263979465147, 0.17909288694721312, 8,8, 8
0.8633007383755738, 0.41826698213267044, 0.20085284407549558, 0.17491679649279337, 9,9, 9
0.8626355351559901, 0.4149743350660584, 0.2011203485335646, 0.17328833822392486, 7,7, 7
0.8621698929022816, 0.4144617459783961, 0.2018319148054609, 0.17734637614199272, 7,7, 7
0.8617042506485731, 0.41642453907273524, 0.20382688589812686, 0.1712971683011149, 6,6, 6
0.8619038116144482, 0.41144581271789055, 0.20344138189894906, 0.16952678094160714, 12,12, 12
0.8628350961218653, 0.40276791977739373, 0.20536997949992838, 0.16851797472952396, 8,8, 8
0.8655624293221579, 0.39931018952741154, 0.19615450994189104, 0.16626758605753622, 6,6, 6
0.8660280715758665, 0.39856604048190003, 0.19773815543846873, 0.16992365415161864, 4,4, 4
0.8672919576930752, 0.3986722134551707, 0.1936175361604218, 0.16035617398837507, 8,8, 8
0.8672254373711169, 0.3956244607131512, 0.1983655554040815, 0.15952064413220118, 9,9, 9
0.8675580389809087, 0.39950918723853995, 0.19831239829316374, 0.16226912810198388, 7,7, 7
0.8680236812346172, 0.3995018637407068, 0.19846883815954183, 0.1659544944137252, 9,9, 9
0.867624559302867, 0.3973398978246192, 0.19318635634151576, 0.16710501173143996, 7,7, 7
0.8681567218785339, 0.3998186590885405, 0.19413400990647653, 0.16850113275408007, 6,6, 6
0.8678906405907004, 0.39444773751429274, 0.19037338490715253, 0.16673604404502815, 8,8, 8
0.8650302667464911, 0.3921617071080473, 0.19296483625875122, 0.167719228169185, 7,7, 7
0.8674915186589504, 0.38937470289404197, 0.18958497588783757, 0.16209407533785303, 7,7, 7
0.8684893234883256, 0.40036613246778685, 0.20032401586278858, 0.1624902735465727, 8,8, 8
0.8687554047761591, 0.39596075999089103, 0.1929825504638056, 0.1644356872472276, 9,9, 9
0.8708840550788266, 0.3867764203029217, 0.1976640258081486, 0.1590937691630119, 4,4, 4
0.8700858112153262, 0.38711716935040963, 0.19865190803036092, 0.16109524560665295, 8,8, 8
0.869487128317701, 0.3875903568048921, 0.1864916922049695, 0.1609424975976093, 7,7, 7
0.8707510144349099, 0.38083864663327716, 0.18838397810132868, 0.15822257975580517, 5,5, 5
0.8686888844542008, 0.3836428632734282, 0.19578123163999187, 0.15850471752234527, 6,6, 6
0.8706179737909931, 0.3807348264296647, 0.19117309522909745, 0.16465233979340116, 7,7, 7
0.8704849331470764, 0.37934642806813673, 0.19195987438964493, 0.15832654437151095, 7,7, 7
0.8693540876737843, 0.3840434779907301, 0.1893081749320487, 0.1609363139954896, 8,8, 8
0.8680236812346172, 0.3827353944252066, 0.19819582692921967, 0.1628958744476102, 8,8, 8
0.8698197299274929, 0.37933278641630747, 0.18835011331212587, 0.15964778696915233, 10,10, 10
0.8679571609126588, 0.38372319989081344, 0.1977885917715081, 0.1656184034163652, 7,7, 7
0.8699527705714095, 0.3781363506920849, 0.18458583903784287, 0.15908778608116209, 6,6, 6
0.8720149005521187, 0.3758091934740154, 0.18306019549103617, 0.1559095368220231, 7,7, 7
0.8716157786203685, 0.37551756876262715, 0.19100957838440627, 0.16318378262181224, 8,8, 8
0.09319497106365995, 2.302084453391559, 0.9158551618076127, 0.41163496293782253, 0,0, 0
0.24333133772367457, 2.137483063803488, 0.8139792822817572, 0.4701175885391396, 0,0, 0
0.37876671323089206, 1.8121777494050608, 0.7579410722465377, 0.4993626673959913, 0,0, 0
0.4964411627752278, 1.738757956979962, 0.6373963964435646, 0.36918288076118827, 4,9, 4
0.5868422803166368, 1.791264378034465, 0.587910184225863, 0.3638109580227967, 2,10, 2
0.5613649970065855, 1.5342077474258327, 0.5956426152689345, 0.3965939908495858, 1,7, 1
0.5873744428923036, 1.3097466802347755, 0.5662796775665578, 0.3762657106480882, 6,6, 6
0.6276857579990687, 1.1601485788350194, 0.5614284110975355, 0.38412279050353837, 6,6, 6
0.641655025610324, 1.116784970195559, 0.5589593695499259, 0.3744907653973687, 7,8, 7
0.6604802767245394, 1.0610335571428564, 0.5273718418484878, 0.3722672238212491, 9,9, 9
0.670059203086543, 0.9841480564049632, 0.4903604657872642, 0.32941097082288096, 7,7, 7
0.7264684361072308, 0.9329729795679089, 0.4524110203364743, 0.3273020181228916, 4,4, 4
0.7334530699128584, 0.896217256287193, 0.4280237373375033, 0.2749338389325697, 6,6, 6
0.7370451672986097, 0.8974204152552179, 0.4240790476467876, 0.29290275740526794, 10,10, 10
0.7488857846071975, 0.8613690175717247, 0.4120955855981898, 0.27465564193473563, 6,6, 6
0.7394398988891107, 0.824416004597002, 0.43367919661815546, 0.2850802422734517, 5,5, 5
0.7587307922570345, 0.8068384319890584, 0.4105895409901715, 0.27791231388392745, 11,11, 11
0.7794186123860839, 0.787871515881475, 0.3792038408367261, 0.2545936779717428, 6,6, 6
0.7883323355285039, 0.7871261621535857, 0.36471133578710224, 0.27006442531435365, 7,7, 7
0.7818133439765849, 0.7495433577781493, 0.3753136104579462, 0.2528908701460233, 8,8, 8
0.7807490188252512, 0.7254364585204627, 0.3888883884398699, 0.2831126133037229, 9,9, 9
0.7944522051486729, 0.6942075055617786, 0.34621060653832225, 0.25363900728191435, 7,7, 7
0.8004390341249251, 0.6854477988973073, 0.3290920161132575, 0.24009390584212537, 5,5, 5
0.7967804164172154, 0.6843515148171254, 0.3302488177064623, 0.23422544856513883, 6,6, 6
0.8067584647109692, 0.6667765025285959, 0.30848877151098336, 0.22961204745598005, 6,6, 6
0.8079558305062197, 0.6537225862699506, 0.31279889116124954, 0.23611362596856167, 7,7, 7
0.807091066320761, 0.6442125516072361, 0.30208819785924385, 0.24008938483476805, 5,5, 5
0.8073571476085944, 0.6319880414689842, 0.29473629786728445, 0.23150805170899758, 5,5, 5
0.8138761391605135, 0.6268108792008108, 0.32232376947706953, 0.23631559271634964, 9,9, 9
0.808022350828178, 0.6170345350862844, 0.33710622546105534, 0.24204747488995523, 5,5, 5
0.8100179604869288, 0.6087096226823258, 0.31942736375699643, 0.23328282048822477, 9,9, 9
0.8148074236679306, 0.5982626270397722, 0.3149772438515258, 0.23217639735576523, 6,6, 6
0.8091531963014701, 0.6060302501315973, 0.2997710695874877, 0.223217547097961, 8,8, 8
0.8201955697465576, 0.5885192497675638, 0.2885558253667863, 0.22276224324977384, 7,7, 7
0.8228563826248919, 0.5805793331438152, 0.27748943139025084, 0.22113856760809825, 6,6, 6
0.82212465908335, 0.5812120500134721, 0.27902463844369757, 0.21522764800855412, 10,10, 10
0.8255171955032262, 0.5758890675408466, 0.2783565815101725, 0.21854157124858795, 8,8, 8
0.8283775693474357, 0.5631080348889432, 0.267507050132676, 0.20756912049615991, 1,1, 1
0.830107097718353, 0.5502562519621652, 0.26940629921839093, 0.2204731496334872, 7,7, 7
0.8306392602940198, 0.5515903144103843, 0.2545604356372944, 0.21481232012864226, 9,9, 9
0.83103838222577, 0.5442404919960757, 0.2652704364585931, 0.215569284392962, 9,9, 9
0.8323687886649371, 0.5393185498605692, 0.24848994312674538, 0.21122034612751986, 8,8, 8
0.8313709838355617, 0.5375407778323814, 0.24781801652409818, 0.21191938864688264, 6,6, 6
0.831969666733187, 0.5296121316345709, 0.2557937818784239, 0.21783620927900502, 9,9, 9
0.834563959289563, 0.5220183780695822, 0.24261827437694364, 0.20812920749095884, 7,7, 7
0.8358278454067718, 0.5219267962650239, 0.2438616480050484, 0.20899654163577366, 9,9, 9
0.8374908534557307, 0.5147272141337662, 0.2577638132353283, 0.21277547690898171, 8,8, 8
0.8372247721678973, 0.5104105800614376, 0.24933718911025668, 0.2075371305025089, 7,7, 7
0.8365595689483137, 0.513349810106368, 0.2472264693929928, 0.21577787736338772, 6,6, 6
0.8372912924898557, 0.5032030804138387, 0.24688497995684963, 0.20506487666696455, 5,5, 5
0.8370252112020222, 0.5026792498577158, 0.2449063856998241, 0.20713262138040356, 6,6, 6
0.8400186256901483, 0.4896963940248841, 0.24231900547774912, 0.206095570444635, 9,9, 9
0.8409499101975654, 0.48866318925472774, 0.24668386125731664, 0.20644393507177194, 8,8, 8
0.8422803166367325, 0.4861588611088837, 0.24669279244291864, 0.2068179118218626, 7,7, 7
0.840883389875607, 0.4897803688679436, 0.24258040587946464, 0.20475176467230047, 4,4, 4
0.8423468369586908, 0.48754373453841326, 0.23866750934097236, 0.1993251536819628, 9,9, 9
0.8442759262954833, 0.4810075452770335, 0.2275539524198165, 0.20198476968929177, 5,5, 5
0.8442094059735249, 0.4784202416105693, 0.24031529749703964, 0.20109929293003945, 7,7, 7
0.8460054546664005, 0.47283982175147077, 0.24956999147760464, 0.2011209630854368, 11,11, 11
0.8458058937005255, 0.4672272134446453, 0.23673006639679248, 0.202365278636418, 6,6, 6
0.8473358611055678, 0.46392485152317914, 0.22623758264690985, 0.19501098689778554, 6,6, 6
0.8464045765981507, 0.4626238461438828, 0.2386624183652439, 0.20106148927666148, 5,5, 5
0.8468702188518592, 0.4641692730561824, 0.22056599831403492, 0.19637459607919897, 9,9, 9
0.8489323488325683, 0.46500184769438996, 0.22458989140845437, 0.19365892043028357, 5,5, 5
0.8480010643251513, 0.4571532187278962, 0.22428757374881886, 0.19694005526687555, 7,7, 7
0.8495310317301936, 0.44945439054631287, 0.22467958445403624, 0.19578890431940535, 7,7, 7
0.8537883323355285, 0.4437153401859772, 0.2219654532196303, 0.19379258853895054, 4,4, 4
0.8525909665402781, 0.44893847527697966, 0.21721384141373687, 0.19057451223716368, 11,11, 11
0.8532561697598616, 0.4452938645062563, 0.22501444504604454, 0.18889155000066896, 5,5, 5
0.8543204949111953, 0.44538107245258507, 0.22548859421520434, 0.18916873251278765, 7,7, 7
0.8525244462183197, 0.44238062726146876, 0.22969159881849674, 0.1969881585953817, 5,5, 5
0.8553182997405707, 0.43570476001485625, 0.22623819480778898, 0.19263832868221484, 6,6, 6
0.8553848200625291, 0.4364164034512171, 0.22476714047844715, 0.18718926670259353, 10,10, 10
0.855185259096654, 0.44291897065583535, 0.242934374607053, 0.19073304777563382, 9,9, 9
0.8532561697598616, 0.4426661782126749, 0.23669628378206242, 0.19076690459092888, 9,9, 9
0.854054413623362, 0.4334725737865862, 0.21408282184764135, 0.18795578888716946, 7,7, 7
0.8581121532628218, 0.4283720016972816, 0.2100380718003802, 0.18592587763349566, 10,10, 10
0.8589103971263221, 0.42188232733848324, 0.21056898850019426, 0.18319544030910226, 7,7, 7
0.8595756003459056, 0.4194849173332022, 0.21176860950215948, 0.18595648208435606, 8,8, 8
0.8591764784141556, 0.4122680069567921, 0.21967446219155076, 0.18892446366853363, 10,10, 10
0.8607064458191978, 0.413415824389095, 0.2129309755395243, 0.1792931854822044, 6,6, 6
0.8604403645313643, 0.41401443479040906, 0.21049678242810066, 0.17824024587871842, 8,8, 8
0.8609725271070312, 0.4116194874530215, 0.21152721403876804, 0.18060088458367013, 7,7, 7
0.8586443158384887, 0.4102526797228385, 0.20580876869283726, 0.18253144560111587, 7,7, 7
0.8593095190580723, 0.4110715521267154, 0.2028218153192684, 0.17759136506522888, 7,7, 7
0.8619703319364066, 0.4095015376239282, 0.21029083395273418, 0.17880234259677505, 5,5, 5
0.8624359741901151, 0.40666775486373025, 0.2147564828730113, 0.17822482626396066, 6,6, 6
0.8640324619171157, 0.4042192641703548, 0.20669881770335308, 0.17617709038120943, 8,8, 8
0.8621033725803233, 0.39628476807307794, 0.20512368822555171, 0.1760935687232298, 9,9, 9
0.8625024945120734, 0.39553382958489713, 0.21382679515472935, 0.1779257653038423, 7,7, 7
0.8642320228829907, 0.3961878163681304, 0.2099324842217783, 0.1787881711264236, 5,5, 5
0.8637663806292822, 0.3976978268657735, 0.2076273548900071, 0.17336829301093626, 9,9, 9
0.8652298277123661, 0.39555588183579454, 0.20082261066017013, 0.16998281081320776, 4,4, 4
0.8659615512539081, 0.3936817570434652, 0.20335900731202158, 0.17459498914544347, 8,8, 8
0.8653628683562828, 0.3929781262494839, 0.20355875394532677, 0.17301289729488956, 5,5, 5
0.8656954699660746, 0.3904905387949761, 0.19684477647130216, 0.16626455092712852, 9,9, 9
0.8650967870684494, 0.38739923199652704, 0.19395566794104246, 0.16996106921063242, 8,8, 8
0.866493713829575, 0.38819167935381127, 0.20019781798757916, 0.17294667290434126, 7,7, 7
0.8654293886782412, 0.38952031434116496, 0.20413109742699248, 0.1722160069010938, 7,7, 7
0.8672254373711169, 0.38632125653779337, 0.19476093779441972, 0.17380476701597788, 9,9, 9
0.8674915186589504, 0.38437868262037417, 0.19251755299690954, 0.16476366407954426, 6,6, 6
0.08168695536486396, 2.304471641895911, 0.910680387444664, 0.27884312118439436, 0,0, 0
0.17767577995077496, 2.210085881356667, 0.8153543683234017, 0.5327136903837248, 0,0, 0
0.28883123794319165, 2.0533318453477243, 0.7616667400758552, 0.48753378458074925, 0,0, 0
0.36060666533626023, 2.001054210562812, 0.7133972125431538, 0.4248330210356759, 2,3, 2
0.4263287434311182, 1.8560606809409168, 0.6377648446219907, 0.4233068643847118, 2,6, 2
0.4357081088272467, 1.7107085114611225, 0.6507525162591121, 0.4315748209273124, 3,8, 3
0.5601676312113351, 1.5850927214819865, 0.5325125355969705, 0.32223879586581994, 3,6, 3
0.5461318432781215, 1.5223856226962436, 0.5618198230011371, 0.3569417455663684, 4,6, 4
0.5534490786935409, 1.4267782561442914, 0.5341561790814169, 0.3079014836794801, 3,3, 3
0.5890374509412626, 1.3525094019046109, 0.4922002725415854, 0.2904364592614921, 3,3, 3
0.6005454666400586, 1.247330266225538, 0.47101075512504453, 0.2740523251388238, 4,4, 4
0.6051353688551853, 1.2629186770818903, 0.4774440096626845, 0.2793487124957641, 4,5, 4
0.6048692875673518, 1.2359517966422526, 0.4803047888501187, 0.3198737404924652, 8,8, 8
0.6264218718818599, 1.1382490275805857, 0.4394997374562975, 0.2710243477405551, 7,7, 7
0.6495044236014103, 1.0951818498564712, 0.4275442550046218, 0.2685981125514254, 8,8, 8
0.6902813809618839, 1.0354968350071472, 0.3900927828088993, 0.24377104437428224, 4,4, 4
0.7351825982837757, 0.9583846941409369, 0.3658575643372582, 0.24851549340250328, 3,3, 3
0.7516131178074902, 0.9278696135331124, 0.3720771598172498, 0.2572504338522787, 4,4, 4
0.7909931484068383, 0.8395913174859579, 0.3213441002207893, 0.2285543432944578, 5,5, 5
0.7796846936739174, 0.8325262324722387, 0.3330376443622678, 0.22953605153880685, 7,7, 7
0.7761591166101244, 0.8173278587474855, 0.3420499493793558, 0.2410608793454218, 9,9, 9
0.7728331005122064, 0.8012078763358392, 0.3450736672729328, 0.2317221057937315, 5,5, 5
0.7949843677243398, 0.7819239693985753, 0.29866771955943955, 0.22299021420591683, 8,8, 8
0.78646976651367, 0.7727238749288262, 0.3060453983588588, 0.22124266287568847, 9,9, 9
0.7997073105833832, 0.7365610705389931, 0.28422494582497015, 0.22760251236649945, 7,7, 7
0.7905940264750881, 0.7497200398039082, 0.319855347826277, 0.22225278406543697, 10,10, 10
0.7959156522317568, 0.7121668857262403, 0.29646711493325933, 0.2181735303085726, 6,6, 6
0.794651766114548, 0.706376828074839, 0.3056380472182728, 0.2278606244659393, 6,6, 6
0.7971795383489656, 0.6956222411467655, 0.30406581475337086, 0.21660042805852633, 6,6, 6
0.8041641721545932, 0.6636379150365084, 0.3171786248461177, 0.23214567222874627, 9,9, 9
0.8146078627020554, 0.6382314096971854, 0.2704184107135893, 0.21984140092718607, 12,12, 12
0.8179338787999734, 0.6297594019885993, 0.2666696015772873, 0.21452558620722453, 5,5, 5
0.8141422204483469, 0.6338540307224885, 0.27558585943474145, 0.23015935826805284, 7,7, 7
0.8183330007317235, 0.614961083156681, 0.2738936847398397, 0.2135842071345967, 7,7, 7
0.8235215858444754, 0.604596244600302, 0.2677790396062628, 0.2179804754197155, 5,5, 5
0.821193374575933, 0.5951818420429716, 0.2688246621884198, 0.21518887219572505, 5,5, 5
0.8234550655225171, 0.5928038482371357, 0.26631464565422913, 0.21323172572345683, 6,6, 6
0.8273797645180603, 0.5865105404581271, 0.2566481480224171, 0.21527858105635617, 6,6, 6
0.8269806425863101, 0.5780735523981981, 0.2537439375735888, 0.20792129427022332, 6,6, 6
0.8242533093860174, 0.5700566166163341, 0.25563457254576655, 0.20268137791441534, 7,7, 7
0.8292423335328943, 0.5571944842987996, 0.24951069569574433, 0.2051385072279159, 9,9, 9
0.8286436506352691, 0.5554231945382465, 0.2510362848992622, 0.20006565902976658, 8,8, 8
0.8314375041575202, 0.5484922278277655, 0.24187932902206136, 0.20535966400129374, 2,2, 2
0.8293088538548526, 0.5453666087350991, 0.2547338794329831, 0.2168129868000383, 7,7, 7
0.832900951240604, 0.5391137386706016, 0.2464807166482921, 0.20212849627381405, 6,6, 6
0.8321692276990621, 0.5317186985894661, 0.2526728630919625, 0.19801631548288184, 7,7, 7
0.8344309186456462, 0.5277444959617699, 0.23650579459822788, 0.1945385651128429, 4,4, 4
0.8305727399720615, 0.529935554162045, 0.25431397577237275, 0.1986867014817473, 6,6, 6
0.8338987560699794, 0.5294048628017006, 0.23821053601039105, 0.20003391829813275, 7,7, 7
0.8326348699527706, 0.526806969557888, 0.24755249769155477, 0.19997134536275749, 9,9, 9
0.839220381826648, 0.5161635888891657, 0.2330913973299796, 0.195799431031948, 4,4, 4
0.8380895363533559, 0.5095703997022062, 0.23010534154525902, 0.1937392916713738, 6,6, 6
0.8443424466174416, 0.49508232800669877, 0.23127125949954916, 0.19207391946146518, 8,8, 8
0.8442759262954833, 0.49023124798699624, 0.24101062349323538, 0.19456437184643613, 9,9, 9
0.8442094059735249, 0.49540788823015675, 0.2357216061729042, 0.19497321306624812, 6,6, 6
0.8454067717687753, 0.4885288133048091, 0.2261622829429391, 0.19896826899183012, 10,10, 10
0.8461384953103173, 0.47998416431557284, 0.23958807299202733, 0.19594790836478893, 4,4, 4
0.8435442027539414, 0.4781238816560599, 0.23833079594086534, 0.19002051262227732, 6,6, 6
0.845340251446817, 0.47686071556141923, 0.24028674651284937, 0.19707061700050166, 8,8, 8
0.8485997472227765, 0.46255712892827544, 0.22876743370731312, 0.1933343372734849, 6,6, 6
0.8531231291159449, 0.4541410060646748, 0.21822633903805694, 0.18864585014994353, 6,6, 6
0.8526574868622364, 0.45426754692698373, 0.2204141801609855, 0.18070946888925613, 5,5, 5
0.8518592429987362, 0.45254276672099014, 0.2175389397660786, 0.18297528207483665, 5,5, 5
0.8537883323355285, 0.45190674689818117, 0.2235145866213896, 0.18929526292545767, 9,9, 9
0.8513936007450276, 0.4534261358034882, 0.22456975359337172, 0.18426667852295497, 9,9, 9
0.8559835029601544, 0.43796194754949763, 0.2189417631361091, 0.18617185838441958, 7,7, 7
0.8553182997405707, 0.4376604852239237, 0.22233774819019148, 0.18016708190668076, 7,7, 7
0.8585777955165304, 0.4268341182340332, 0.2071542470846583, 0.17972251236942532, 8,8, 8
0.8577130313310717, 0.43302141834708857, 0.21540733614686225, 0.17873586306637804, 5,5, 5
0.857047828111488, 0.4273392786790891, 0.2130101656018941, 0.1781679315867137, 7,7, 7
0.8577130313310717, 0.42291383313132197, 0.2080276869901936, 0.17645449601090188, 8,8, 8
0.8584447548726136, 0.42478075203959126, 0.20672880469587074, 0.1735181986990799, 6,6, 6
0.856848267145613, 0.42899692122225463, 0.21175331713796708, 0.1749490759319527, 7,7, 7
0.8593095190580723, 0.42391105826723563, 0.20865721922138541, 0.17146295705634787, 6,6, 6
0.8581121532628218, 0.42133010640582597, 0.21275458832327884, 0.17336959534186552, 9,9, 9
0.8599082019556975, 0.4228105911719008, 0.20701416368909537, 0.17139076534524214, 11,11, 11
0.8601077629215725, 0.42015764152101914, 0.2052752024731291, 0.17045825591618352, 6,6, 6
0.8603073238874476, 0.4110435393790425, 0.20217256081331414, 0.16826682276629668, 7,7, 7
0.860373844209406, 0.41437233844225435, 0.20558185898934248, 0.1693196525538374, 11,11, 11
0.8606399254972394, 0.41617838032206944, 0.20584789499913608, 0.16971835347632772, 10,10, 10
0.8589103971263221, 0.41471116988056417, 0.20686124591910018, 0.17288652781539196, 7,7, 7
0.8605068848533227, 0.40966115437073763, 0.20843472938328433, 0.17015383204389026, 8,8, 8
0.8638329009512407, 0.405161381921815, 0.20050302869619346, 0.1619088756773433, 11,11, 11
0.8629016164438236, 0.4004532113489874, 0.19491335967987852, 0.16673819547926405, 8,8, 8
0.8635668196634072, 0.40312951892937204, 0.2042357391532914, 0.1697881251508419, 11,11, 11
0.8624359741901151, 0.4002327584698494, 0.2044701232138969, 0.16855305303303436, 4,4, 4
0.8636998603073239, 0.3988548271661778, 0.20519568982140504, 0.17013792699651853, 10,10, 10
0.8633672586975321, 0.40203189953413515, 0.21567086276359246, 0.1701935852921116, 10,10, 10
0.8640324619171157, 0.40007399918411146, 0.20391879331577287, 0.16782048457136656, 5,5, 5
0.866493713829575, 0.3933212985214903, 0.19944173903941967, 0.16869663567196433, 11,11, 11
0.8675580389809087, 0.39016646078118705, 0.1860936836019329, 0.15856922743668345, 6,6, 6
0.8674915186589504, 0.38685204474693197, 0.19270141859866485, 0.1620353743444117, 6,6, 6
0.8672919576930752, 0.38555568642145027, 0.18863353904023072, 0.16219637362737455, 8,8, 8
0.8671589170491585, 0.3840186147217155, 0.19445739202738344, 0.1617372960419696, 7,7, 7
0.8668263154393667, 0.3873585006061599, 0.18997250291559653, 0.16261861242061948, 7,7, 7
0.866892835761325, 0.3835560469132832, 0.1934659042875976, 0.1624625203126571, 3,3, 3
0.8688884454200758, 0.37921394977737477, 0.18695052280953575, 0.16176741565834354, 5,5, 5
0.8690214860639925, 0.38170159977701135, 0.19315128282328678, 0.16369510039546603, 6,6, 6
0.8688219250981175, 0.3786497972065361, 0.18388065746086252, 0.1627092094683835, 5,5, 5
0.8679571609126588, 0.3803749879796488, 0.19020518490799684, 0.16038287762787953, 7,7, 7
0.8698862502494512, 0.3816300773720057, 0.1872360604151001, 0.15633742071261889, 7,7, 7
0.0964544668396195, 2.3032059659344433, 0.8973012620317568, 0.3469403098013762, 0,0, 0
0.23920707776225636, 2.2131595851449934, 0.7673291256839819, 0.3611593825477145, 0,0, 0
0.28297744961085614, 2.0552672722208314, 0.7511305802224002, 0.5009029352935318, 0,0, 0
0.350162974788798, 1.9599019857955509, 0.7180970535469287, 0.4382824691927002, 5,8, 5
0.418678906405907, 1.7315757504080094, 0.6587540556758534, 0.4481556871309356, 4,6, 4
0.4528038315705448, 1.6049257467855789, 0.6374045480022786, 0.4340391740861239, 4,6, 4
0.5077496175081487, 1.5273425764468234, 0.5727424960374367, 0.35346273625992175, 5,7, 5
0.5062861704250649, 1.4879593151694748, 0.590158049249703, 0.3258457024786061, 5,6, 5
0.5795250449012174, 1.5137054739188016, 0.5377365818596127, 0.35058525867428086, 5,9, 5
0.6660014634470831, 1.4339671266812062, 0.4952900554741371, 0.34118089077292596, 3,10, 3
0.6912126654693008, 1.1383106976704518, 0.5082872382624493, 0.35008694737548274, 8,8, 8
0.7325883057273997, 1.0961107506663863, 0.43496820925335816, 0.2784408950227738, 7,7, 7
0.7266014767511475, 1.0128246855153475, 0.4309775317821805, 0.3007256606879303, 6,6, 6
0.6890840151666334, 1.0014126391735054, 0.4421724241025952, 0.2960735392816681, 9,9, 9
0.7674449544335794, 0.9064890480125855, 0.39666971879991186, 0.25302745961398787, 6,6, 6
0.7794851327080423, 0.8599079092565289, 0.35949811671347986, 0.2551535297957883, 7,7, 7
0.765515865096787, 0.8709154008994893, 0.34764095639789383, 0.24808920731176543, 6,6, 6
0.7551386948712832, 0.8297748535622328, 0.37873685583713423, 0.25796220366592215, 6,6, 6
0.7683762389409965, 0.8127828119941063, 0.38589458955782036, 0.2677112592410824, 6,6, 6
0.7841415552451274, 0.7819069674892767, 0.3325964540145189, 0.24166789020373283, 10,10, 10
0.7704383689217056, 0.7979051307989453, 0.3597486639689408, 0.2588160857970558, 9,9, 9
0.7968469367391738, 0.7336165726748862, 0.3049007213219614, 0.22583424413297024, 9,9, 9
0.7961152131976319, 0.7265454545986616, 0.3178833974616232, 0.22715839157176898, 9,9, 9
0.8039646111887182, 0.7026248838335264, 0.29565576748631317, 0.22933919107681666, 6,6, 6
0.8024346437836759, 0.6873855158305816, 0.298228693000585, 0.22465240541357118, 4,4, 4
0.8121466107895963, 0.6568825764476615, 0.27956533042619, 0.2198317389209902, 10,10, 10
0.8092197166234285, 0.6494528692531996, 0.3088298835289587, 0.231744940183445, 9,9, 9
0.8021020421738841, 0.6458046795174274, 0.2926033295408168, 0.22131636268997873, 6,6, 6
0.8100179604869288, 0.6345346418593065, 0.28316194659584104, 0.22214938198013745, 7,7, 7
0.8235881061664339, 0.601262456601515, 0.2669906230234812, 0.21910238554058775, 4,4, 4
0.8160713097851393, 0.6069739680173696, 0.2868759348461697, 0.2268482069143767, 6,6, 6
0.8103505620967205, 0.6054410119221124, 0.28650928405192, 0.21803583420811698, 7,7, 7
0.8207277323222244, 0.5892741716163195, 0.2681262715239031, 0.21506898328993831, 6,6, 6
0.8243863500299341, 0.577230310134942, 0.2697515835739732, 0.21724383594805455, 8,8, 8
0.8329674715625623, 0.5600094005571287, 0.2586302061666483, 0.22572560698811237, 8,8, 8
0.8349630812213131, 0.5562394315419416, 0.2611342476427281, 0.2215072752798214, 6,6, 6
0.8257167564691014, 0.5634652696932979, 0.2645676907215693, 0.2170988115694331, 7,7, 7
0.8294418944987694, 0.5472915309748176, 0.266235019256495, 0.2159604466956386, 8,8, 8
0.8308388212598949, 0.5319107193421725, 0.26622189082303716, 0.21411803231564203, 7,7, 7
0.8325683496308122, 0.5295351296454042, 0.25184796144408766, 0.2108157553319583, 9,9, 9
0.8364930486263553, 0.5211387826831307, 0.2553700354182531, 0.21291572568137507, 7,7, 7
0.8389543005388146, 0.5169085807268395, 0.251455274402204, 0.20950189540188943, 5,5, 5
0.8353622031530633, 0.5222143434657511, 0.25836269082630253, 0.21133381856478148, 11,11, 11
0.8394199427925231, 0.5080924092926375, 0.24081954700217037, 0.20110379213335564, 7,7, 7
0.8446085279052751, 0.49887904561741003, 0.2443113729982776, 0.21541599036217068, 8,8, 8
0.8438102840417747, 0.5023503184140184, 0.24302645059007574, 0.20627699962573445, 5,5, 5
0.845539812412692, 0.4998700510436696, 0.2357980827379772, 0.19738169053819085, 7,7, 7
0.8418811947049823, 0.49723334317384094, 0.24342914885750577, 0.20189311859013048, 5,5, 5
0.845340251446817, 0.4894808702959479, 0.2384270074003909, 0.20174746054602555, 9,9, 9
0.8434111621100246, 0.4820251691331373, 0.23703152104765107, 0.2064071087197106, 4,4, 4
0.846071974988359, 0.4862370914186148, 0.2275125298379002, 0.19439174023875438, 9,9, 9
0.8480675846471097, 0.47803104689653736, 0.2265239317288683, 0.19564287172163108, 6,6, 6
0.8466706578859842, 0.4745860913225968, 0.2244274202276041, 0.1985315966740613, 9,9, 9
0.8458058937005255, 0.474168471708427, 0.22854418834994686, 0.19731203639263087, 8,8, 8
0.845140690480942, 0.47263593151015587, 0.22906576080173088, 0.19643527833936036, 5,5, 5
0.851460121066986, 0.4638960072551589, 0.23286011967388792, 0.20233842916188535, 5,5, 5
0.8520588039646112, 0.4564526361306506, 0.2235253449528121, 0.1905411444514872, 8,8, 8
0.8553182997405707, 0.4521230445450531, 0.22370598825909593, 0.1952575180204696, 11,11, 11
0.8534557307257367, 0.45304966972665683, 0.2248617530825986, 0.19869312655996407, 6,6, 6
0.8552517794186124, 0.44483681935643055, 0.21581409119782666, 0.19272094850231494, 5,5, 5
0.8589769174482804, 0.44394049772124256, 0.2038486900222237, 0.1860101964404839, 11,11, 11
0.8547196168429455, 0.44591383220390846, 0.21497337966801847, 0.19095719336320602, 6,6, 6
0.8527240071841947, 0.4446124877379803, 0.2205877847029452, 0.18831710881358613, 5,5, 5
0.8525909665402781, 0.4447815161448111, 0.2188574854129411, 0.19033370114460474, 5,5, 5
0.8533892104037784, 0.43643807513062144, 0.22057660610659766, 0.19246555086283246, 6,6, 6
0.85777955165303, 0.4305480286341938, 0.2131325634267156, 0.18751834496250708, 6,6, 6
0.8592429987361139, 0.42475259460793713, 0.2116928306649552, 0.18342330883941965, 6,6, 6
0.859642120667864, 0.42714083980280526, 0.20680846273985964, 0.18420069603894604, 5,5, 5
0.8588438768043637, 0.4225022561242455, 0.20985007247135937, 0.18429320866152252, 9,9, 9
0.8603073238874476, 0.42351579528765126, 0.2069110916723195, 0.18795755794346633, 7,7, 7
0.8573139093993215, 0.42084798206376867, 0.21457069031552575, 0.18749623979577557, 4,4, 4
0.8569813077895297, 0.42338485753340654, 0.2080315586721933, 0.18220499154481654, 8,8, 8
0.8569813077895297, 0.42171747650689445, 0.21080587777503632, 0.1918817260420971, 8,8, 8
0.8616377303266147, 0.4151471081513893, 0.20079178432672695, 0.18771417234934457, 8,8, 8
0.8621698929022816, 0.41191407752904224, 0.20638540969085833, 0.1783063029201638, 8,8, 8
0.8605068848533227, 0.414063268952992, 0.19806865226538936, 0.17584257991917734, 9,9, 9
0.8631011774096987, 0.4093552410653815, 0.20268236043992002, 0.17533755311893948, 6,6, 6
0.8611720880729062, 0.4128921791664995, 0.19947624222087212, 0.17740227923724802, 6,6, 6
0.8594425597019889, 0.4146160269269204, 0.20630850718366, 0.1778839218644798, 6,6, 6
0.8623694538681568, 0.41082934917409714, 0.1964529646509402, 0.17418366136826702, 10,10, 10
0.8623029335461984, 0.4066857338012151, 0.20259288320737226, 0.17588361019491255, 4,4, 4
0.8632342180536153, 0.40564638383405766, 0.21235565194483388, 0.17368630415049993, 10,10, 10
0.8640324619171157, 0.4043007079551154, 0.20462946575106578, 0.1777436976735302, 11,11, 11
0.8635002993414488, 0.40002641363920405, 0.19963099231532597, 0.17378396866302107, 4,4, 4
0.8632342180536153, 0.3988688052018071, 0.1982105741906588, 0.17698410904813466, 2,2, 2
0.8645646244927826, 0.3949403304282348, 0.19292655711404247, 0.17123552279401688, 5,5, 5
0.8658285106099913, 0.38762526168086003, 0.18818842469048744, 0.16659126110224892, 5,5, 5
0.8668263154393667, 0.38937103960400615, 0.18507681013414767, 0.16781460846872534, 7,7, 7
0.8656289496441163, 0.3901958144265382, 0.1865664280911303, 0.1680309280951874, 6,6, 6
0.8663606731856582, 0.38954352856912366, 0.18680274661848245, 0.16766706573631537, 10,10, 10
0.8658285106099913, 0.3874912537939855, 0.18837419428059946, 0.16885638746683956, 9,9, 9
0.8672919576930752, 0.38726620134020945, 0.18969975766959077, 0.16326654200552781, 3,3, 3
0.8684228031663673, 0.3830310927310934, 0.18061461423296568, 0.16092869002914573, 4,4, 4
0.8678906405907004, 0.3863014235463318, 0.18987710712724568, 0.16326239359447933, 6,6, 6
0.8686888844542008, 0.38255230570931936, 0.18996237436798313, 0.16243749635634264, 8,8, 8
0.8672919576930752, 0.3864544104977003, 0.18936740157861462, 0.1652264443321117, 10,10, 10
0.8685558438102841, 0.3802963542881914, 0.1842500066943561, 0.16780842519867575, 7,7, 7
0.869088006385951, 0.37730450977884256, 0.18516894254740532, 0.16510550794364248, 8,8, 8
0.8680902015565756, 0.37817451614115416, 0.1948955147785998, 0.16526532554807902, 5,5, 5
0.8705514534690348, 0.37947448521462823, 0.18576710000418523, 0.16002179864291027, 7,7, 7
0.8688219250981175, 0.382250227866684, 0.19208878664369006, 0.16751171235609155, 9,9, 9
0.11009113284108295, 2.3031075875900116, 0.8903291601785296, 0.3494494321622741, 0,0, 0
0.2867025876405242, 2.089176290653617, 0.7819394878373709, 0.37876598628918023, 0,0, 0
0.30120401782744627, 1.985200640581846, 0.7716438038947657, 0.5018493179958815, 0,0, 0
0.3313377236745826, 1.9233351193793673, 0.7510621530607915, 0.49378516889652474, 4,6, 4
0.47628550522184526, 1.5602900886217161, 0.6526738824241918, 0.3780010053892818, 4,5, 4
0.5497904609858312, 1.3804961085730383, 0.5750417709067248, 0.32276938934072313, 5,7, 5
0.5247122996075301, 1.42917426342511, 0.6343018683661792, 0.4092123957833605, 8,11, 8
0.6085279052750615, 1.3686456625443182, 0.560271431037693, 0.3666555943313329, 3,7, 3
0.6258231889842347, 1.2818873646231523, 0.5352758766098527, 0.3344958605574169, 2,5, 2
0.5992150602008913, 1.1785765774509644, 0.5427304558701516, 0.3756034903124989, 2,5, 2
0.6391937736978647, 1.1249864343411293, 0.551880643899835, 0.37091634470889395, 7,9, 7
0.6811015765316304, 1.0601410118810854, 0.514205007822863, 0.36021307867001523, 9,9, 9
0.7232089403312713, 1.0442040290598154, 0.4487338924208689, 0.28278466635104166, 7,8, 7
0.6959356083283443, 1.0163165134734573, 0.46099673586230616, 0.29689036005089603, 3,3, 3
0.7455597685092796, 0.9137795966720789, 0.3873161088265338, 0.25726230197334915, 5,5, 5
0.7476218984899887, 0.8629017412355117, 0.41605336729112247, 0.2873174025922092, 7,7, 7
0.7529435242466573, 0.8466730999031327, 0.3892700443910057, 0.28993540624672276, 8,8, 8
0.7862036852258365, 0.7836787960033545, 0.3295308307239408, 0.24148862325486423, 4,4, 4
0.7762256369320828, 0.7797953125377847, 0.38122680140767484, 0.275513361532234, 11,11, 11
0.7808820594691678, 0.7536583468410255, 0.37844305541224715, 0.2766573055550049, 6,7, 6
0.7899953435774629, 0.7297081794654873, 0.3251510453612645, 0.23293963561651498, 6,6, 6
0.7953169693341315, 0.7213471366814743, 0.31212020571944615, 0.22621374851265397, 6,7, 6
0.7824785471961684, 0.715689014308666, 0.36163027109112716, 0.2593122821033923, 7,7, 7
0.792988758065589, 0.7009981891657888, 0.3176015508480867, 0.22699851550546468, 8,8, 8
0.7910596687287966, 0.6924531052649159, 0.32147674568747653, 0.23413031355800498, 5,5, 5
0.7874010510210869, 0.6812190639216721, 0.34087416443556007, 0.23433247195443221, 4,4, 4
0.8015033592762589, 0.6560077225412294, 0.3200192269484193, 0.21985797888291214, 9,9, 9
0.8101510011308455, 0.6443616129730179, 0.31200072325801953, 0.2215700459111822, 7,7, 7
0.8098183995210537, 0.6461704899822921, 0.3230115197168139, 0.2344906730348825, 8,8, 8
0.7963812944854654, 0.6399796982734943, 0.35448371071810825, 0.25396049041429747, 10,10, 10
0.816004789463181, 0.6170215442032185, 0.30983324496144604, 0.23210372057069942, 8,8, 8
0.8217920574735582, 0.6094694975102426, 0.28420676357282515, 0.21696073322578766, 10,10, 10
0.8233220248786004, 0.6032056377308073, 0.27923727945473636, 0.2145874421249712, 7,7, 7
0.8229894232688086, 0.5971665886176112, 0.27518842879252575, 0.21058315353120471, 7,7, 7
0.823055943590767, 0.5933033089097371, 0.27481134068358326, 0.21182658824875503, 6,6, 6
0.8271802035521852, 0.5728116252574588, 0.27878278528392286, 0.2132405675471939, 9,9, 9
0.8279784474156855, 0.5691231238972853, 0.2713893606337425, 0.2114855628481723, 8,8, 8
0.8243863500299341, 0.5676744765551999, 0.2762050301091427, 0.2132234491396525, 7,7, 7
0.8298410164305196, 0.5688281136649614, 0.2648864211486732, 0.21354993721270124, 8,8, 8
0.832900951240604, 0.5559133949649813, 0.2622829809607768, 0.2108450460004292, 8,8, 8
0.8327013902747289, 0.5406283361984102, 0.2568975328652958, 0.20980208539018316, 6,6, 6
0.8340983170358545, 0.5398891508803886, 0.255713900462149, 0.20538164626461022, 8,8, 8
0.8368921705581055, 0.5268810103523917, 0.25539365496179095, 0.20132180073418102, 9,9, 9
0.831969666733187, 0.5316181423920456, 0.26756077820255725, 0.20523419513535088, 8,8, 8
0.8379564957094392, 0.5182014161678054, 0.24651977551161278, 0.20258613276065757, 6,6, 6
0.8374908534557307, 0.5158399682836148, 0.24835312596836645, 0.19711711006509774, 10,10, 10
0.8404842679438569, 0.5043030246486927, 0.24050804120166028, 0.19827190530751237, 6,6, 6
0.840883389875607, 0.5022420399862988, 0.2412387664322809, 0.20294184798640455, 2,2, 2
0.8406173085877736, 0.49416717230515367, 0.2511495302931646, 0.20064179688533368, 7,7, 7
0.8431450808221912, 0.4920090845545584, 0.24576489732745685, 0.20630390810950164, 7,7, 7
0.8418811947049823, 0.49185779848955, 0.2524491450082613, 0.19759994674023357, 9,9, 9
0.8450076498370253, 0.48410787910795416, 0.24517614280510291, 0.19855143074799086, 5,5, 5
0.8469367391738176, 0.47912077376312334, 0.23646631080880479, 0.1999533206831311, 6,6, 6
0.8464045765981507, 0.47859686078486413, 0.2374344867639655, 0.19730908569327837, 5,5, 5
0.8492649504423602, 0.4794495802405489, 0.23877871715566495, 0.19515812074923825, 8,8, 8
0.8498636333399854, 0.47311328665054775, 0.23362952676925616, 0.19351842349466292, 8,8, 8
0.8503292755936939, 0.46845941373092237, 0.2302794800797029, 0.19581179824165698, 5,5, 5
0.8484667065788598, 0.4676265525915621, 0.2385234967211683, 0.19330722207676562, 9,9, 9
0.8519922836426528, 0.4643314575621675, 0.22533200233368292, 0.19048141103294813, 8,8, 8
0.8539213729794453, 0.45314478014637793, 0.2169311023784936, 0.18640262496470697, 5,5, 5
0.8535887713696534, 0.45110235696104584, 0.22073019366918822, 0.1875916749750308, 6,6, 6
0.8557839419942792, 0.44723557692832133, 0.22137066799208388, 0.18485102823186947, 6,6, 6
0.8555843810284042, 0.44135287574233123, 0.21655627826444301, 0.18465098237134892, 5,5, 5
0.8555178607064459, 0.4432948623853762, 0.21901979417853937, 0.18437371711375086, 7,7, 7
0.8566487061797379, 0.4381188719779795, 0.21311563632673153, 0.18121804870676994, 7,7, 7
0.8557839419942792, 0.43174241798473656, 0.22306189028351617, 0.18830376061153228, 10,10, 10
0.8583117142286969, 0.4232389454916028, 0.20907212592252872, 0.1845577679470071, 8,8, 8
0.8582451939067385, 0.4222608911350021, 0.20298235070230589, 0.18188361672655007, 10,10, 10
0.8571143484334465, 0.42414175388477804, 0.22155704591275868, 0.17898932303504206, 7,7, 7
0.8595090800239473, 0.42411965291673337, 0.20904407247888546, 0.17887673705903898, 8,8, 8
0.8619038116144482, 0.4154176842044251, 0.2052565175761001, 0.1781806209217885, 7,7, 7
0.8617042506485731, 0.4182613762866983, 0.2030287599027008, 0.17975794933423192, 7,7, 7
0.8608394864631145, 0.4202276344740347, 0.21476264134546189, 0.179425927960626, 4,4, 4
0.8567152265016963, 0.4362164978413117, 0.22108263122979885, 0.1725458004073893, 8,8, 8
0.8606399254972394, 0.4215387499851366, 0.21632662853101794, 0.17273863577595883, 12,12, 12
0.8594425597019889, 0.4243935344232697, 0.21541032098654775, 0.17615948974537649, 8,8, 8
0.8611720880729062, 0.41775590683962616, 0.2064381865558204, 0.1683833087533928, 8,8, 8
0.8638329009512407, 0.4096857430153629, 0.2135176826850793, 0.1752487553243982, 4,4, 4
0.8639659415951573, 0.411919772294024, 0.20526424089180687, 0.17565872038175606, 5,5, 5
0.866493713829575, 0.4003357651508774, 0.1956952269745053, 0.16866423836384534, 5,5, 5
0.8665602341515333, 0.39700263417770887, 0.19782547658033178, 0.1787282347194999, 5,5, 5
0.86669327479545, 0.4026257660303827, 0.1931294193183732, 0.1716614999932452, 10,10, 10
0.8665602341515333, 0.4046365583069644, 0.1967934628725149, 0.1699755956794104, 6,6, 6
0.8670258764052418, 0.39910888759228025, 0.1919333257772924, 0.16891055146435782, 8,8, 8
0.8675580389809087, 0.39576939950973195, 0.19531491072252308, 0.16761702365391773, 8,8, 8
0.866892835761325, 0.3987434396080322, 0.20524810632908694, 0.17220056782969806, 3,3, 3
0.8675580389809087, 0.3960785938514564, 0.1919337011285479, 0.16563940036389346, 7,7, 7
0.8696866892835762, 0.39197460728555594, 0.19188812004672287, 0.17077014700962484, 9,9, 9
0.8686888844542008, 0.3904353702805369, 0.19212237698538903, 0.16178472201088334, 3,3, 3
0.8701523315372847, 0.38995292877988313, 0.18894663853663893, 0.16614691571511142, 5,5, 5
0.8705514534690348, 0.39223609913542057, 0.189584136510771, 0.16237396532599227, 8,8, 8
0.8682232422004923, 0.38951974446897947, 0.19388028350617656, 0.16621581206189323, 7,7, 7
0.8681567218785339, 0.3908862188432977, 0.19832007575729751, 0.16987201730675117, 7,7, 7
0.8694206079957427, 0.3899030437325355, 0.1877266069606071, 0.1600376470000331, 3,3, 3
0.8698862502494512, 0.3905695375010379, 0.1917315599327264, 0.16756019431982616, 9,9, 9
0.8695536486396594, 0.38516246376919605, 0.18800079694136318, 0.1628070329018979, 4,4, 4
0.867624559302867, 0.39496701095720504, 0.1906769228266032, 0.16503346922247325, 9,9, 9
0.8701523315372847, 0.3843403201122579, 0.19240922930051046, 0.16393718999880352, 5,5, 5
0.8688884454200758, 0.3849511641731319, 0.19162900016213424, 0.16265843493577978, 10,10, 10
0.8732787866693275, 0.3737692747342247, 0.17769238219887462, 0.15936880758776495, 7,7, 7
0.8722809818399521, 0.3750306346833593, 0.17771326455357386, 0.16264658408586055, 9,9, 9
0.08793986562894965, 2.304005860029434, 0.9114174298047835, 0.34986035998743836, 0,0, 0
0.2725337590633939, 2.093686092822112, 0.7497849257343506, 0.40044670627402157, 0,0, 0
0.2811148805960221, 1.9921447712409395, 0.7932282245478334, 0.519330255923641, 0,0, 0
0.4464178806625424, 1.6925320543984663, 0.6765278596442308, 0.4496605167505219, 5,8, 5
0.537151599813743, 1.4515032469880595, 0.6236707939419882, 0.4289000377464591, 4,4, 4
0.6157786203685226, 1.268737107747097, 0.5422401076151083, 0.311060027053527, 2,3, 2
0.5704782811148806, 1.2952259432103541, 0.595696144320215, 0.4038337361963738, 4,6, 4
0.6073305394798111, 1.267729318009286, 0.5523415557223362, 0.33579338361523264, 2,4, 2
0.6098583117142287, 1.1621941921982284, 0.5879616423272561, 0.391358785223451, 8,9, 8
0.6307456928091532, 1.0969799351353848, 0.524852292447397, 0.29310478305000176, 6,6, 6
0.6374642453269473, 1.1120828134910856, 0.529753544225693, 0.32351626341720285, 2,7, 2
0.646311448147409, 1.0989726643591116, 0.5004955913412786, 0.3095248269074608, 4,8, 4
0.638329009512406, 1.1015109640423726, 0.5275791429868635, 0.37154050825804086, 5,5, 5
0.6836958690880064, 1.0454886542544088, 0.44244694799120077, 0.2757791145771104, 2,6, 2
0.7186855584381029, 0.9263394399131349, 0.47790190742235855, 0.3310090286086551, 10,10, 10
0.7472892968801969, 0.8439742197822202, 0.4063643544051565, 0.2684028081423419, 8,8, 8
0.7415685491917781, 0.8175949864325216, 0.4326776919718814, 0.27688587835544265, 9,9, 9
0.7734317834098317, 0.7634847863718351, 0.39605495218338027, 0.264000620841093, 6,6, 6
0.7806159781813344, 0.7525394248434547, 0.3663180748510426, 0.24678649383163742, 5,5, 5
0.7873345306991286, 0.731737207294139, 0.3635843949584912, 0.2595380804989557, 8,8, 8
0.7863367258697532, 0.7180444740105121, 0.34454528108562565, 0.23879956479617748, 5,5, 5
0.7802168562495843, 0.7137443428623125, 0.3589854525555964, 0.2391854682051343, 5,5, 5
0.7939200425730061, 0.6922288386179328, 0.3208342785705628, 0.22893917382978018, 9,9, 9
0.8048958956961352, 0.6683687074579856, 0.33303681802133717, 0.2399828491449079, 9,9, 9
0.8127452936872215, 0.6486333013203605, 0.2826612217399078, 0.22349989170693763, 7,7, 7
0.8096188385551786, 0.6503802498396006, 0.2901811949190197, 0.22956802315996314, 4,4, 4
0.8025011641056343, 0.6594311701064279, 0.3292122662258539, 0.24648677905713495, 9,9, 9
0.8137430985165969, 0.6351428136819768, 0.28346544144317243, 0.22098066852606896, 6,6, 6
0.8015033592762589, 0.6469169993994393, 0.3066193490299462, 0.22763815606664653, 8,8, 8
0.803565489256968, 0.6309983942031486, 0.2998072011860568, 0.2246794738206653, 7,7, 7
0.8126787733652631, 0.5998448794779055, 0.29896586470368397, 0.21818312601807077, 9,9, 9
0.8105501230625957, 0.5990344703214714, 0.30704700436775156, 0.21739910940621987, 5,5, 5
0.8227233419809752, 0.583707677192772, 0.269474433802405, 0.20963236026786905, 6,6, 6
0.8254506751812679, 0.5769266119338896, 0.27393035234978497, 0.21058928226817528, 5,5, 5
0.8267810816204351, 0.5760455775158662, 0.26986895711832243, 0.21978698607228925, 7,7, 7
0.8316370651233952, 0.5693407643119124, 0.25119160907247484, 0.21233241012743445, 7,7, 7
0.8253176345373512, 0.5726305763615563, 0.2576432880262323, 0.20822869817123546, 6,6, 6
0.825849797113018, 0.5653377454286256, 0.27432682868478636, 0.20981953716493196, 9,9, 9
0.8350961218652299, 0.5541577430318091, 0.25052730895266384, 0.21412901158015812, 5,5, 5
0.8368256502361472, 0.5378504950200985, 0.25239524767265886, 0.20964638605395616, 6,6, 6
0.8356948047628551, 0.5483403133425286, 0.243078410575471, 0.20106627022633933, 8,8, 8
0.836626089270272, 0.535841377938751, 0.24106559628190227, 0.20061103982171372, 10,10, 10
0.8400186256901483, 0.5246649098605957, 0.2469389018456579, 0.1996620184539982, 6,6, 6
0.8415485930951906, 0.520363938496524, 0.23242872859600996, 0.19420699727727886, 6,6, 6
0.8402847069779817, 0.5118725305410591, 0.23010227441923103, 0.19438378442527815, 8,8, 8
0.843477682431983, 0.5065511589198942, 0.23049783789169567, 0.18865973111430914, 7,7, 7
0.8460054546664005, 0.48534651424970066, 0.23172747960877135, 0.1934607934391666, 5,5, 5
0.8476684627153596, 0.4789118736535142, 0.22760844338677227, 0.1940668942389334, 6,6, 6
0.8478015033592763, 0.47749819762806156, 0.2292163095253229, 0.19934920948194385, 5,5, 5
0.8487993081886517, 0.47931694680772036, 0.23182655065069022, 0.18593704158146662, 6,6, 6
0.8484667065788598, 0.47913189364908, 0.23352113689161716, 0.1921331132022755, 8,8, 8
0.8464710969201091, 0.4675995081145747, 0.23546707706853046, 0.19204268408135106, 8,8, 8
0.8500631943058604, 0.46312729251207546, 0.22951221914722938, 0.186228028664883, 8,8, 8
0.8491319097984434, 0.4639256372644656, 0.2346301985522762, 0.1897374146478567, 9,9, 9
0.854253974589237, 0.45483874220235104, 0.2181696403331891, 0.18665651822465917, 8,8, 8
0.8523248852524447, 0.4563639523852293, 0.2198001440574985, 0.18875031694687044, 6,6, 6
0.8523248852524447, 0.4546852346457549, 0.2155759190417584, 0.18580996162058458, 6,6, 6
0.8521253242865695, 0.45623447032840064, 0.21836562869278175, 0.18244517791921472, 7,7, 7
0.8525909665402781, 0.46309467570111207, 0.22006212817405976, 0.1804241860793518, 8,8, 8
0.8527240071841947, 0.4552756423641178, 0.2131895089911357, 0.18038150601510072, 6,6, 6
0.8537218120135701, 0.45464547980769976, 0.21928218241398514, 0.17663127539718398, 7,7, 7
0.8573139093993215, 0.43534918191726835, 0.21644998829300854, 0.1814069677008826, 5,5, 5
0.8557174216723209, 0.43890707359346814, 0.21596139386575355, 0.17917431337641151, 6,6, 6
0.8583117142286969, 0.4311702313456825, 0.21720730038107156, 0.18092149122054532, 6,6, 6
0.8577130313310717, 0.4300745794009267, 0.2118787833354483, 0.17832726549174022, 7,7, 7
0.8594425597019889, 0.4291934542720739, 0.217567989730208, 0.17890199566507417, 4,4, 4
0.8612386083948647, 0.4266569041245005, 0.21362326996674202, 0.17457417139469616, 12,12, 12
0.8608394864631145, 0.42325355073138854, 0.21277924144795574, 0.17615340355709308, 6,6, 6
0.8624359741901151, 0.41311788347694817, 0.21024835746855883, 0.1763053829582516, 6,6, 6
0.8635668196634072, 0.41240549108172486, 0.19962287282969807, 0.1696623560033831, 8,8, 8
0.8641655025610324, 0.41413651346237407, 0.20967831221214767, 0.17311639137361662, 8,8, 8
0.8640324619171157, 0.4116451065522733, 0.20467288610472123, 0.1693010182120961, 5,5, 5
0.8631011774096987, 0.40901601249818637, 0.207399182295778, 0.17265588906879334, 8,8, 8
0.8635002993414488, 0.4037279568290028, 0.20057755746540507, 0.17183452301208768, 6,6, 6
0.8652298277123661, 0.40056038559983087, 0.19502888486958703, 0.16958425742866498, 7,7, 7
0.8652963480343245, 0.39903438253640533, 0.1951658446542776, 0.17218755606621514, 6,6, 6
0.863167697731657, 0.4272300483826252, 0.20094040024324322, 0.17690977369714875, 5,6, 5
0.8631011774096987, 0.4113557783338752, 0.20489974616102694, 0.17335589489274056, 5,5, 5
0.8651633073904078, 0.4080347811399807, 0.2000974572113979, 0.16485645309721067, 6,6, 6
0.8670258764052418, 0.398114896280147, 0.19332013381055344, 0.17188378364645998, 3,3, 3
0.8647641854586576, 0.4009111907616644, 0.19847548296867362, 0.17454477664280493, 9,9, 9
0.8664271935076165, 0.4002612618801045, 0.20225371040368248, 0.16753212730590414, 10,10, 10
0.8675580389809087, 0.39630500443527034, 0.1948047812350641, 0.1652714475096547, 5,5, 5
0.866892835761325, 0.39278854024681725, 0.1983186160732146, 0.16742398931316127, 6,6, 6
0.8682232422004923, 0.39217473638182965, 0.19788677341662628, 0.1668599862071204, 9,9, 9
0.8688219250981175, 0.38952954409798346, 0.18755226218146656, 0.16552719965885968, 10,10, 10
0.8685558438102841, 0.3906746777979188, 0.19968933809846226, 0.1719232129375985, 7,7, 7
0.8672254373711169, 0.38661531004538063, 0.19848364618037062, 0.1653348827101043, 7,7, 7
0.8689549657420342, 0.3853712261059162, 0.18787049659416852, 0.16594685548855168, 6,6, 6
0.8678906405907004, 0.38652467277910013, 0.19824364708622455, 0.168522384711719, 5,5, 5
0.8682897625224506, 0.3815904990953833, 0.18920734296303987, 0.16470037444688782, 6,6, 6
0.8694206079957427, 0.38392787109988985, 0.19149372863411504, 0.16251568163094723, 8,8, 8
0.8672254373711169, 0.3863967198729688, 0.19737104998184812, 0.17018185893086504, 8,8, 8
0.8688884454200758, 0.3846516115760861, 0.1979123921137448, 0.16257587363166137, 7,7, 7
0.8686888844542008, 0.381002352413562, 0.19577504186491584, 0.1642506384325404, 5,5, 5
0.8723475021619105, 0.37809656610882425, 0.1902960040474136, 0.15808285370426575, 7,7, 7
0.8713496973325351, 0.37759007408338024, 0.19189437218474065, 0.16460894593616296, 5,5, 5
0.8695536486396594, 0.38275184704956244, 0.18575071287457043, 0.1594485914458007, 10,10, 10
0.8706844941129515, 0.3794011698932359, 0.18451106913764131, 0.16312563138820477, 4,4, 4
0.8719483802301603, 0.3747119341914041, 0.18830374708609715, 0.15690043262804304, 5,5, 5
0.8716822989423268, 0.3757473482896264, 0.18366494501645575, 0.1576112751651859, 8,8, 8
0.1088937670458325, 2.3039970074411733, 0.8939497494367579, 0.36880456439781517, 0,0, 0
0.22723341980975187, 2.1767849492144937, 0.8206392091355162, 0.4066431541285126, 0,0, 0
0.30745692809153197, 2.0136392525208473, 0.7618883287218666, 0.3803195268258772, 0,0, 0
0.38781347701722874, 1.841364790587529, 0.7291845838286232, 0.4189253293234224, 3,4, 3
0.4440231490720415, 1.59892279528409, 0.6767823997526615, 0.4551067110715643, 3,6, 3
0.5481274529368723, 1.5012841223954247, 0.5534547848246554, 0.2956141378659579, 2,6, 2
0.5477948513270804, 1.4658132700270246, 0.5363697824877324, 0.294954526352547, 4,6, 4
0.5698795982172554, 1.387133628176547, 0.5510197863495954, 0.30368676122752053, 5,8, 5
0.6117874010510211, 1.3353750135617992, 0.5433597998976548, 0.3120817696887909, 4,6, 4
0.6431184726934078, 1.255942471175656, 0.5311781527458649, 0.30493625540996017, 1,6, 1
0.6645380163639992, 1.194771337004158, 0.5518739714317012, 0.346461979637148, 3,4, 3
0.7128317701057673, 1.0962339162229269, 0.45817987560184265, 0.3170777934675003, 9,9, 9
0.7156921439499767, 1.042530411043171, 0.4811745778851318, 0.29405266697156507, 6,6, 6
0.7373112485864431, 0.9756061294462692, 0.4344970510171516, 0.26578395641424657, 8,9, 8
0.752877003924699, 0.9156709754974587, 0.4007017946044206, 0.2552053811360569, 6,7, 6
0.7391738176012772, 0.915198053264919, 0.43746472055957675, 0.2734544443030264, 6,6, 6
0.7590633938668263, 0.8744937763028798, 0.41232627213455475, 0.27023672835408225, 3,3, 3
0.7810816204350429, 0.8052189271742554, 0.3880118045130379, 0.2515401513313964, 9,9, 9
0.77755604337125, 0.8069943543887576, 0.3705838440305314, 0.24367989829724873, 12,12, 12
0.7757599946783742, 0.7864195687909254, 0.40024973815450315, 0.24542416236501846, 5,5, 5
0.7836759129914189, 0.7583380631708685, 0.34402379388680876, 0.23495968910568726, 9,9, 9
0.7932548393534224, 0.7208158706174856, 0.3423279735243927, 0.2387530665521302, 5,5, 5
0.7927226767777557, 0.7135413505253616, 0.3400388038078689, 0.23433414291226395, 6,6, 6
0.8005055544468835, 0.7020618688429646, 0.3122288898688822, 0.22388812050306406, 6,6, 6
0.8024346437836759, 0.6886666163313747, 0.312338018438629, 0.22262404126098112, 5,5, 5
0.8037650502228431, 0.6699309834974121, 0.32525715401002253, 0.2228843467612586, 3,3, 3
0.8034324486130513, 0.6650218823805306, 0.31394934625097104, 0.21538853678663192, 4,4, 4
0.8015033592762589, 0.6647143782582144, 0.3254391763202941, 0.22181882510564105, 10,10, 10
0.8079558305062197, 0.6469040171044272, 0.3025346587936054, 0.21629755487113297, 7,7, 7
0.8097518791990953, 0.6272880534713692, 0.29113342646925555, 0.22220062010425007, 8,8, 8
0.8143417814142221, 0.6188629045390819, 0.28458419824735326, 0.21730154709111102, 7,7, 7
0.822324220049225, 0.6070170638392444, 0.2805315027011618, 0.21211102565362563, 5,5, 5
0.825849797113018, 0.6013901688574678, 0.26714584634373006, 0.2068112558478103, 4,4, 4
0.8240537484201423, 0.5935836594009781, 0.2895574960237807, 0.2227890534465771, 7,7, 7
0.8267810816204351, 0.580780182280195, 0.28145796010054785, 0.21913698367764223, 7,7, 7
0.8259163174349764, 0.5744331574332829, 0.2748300399216684, 0.21122560317065786, 6,6, 6
0.8254506751812679, 0.5695194245553288, 0.2747795112953574, 0.20667359967933258, 2,2, 2
0.824918512605601, 0.5618204514731019, 0.26423516997047486, 0.2064479471313815, 6,6, 6
0.8235215858444754, 0.5589976278122365, 0.26893451676444097, 0.2057701214141958, 10,10, 10
0.8275793254839353, 0.5513517550489748, 0.2746847402892655, 0.20593028352522577, 5,5, 5
0.8348300405773964, 0.5430393728787399, 0.24809769144889238, 0.203601755041012, 7,7, 7
0.8354952437969799, 0.5337176061569615, 0.24456814405422336, 0.198600772422756, 5,5, 5
0.8355617641189383, 0.5254536717501102, 0.24687582693094817, 0.20267488396360378, 7,7, 7
0.8384221379631478, 0.5239188751387541, 0.23853594648815166, 0.20210818001127964, 6,6, 6
0.8408168695536486, 0.517715878196905, 0.2362041884244259, 0.19668761397494167, 5,5, 5
0.8384886582851061, 0.5117762752505951, 0.24093938214072058, 0.19998078656474566, 9,9, 9
0.8400851460121067, 0.5069918858877548, 0.24038369913988386, 0.19629165698000256, 4,4, 4
0.8421472759928158, 0.49560684242359826, 0.24097514338119397, 0.20017792224030923, 7,7, 7
0.845340251446817, 0.4865654298657649, 0.23724342250739677, 0.19413350953091016, 8,8, 8
0.8470697798177343, 0.48829559606020045, 0.2277260823729348, 0.1953050923221423, 4,4, 4
0.8464045765981507, 0.4849338102224699, 0.2310346700124998, 0.20412845309856784, 10,10, 10
0.8468036985299009, 0.471049860506594, 0.233571715304836, 0.19430134141340466, 11,11, 11
0.8477349830373179, 0.47465451793810975, 0.2440124198285308, 0.1938462058360852, 11,11, 11
0.849797113018027, 0.47020713435062533, 0.22368795656558216, 0.1910834011780599, 6,6, 6
0.8521253242865695, 0.4621007067856789, 0.22303892651271437, 0.19154938998367668, 6,6, 6
0.8505288365595689, 0.46077422482512603, 0.2272404592900297, 0.20071762520275804, 6,6, 6
0.8504623162376106, 0.46394699231745395, 0.22361320949305558, 0.18860185712068148, 8,8, 8
0.8528570478281114, 0.46356729098157384, 0.22000234629482227, 0.18583883503084075, 9,9, 9
0.854453535555112, 0.4569830406634354, 0.2134323341229289, 0.18644775588488052, 6,6, 6
0.8531896494379033, 0.4545585270698566, 0.21992457321345416, 0.18641322527469517, 6,6, 6
0.8547861371649039, 0.44899569087491764, 0.22077686970336377, 0.18420986447734414, 4,4, 4
0.8543870152331537, 0.4426228089336493, 0.21245100500943914, 0.1810561158418807, 8,8, 8
0.8562495842479878, 0.434497449973507, 0.2195285030938241, 0.1862503273867649, 6,6, 6
0.8575134703651965, 0.43203254410193, 0.2094237713702643, 0.17883088064003194, 7,7, 7
0.8583782345506552, 0.4280254671232782, 0.20826466021843998, 0.17905625459398178, 6,6, 6
0.8584447548726136, 0.42564904695102945, 0.21174124601947966, 0.1795407309394781, 12,12, 12
0.857979112618905, 0.4235650688560168, 0.2162409803773281, 0.1805209818043806, 11,11, 11
0.8601742832435308, 0.41880105253639416, 0.21132746705873118, 0.17641921738987945, 5,5, 5
0.8594425597019889, 0.4173196941807689, 0.20941401790234448, 0.17382273877062665, 7,7, 7
0.8599747222776558, 0.41245327828567235, 0.20340877849076025, 0.17768816855963446, 7,7, 7
0.8611055677509479, 0.4110023556794557, 0.20354567793356135, 0.17179637078114712, 6,6, 6
0.8607064458191978, 0.4098523290267733, 0.2069262831634177, 0.1808607261470011, 6,6, 6
0.8619703319364066, 0.4072856594384468, 0.1996153513584441, 0.17161032362770215, 7,7, 7
0.8619703319364066, 0.40689360175576506, 0.19910488735762238, 0.1714499050377286, 8,8, 8
0.8599747222776558, 0.41561131235092413, 0.21150501411773132, 0.17218792386139192, 10,10, 10
0.8616377303266147, 0.4103747143892238, 0.206499718221046, 0.16961448553506997, 9,9, 9
0.8613716490387814, 0.40798100272379295, 0.20038997502472763, 0.16796737637079542, 4,4, 4
0.8626355351559901, 0.407019327411676, 0.19747764307529095, 0.17110608381189718, 8,8, 8
0.863899421273199, 0.4005841876705074, 0.20165543926558707, 0.1695604953943254, 9,9, 9
0.8628350961218653, 0.398237743834685, 0.2072203809860788, 0.17090518447347366, 9,9, 9
0.864098982239074, 0.3962057796799507, 0.20232738033155886, 0.17055919868924754, 8,8, 8
0.8645646244927826, 0.3970393434609441, 0.2017586434327, 0.16762446540453577, 8,8, 8
0.8653628683562828, 0.38757507949228537, 0.1925879714002386, 0.16727195999443023, 7,7, 7
0.8653628683562828, 0.38803353906970595, 0.19682762849310179, 0.16766711877960197, 7,7, 7
0.8653628683562828, 0.39025836950984794, 0.1944123727212827, 0.16853737091759874, 6,6, 6
0.866892835761325, 0.3860066804433109, 0.18964774731590445, 0.16529806598410754, 7,7, 7
0.8672254373711169, 0.3885358626062018, 0.1895458213960524, 0.163804736441844, 5,5, 5
0.8670923967272002, 0.384735220986309, 0.19282690690354312, 0.16661167758884138, 4,4, 4
0.8675580389809087, 0.3834393868965059, 0.19599898981200847, 0.16617975842274366, 7,7, 7
0.8682897625224506, 0.3830727868220919, 0.1953829290325172, 0.170090607094276, 7,7, 7
0.8684893234883256, 0.3848912011271074, 0.19229521203970482, 0.16112635767890743, 10,10, 10
0.8704849331470764, 0.38100145988517725, 0.18941083472471668, 0.15699677964910852, 6,6, 6
0.8690214860639925, 0.3799084444716852, 0.19453035873762606, 0.16295525787179602, 6,6, 6
0.8712166566886184, 0.3769289719835283, 0.18497615813593526, 0.15936922891801508, 5,6, 5
0.8708175347568682, 0.37639728235958175, 0.18823127992447145, 0.16051268645395697, 9,9, 9
0.8704849331470764, 0.3799741599049037, 0.18573597553772317, 0.15945352635228915, 7,7, 7
0.8706844941129515, 0.37695237858277, 0.1884064653145356, 0.15752420755725607, 4,4, 4
0.8703518925031597, 0.3785466518855927, 0.1892951637626699, 0.15825641601303922, 10,10, 10
0.871881859908202, 0.37320373860924594, 0.1832362742787699, 0.1554714108326032, 4,4, 4
0.8712166566886184, 0.37495526247452704, 0.1911131653221213, 0.15698972750186307, 5,5, 5
0.8717488192642853, 0.37260755627595826, 0.18675973358151146, 0.15537372239489564, 9,9, 9
0.11421539280250116, 2.302174974120655, 0.8810607140967245, 0.3675573323460643, 0,0, 0
0.2398057606598816, 2.2015150800037073, 0.7787500928071139, 0.3329428113688772, 0,0, 0
0.229295549790461, 2.099942173315428, 0.7946177251740556, 0.5086817636394332, 0,0, 0
0.24000532162575666, 2.0368743512450136, 0.7824518989638592, 0.5098674292451753, 2,6, 2
0.303931351027739, 1.9019188975766257, 0.7458142601335976, 0.49047893331487474, 4,6, 4
0.3808953635335595, 1.8061834880605767, 0.663421146175602, 0.347305293050646, 4,8, 4
0.5136699261624427, 1.5307848573237537, 0.6031287715580099, 0.3684827842904144, 1,4, 1
0.5239140557440298, 1.44393056603879, 0.5622120652871684, 0.3124472537941273, 2,6, 2
0.5368189982039513, 1.3679355343439858, 0.5803521214611808, 0.39868225396825807, 3,7, 3
0.5801237277988426, 1.3557261728560137, 0.5713254672770923, 0.3894481833760435, 1,4, 1
0.6501031064990355, 1.1698032251907151, 0.4926472838897699, 0.3094853301979257, 6,6, 6
0.6441827978447415, 1.1131744190500645, 0.4676945670831205, 0.29970576481703176, 5,5, 5
0.7230093793653961, 1.0075612194074963, 0.4077592952741895, 0.2620877720812897, 5,5, 5
0.7609259628816604, 0.9398375577688821, 0.3913086520406509, 0.25788691703671585, 5,5, 5
0.733186988625025, 0.9301331458665053, 0.42216279163877, 0.3197582571205707, 3,3, 3
0.7413024679039446, 0.8929023457151891, 0.3864159298511132, 0.2655907207974067, 3,3, 3
0.7355817202155258, 0.8840682159302343, 0.38725205128814644, 0.2625618086992988, 6,6, 6
0.7536752477881993, 0.8607127364138314, 0.39480968710718867, 0.2845350667344546, 3,3, 3
0.7743630679172487, 0.8104860016137936, 0.37611905042178334, 0.2520957073904533, 5,5, 5
0.768841881194705, 0.7969470703068184, 0.3778825110236847, 0.242199825558173, 8,8, 8
0.7873345306991286, 0.7284475774156365, 0.3563470478594853, 0.23816589717450373, 10,10, 10
0.7947848067584647, 0.7116089212003645, 0.342737183190496, 0.24309911560432024, 3,3, 3
0.7950508880462982, 0.711797365594422, 0.33384061630934164, 0.24318920325167379, 4,4, 4
0.8054280582718021, 0.6889703053310313, 0.3077156279910197, 0.23409759366682162, 5,5, 5
0.7982438635002993, 0.6644468372457004, 0.3389631593981168, 0.2338664939659154, 8,8, 8
0.795583050621965, 0.661550682430805, 0.3289452854661337, 0.23917693268915052, 5,5, 5
0.807290627286636, 0.6593678400187298, 0.3026606956363828, 0.2275434044434448, 8,8, 8
0.7982438635002993, 0.6723336760617312, 0.3136305379115834, 0.23383608918985696, 4,4, 4
0.8134770172287634, 0.6381315706871709, 0.3002071945480509, 0.22626677262731817, 4,4, 4
0.8159382691412227, 0.6290380280490722, 0.2768565328180231, 0.21857255442293386, 5,5, 5
0.8206612120002661, 0.6159961521568523, 0.2800045074263297, 0.224553785549579, 5,5, 5
0.8240537484201423, 0.5974813632657873, 0.28180166211630825, 0.21885357287357818, 5,5, 5
0.8244528703518925, 0.5888012736296441, 0.26924920541486247, 0.21576347352604955, 7,7, 7
0.8248519922836427, 0.578672723439304, 0.2642635164731858, 0.22288478994253996, 6,6, 6
0.8197964478148074, 0.5794394322240907, 0.296821062605777, 0.22136732528326428, 6,6, 6
0.8246524313177676, 0.5688370822365668, 0.2695959362943379, 0.21361533795917964, 3,3, 3
0.8272467238741436, 0.5796295609363735, 0.273622791623019, 0.22286954720837224, 7,7, 7
0.8323022683429788, 0.5530543790831532, 0.25743835615364113, 0.20732954280977497, 6,6, 6
0.8334996341382293, 0.5440428788343796, 0.2539369594649368, 0.20972143773438529, 5,5, 5
0.8305062196501031, 0.5581221536331185, 0.273022791563029, 0.21247045478733742, 4,4, 4
0.8324353089868956, 0.5433998471689118, 0.2545958856292552, 0.20749236211733296, 9,9, 9
0.8295749351426861, 0.5549878917638984, 0.26083077317117387, 0.21117985519693808, 6,6, 6
0.8326348699527706, 0.5423452201185341, 0.2582309545629216, 0.20562897924632917, 4,4, 4
0.8333000731723541, 0.5381690272002143, 0.2560639793838087, 0.20363204489939205, 9,9, 9
0.8338987560699794, 0.5297548274433818, 0.2603302969504438, 0.21254677575254913, 6,6, 6
0.8363600079824386, 0.5214358124176102, 0.2606033351254073, 0.2112155221462508, 6,6, 6
0.8366926095922305, 0.5118660540570681, 0.23783401332107393, 0.20328124044362006, 4,4, 4
0.8352956828311049, 0.5067326329387656, 0.2593962117849795, 0.21258903844311164, 9,9, 9
0.8378234550655225, 0.5069629412198228, 0.2575557836537428, 0.2061406526324912, 5,5, 5
0.8432116011441495, 0.5011719305657556, 0.2381202307103013, 0.20028569679272676, 8,8, 8
0.8400186256901483, 0.5001872904425294, 0.23292172482000903, 0.20562300230403235, 5,5, 5
0.8426129182465243, 0.4979288667805309, 0.23124784828772202, 0.20006596112181044, 5,5, 5
0.8437437637198164, 0.4959414051793253, 0.23194654416874982, 0.1966979839856962, 5,5, 5
0.8441428856515666, 0.48767818553298775, 0.23330424876983524, 0.20001998282832859, 5,5, 5
0.845340251446817, 0.4781013936345025, 0.2305836548276974, 0.19620179547783678, 8,8, 8
0.8448080888711501, 0.4734582182278113, 0.2356229982932441, 0.20031901417784304, 7,7, 7
0.8478680236812346, 0.4670303784823085, 0.2316580345464563, 0.19907008157303557, 6,6, 6
0.8464710969201091, 0.4629453711756157, 0.23184733231210694, 0.19635248229089788, 3,3, 3
0.8502627552717356, 0.45751705749748595, 0.21721950861378606, 0.19421417924534526, 6,6, 6
0.8476019423934011, 0.4665539995655375, 0.2447498522869755, 0.20839961407962843, 4,4, 4
0.8507949178474024, 0.46720800531145085, 0.23691859331243928, 0.19572048391317803, 7,7, 7
0.8521253242865695, 0.4541540432389197, 0.22387484162804913, 0.19532512450842035, 7,7, 7
0.8501297146278188, 0.45218256090545744, 0.22655700526462996, 0.19353662762635826, 3,3, 3
0.8517927226767777, 0.45247389167545643, 0.22267249422807806, 0.1984798246437974, 6,6, 6
0.8529900884720282, 0.44852736410876454, 0.2223856487522022, 0.1954755997020351, 8,8, 8
0.8496640723741102, 0.4572758762845226, 0.23518410348490867, 0.19620785687221878, 8,8, 8
0.8543204949111953, 0.443190317864446, 0.2100285748173924, 0.1886089752435777, 2,2, 2
0.8561830639260294, 0.43487410825770967, 0.21101426992393751, 0.19022061343028582, 6,6, 6
0.8584447548726136, 0.43592205840506515, 0.21158571364934808, 0.18396115326234802, 5,5, 5
0.8580456329408634, 0.43689584780206403, 0.21463925579940762, 0.18687090821396563, 5,5, 5
0.8573804297212798, 0.4297447280464221, 0.2179220162015408, 0.19012873022829463, 5,5, 5
0.8587773564824054, 0.4270426161946152, 0.21142340034270102, 0.18692383289221826, 6,6, 6
0.8599747222776558, 0.42250615040754524, 0.20372877418171279, 0.18710152546988534, 4,4, 4
0.8591764784141556, 0.4182571077079986, 0.2038368567613727, 0.1860597106148096, 7,7, 7
0.8578460719749884, 0.4194908366519597, 0.20800936233250666, 0.18771604321845412, 5,5, 5
0.8599082019556975, 0.41663524319232353, 0.2061949279148364, 0.18417810557272424, 4,4, 4
0.8595090800239473, 0.4167421449192913, 0.21226817141931867, 0.18657660761482492, 7,7, 7
0.8609725271070312, 0.4163219731948849, 0.20838035685914144, 0.1851099870427004, 6,6, 6
0.8613716490387814, 0.4119962610365583, 0.20274915262943108, 0.18607351141506837, 4,4, 4
0.8613716490387814, 0.413268261406981, 0.206998751815083, 0.17910401285308952, 5,5, 5
0.8620368522583649, 0.41214376389029334, 0.20104358917607584, 0.18309108667081667, 4,4, 4
0.8624359741901151, 0.4088309043770473, 0.20165236035725298, 0.18047072781864631, 4,4, 4
0.8648307057806159, 0.40589529416001674, 0.20009317309409966, 0.1786898881477427, 4,4, 4
0.8637663806292822, 0.4057495870216073, 0.20117441384121257, 0.1773146961751475, 7,7, 7
0.8643650635269075, 0.4055184800245284, 0.19974475982391268, 0.17897007153720687, 6,6, 6
0.8642985432049491, 0.4038317798291734, 0.19486295346250462, 0.17836023413506652, 2,2, 2
0.8658285106099913, 0.4049211145055819, 0.2012809269309281, 0.1812680491561719, 6,6, 6
0.8652963480343245, 0.3971970655756188, 0.19887338789752768, 0.17923869277138496, 4,4, 4
0.8666267544734917, 0.39744989331915515, 0.19862021617851616, 0.17807148765617303, 7,7, 7
0.8666267544734917, 0.3895367483960599, 0.19895213266342424, 0.17442288838167352, 5,5, 5
0.866892835761325, 0.39026323366988874, 0.1927763525130641, 0.1764508454139626, 5,5, 5
0.8661611122197831, 0.39482179809702034, 0.20341999009501852, 0.17843007309126221, 6,6, 6
0.8685558438102841, 0.3909495890801935, 0.18877707705364663, 0.16874626027771253, 5,5, 5
0.8667597951174084, 0.39580152036168803, 0.20141140481822106, 0.1761754795297076, 7,7, 7
0.869487128317701, 0.3869478935004792, 0.1882454587636434, 0.1731703442402685, 7,7, 7
0.8687554047761591, 0.38352457549535396, 0.19272432502304673, 0.17181975564164556, 5,5, 5
0.8686888844542008, 0.385802244883305, 0.19528324174184916, 0.16870873082782445, 5,5, 5
0.8694206079957427, 0.38770526728723365, 0.19607489360473754, 0.16812964298173078, 4,4, 4
0.8682897625224506, 0.38787411265967003, 0.19655326498728473, 0.16792443281062028, 1,1, 1
0.8674249983369919, 0.39264298973291645, 0.20266223650461818, 0.17047889673635067, 6,6, 6
0.8697532096055345, 0.38730605102265425, 0.20231750332544648, 0.17442472785273655, 5,5, 5
0.09459189782478547, 2.3059427602113636, 0.9114023086463057, 0.3250085059222124, 0,0, 0
0.25344242666134503, 2.0766105315233747, 0.799868863966033, 0.5152812142794838, 0,0, 0
0.34743564158850526, 1.9927370989811537, 0.6809748777387311, 0.33670733237554296, 0,0, 0
0.3837557373777689, 1.8821719767267948, 0.6707532644778103, 0.33422475507331373, 8,10, 8
0.41222643517594626, 1.7949411513009155, 0.6671319901852213, 0.4334723539269104, 3,8, 3
0.505022284307856, 1.695749761641664, 0.5850708993679826, 0.39043542143404664, 5,10, 5
0.46777090401117544, 1.6054748714937626, 0.6226137988052028, 0.41772216829004166, 7,9, 7
0.48526574868622363, 1.4380170410261206, 0.5767610685589518, 0.3686361809542313, 5,5, 5
0.5113417148939001, 1.3565574960652034, 0.5813501488923964, 0.3988722671454976, 4,4, 4
0.613250848134105, 1.2323080075224324, 0.5048884099819334, 0.3371187758897557, 8,8, 8
0.6389942127319896, 1.1966752813104187, 0.5168342208341682, 0.3374498879335042, 4,4, 4
0.6850262755271735, 1.1130600552976584, 0.4560830609717751, 0.30059154642817126, 8,8, 8
0.6802368123461717, 1.0720692955973035, 0.48074841583943095, 0.346978520218003, 4,4, 4
0.705714095656223, 1.0226642313490808, 0.4501672203976333, 0.2918232162151648, 7,7, 7
0.6922769906206346, 1.0333233440476628, 0.4661595665253587, 0.32090885606607594, 9,9, 9
0.7230758996873545, 0.9391506979771184, 0.4046059539156033, 0.2755662152056818, 4,4, 4
0.7405707443624027, 0.9501337463997502, 0.37749795498654415, 0.2590526099851421, 8,8, 8
0.7452936872214462, 0.8941726954713255, 0.3517460437339385, 0.2461507067007503, 7,7, 7
0.7661145479944123, 0.8389114839500663, 0.3390584907993649, 0.24356807381966836, 8,8, 8
0.7766247588638329, 0.802265168158145, 0.3384205952486219, 0.25174623357831616, 7,7, 7
0.767910596687288, 0.7976241244999921, 0.3414595178732578, 0.244871624901363, 9,9, 9
0.7789529701323754, 0.7994551886728976, 0.33169378186260295, 0.23781433792682705, 6,6, 6
0.774030466307457, 0.7971402361933977, 0.33751875757208166, 0.248344957471969, 8,8, 8
0.7788199294884587, 0.7980049318084081, 0.3313195531892891, 0.23568105362530944, 7,7, 7
0.7872680103771702, 0.7574020610736221, 0.326157094878036, 0.23781153192053567, 11,11, 11
0.7995077496175081, 0.7343689653204218, 0.29336642960638454, 0.22090621108375286, 5,5, 5
0.8171356349364731, 0.6956599317135896, 0.2854506647893827, 0.2201467270720553, 4,4, 4
0.8201955697465576, 0.6662535718284577, 0.27555875728435186, 0.2175891155260468, 6,6, 6
0.8104170824186789, 0.6677257211170073, 0.2864128767401077, 0.22421061826618927, 8,8, 8
0.8183995210536819, 0.624244286239359, 0.2805162921712708, 0.21691530555352853, 9,9, 9
0.8268476019423934, 0.6200201252651844, 0.25355916200091033, 0.20374306894630634, 6,6, 6
0.8257832767910597, 0.6241931475620853, 0.2652315127086766, 0.2183181406615042, 6,6, 6
0.8299740570744363, 0.6087349345148678, 0.25500485594371874, 0.21256033132775193, 6,6, 6
0.8293753741768111, 0.6124525853923353, 0.25632442197052097, 0.2055213614615283, 5,5, 5
0.8243863500299341, 0.5956944368484512, 0.2849379632364354, 0.22267321608426, 13,13, 13
0.8332335528503958, 0.5688860564999232, 0.2442615033031449, 0.2025649127741808, 8,8, 8
0.834563959289563, 0.5553784397765705, 0.25118156680129544, 0.20489697362061043, 7,7, 7
0.8362269673385219, 0.5466340401317711, 0.2503039508108528, 0.20324054455582907, 3,3, 3
0.8392869021486064, 0.5482251552997507, 0.24322333577839403, 0.20388001448739473, 10,10, 10
0.8392869021486064, 0.5338226872324712, 0.2413102595260809, 0.2037096131975769, 7,7, 7
0.8420807556708575, 0.5230088638627794, 0.2334195661592095, 0.20047603678568457, 10,10, 10
0.8412825118073571, 0.5156518442419933, 0.23727799654993598, 0.20037117352057832, 5,5, 5
0.8423468369586908, 0.5105793261957736, 0.23900886490654052, 0.2013885582615461, 4,4, 4
0.8432781214661079, 0.5008874005627025, 0.240055112098429, 0.1969811593362578, 8,8, 8
0.846071974988359, 0.49872505140509665, 0.22983428138429363, 0.1943526323873543, 7,7, 7
0.8474689017494844, 0.49038909837062405, 0.236161509104872, 0.19879680580752723, 6,6, 6
0.849065389476485, 0.4835121786146119, 0.24098905881298782, 0.19699110587669652, 4,4, 4
0.8503957959156523, 0.4797719192550813, 0.2355864589212417, 0.18862094966476683, 9,9, 9
0.8497305926960687, 0.476005260289781, 0.2218209508405306, 0.18885049028360132, 8,8, 8
0.8533892104037784, 0.47417220653606273, 0.23431296757785666, 0.1938170523228276, 9,9, 9
0.8545200558770705, 0.4679877837638148, 0.21843200529270987, 0.1901126007130953, 6,6, 6
0.8541874542672786, 0.4709283170135332, 0.22146865970767393, 0.18333045274723253, 7,7, 7
0.854054413623362, 0.4632130629609818, 0.21680459428797974, 0.187333907624449, 6,6, 6
0.8553848200625291, 0.4510842442978021, 0.21354431511368743, 0.19010270756403222, 6,6, 6
0.8541874542672786, 0.45138499780334496, 0.2061584132308573, 0.1832416314531332, 4,4, 4
0.85332269008182, 0.44824183052170913, 0.21443320512151762, 0.18328885577021248, 3,3, 3
0.8559169826381959, 0.43781210169515816, 0.21301961206739647, 0.1797545826911897, 11,11, 11
0.8567152265016963, 0.432552608321779, 0.20629243850170123, 0.18248668710409516, 10,10, 10
0.857579990687155, 0.4333275130422668, 0.21849454621678993, 0.1838511629890422, 6,6, 6
0.8584447548726136, 0.4293207210145206, 0.2111062780465773, 0.17701623330420518, 6,6, 6
0.8569813077895297, 0.43065345504919894, 0.21383337485194823, 0.1793194359162378, 10,10, 10
0.8591099580921971, 0.43219115665950125, 0.20457866493745824, 0.17801724114236828, 6,6, 6
0.8615712100046564, 0.4296881680485802, 0.20973157968482772, 0.18063590592367343, 7,7, 7
0.8609060067850728, 0.41612787664224743, 0.20184213255977265, 0.18018736912172933, 6,6, 6
0.8625690148340318, 0.4160089926479887, 0.1997487765325117, 0.17237478119278943, 8,8, 8
0.8624359741901151, 0.4103066498067296, 0.20269413602284256, 0.17047113533002478, 5,5, 5
0.8619703319364066, 0.4120121680173605, 0.21251120461707448, 0.17520978094139747, 8,8, 8
0.8632342180536153, 0.4084283453609728, 0.19575257951834893, 0.1701712881978383, 7,7, 7
0.862968136765782, 0.40853002078446754, 0.19843152184680574, 0.16855192650327858, 3,3, 3
0.8627020554779485, 0.4132867175230373, 0.20541806276356012, 0.17094575402649403, 9,9, 9
0.8654293886782412, 0.4034448133654243, 0.19713499572563042, 0.16594925097675883, 8,8, 8
0.8664271935076165, 0.4043021366713265, 0.195637669992269, 0.16646946198626916, 7,7, 7
0.8649637464245327, 0.4017406831908594, 0.198817334297747, 0.1677805540211102, 9,9, 9
0.8651633073904078, 0.39939378393857755, 0.1953902070052143, 0.17209013909295873, 6,6, 6
0.8660945918978248, 0.39584325538744314, 0.1909396930881883, 0.16724737962393216, 6,6, 6
0.8652963480343245, 0.404612966944545, 0.19916071890292886, 0.1664593585325694, 10,10, 10
0.8656954699660746, 0.3995438532962027, 0.19116555161903712, 0.15848119787505444, 8,8, 8
0.8658950309319497, 0.40213300916943595, 0.18840445629208918, 0.16209539427142453, 7,7, 7
0.8652298277123661, 0.40144238384046876, 0.1977277787283325, 0.1650027005744654, 8,8, 8
0.8671589170491585, 0.39350156891276217, 0.19339209931592097, 0.16619833560892627, 9,9, 9
0.8686223641322424, 0.39058448627947867, 0.19413722361259492, 0.15956589092656107, 6,6, 6
0.866892835761325, 0.3938308265690456, 0.18926805193786297, 0.16343841016417782, 10,10, 10
0.8682897625224506, 0.3898520919964332, 0.18854641524301158, 0.1610417283845756, 5,5, 5
0.8684893234883256, 0.3907590675452419, 0.19069530003476312, 0.16163796416204984, 5,5, 5
0.869088006385951, 0.3939186524493683, 0.19639929399677983, 0.16023051020303417, 11,11, 11
0.8670923967272002, 0.3934830994424871, 0.20091933891122488, 0.16866179140979928, 5,5, 5
0.8673584780150336, 0.39363772877815434, 0.19211739335296182, 0.16052825821645836, 9,9, 9
0.8667597951174084, 0.3904588180908064, 0.19012748276957203, 0.15606748156811892, 8,8, 8
0.8695536486396594, 0.38860174658748914, 0.18741722643741826, 0.1572472447965505, 5,5, 5
0.8698197299274929, 0.3844918669126273, 0.1852047477500876, 0.159612972748375, 7,7, 7
0.8696201689616178, 0.3823157801571178, 0.18177534287503222, 0.1567272452240522, 5,5, 5
0.8678906405907004, 0.3867135564049048, 0.1922403421330873, 0.16386731532522003, 5,5, 5
0.8706179737909931, 0.3792098439048124, 0.18319853224817043, 0.15499085939218787, 7,7, 7
0.8712166566886184, 0.37807595440816905, 0.18645828437603038, 0.15800441137343094, 6,6, 6
0.87115013636666, 0.3822181289451342, 0.1898383063834415, 0.15531702760651198, 8,8, 8
0.8723475021619105, 0.37976122002529683, 0.18623212120064328, 0.1577500233594229, 7,7, 7
0.8737444289230359, 0.37353435884667885, 0.17532601408792953, 0.14962935986675657, 6,6, 6
0.8725470631277855, 0.3711038664056128, 0.17952330196977256, 0.15208074266898783, 7,7, 7
0.8716157786203685, 0.3725992191400485, 0.1855957264186061, 0.1523815004495807, 7,7, 7
0.872813144415619, 0.3740835658541448, 0.1841052401420922, 0.14975648108176892, 9,9, 9
0.8736779086010776, 0.3683549534940265, 0.17299023454460397, 0.14906042288463625, 5,5, 5
