acuracia,loss,frr,fpr, removed, n_clf, tp_removed
0.09825051553249518, 0.0, 0.8944041643372586, 0.40467750686587217, 0,0, 0
0.09904875939599547, 0.0, 0.8938837418790088, 0.5731155171389767, 0,4, 0
0.10017960486928756, 0.0, 0.8835487229879121, 0.5770204033981341, 0,5, 0
0.10017960486928756, 0.0, 0.8835487229879121, 0.5740553896949194, 0,8, 0
0.10017960486928756, 0.0, 0.8835487229879121, 0.5749002398124129, 0,5, 0
0.10017960486928756, 0.0, 0.8835487229879121, 0.5754437371350057, 0,6, 0
0.10017960486928756, 0.0, 0.8835487229879121, 0.5742453244833188, 0,6, 0
0.10017960486928756, 0.0, 0.8835487229879121, 0.5759615085228333, 0,4, 0
0.10017960486928756, 0.0, 0.8835487229879121, 0.5734714534837226, 0,8, 0
0.10017960486928756, 0.0, 0.8835487229879121, 0.5751296232457868, 0,7, 0
0.10017960486928756, 0.0, 0.8835487229879121, 0.5743777982614229, 0,3, 0
0.10017960486928756, 0.0, 0.8835487229879121, 0.5743105676903696, 0,9, 0
0.10017960486928756, 0.0, 0.8835487229879121, 0.5742397351945404, 0,8, 0
0.10017960486928756, 0.0, 0.8835487229879121, 0.5738757307034723, 0,10, 0
0.10017960486928756, 0.0, 0.8835487229879121, 0.5768428062570764, 0,7, 0
0.10017960486928756, 0.0, 0.8835487229879121, 0.5754340432352116, 0,5, 0
0.10017960486928756, 0.0, 0.8835487229879121, 0.5729652288092368, 0,4, 0
0.10017960486928756, 0.0, 0.8835487229879121, 0.5744052569301984, 0,5, 0
0.10017960486928756, 0.0, 0.8835487229879121, 0.5775800544054938, 0,4, 0
0.09878267810816205, 0.0, 0.9000015148416551, 0.5817392656671259, 0,5, 0
0.09958092197166234, 0.0, 0.8933638062721464, 0.5802266441806672, 0,3, 0
0.09958092197166234, 0.0, 0.8933638062721464, 0.5800472219521177, 0,3, 0
0.09958092197166234, 0.0, 0.8933638062721464, 0.5781891688739177, 0,9, 0
0.10111088937670458, 0.0, 0.9116167084157132, 0.5802340956400008, 0,7, 0
0.10869420607995743, 0.0, 0.8788722134010659, 0.4111952517113606, 0,5, 0
0.10024612519124593, 0.0, 0.88033626681359, 0.5613699635110323, 0,5, 0
0.10111088937670458, 0.0, 0.9116167084157132, 0.5811642593626826, 0,8, 0
0.10024612519124593, 0.0, 0.88033626681359, 0.5629086190621879, 0,4, 0
0.10024612519124593, 0.0, 0.88033626681359, 0.5609379323246884, 0,6, 0
0.09904875939599547, 0.0, 0.8938837418790088, 0.5789996995641125, 0,4, 0
0.0996474422936207, 0.0, 0.9424463317291131, 0.5876578265163024, 0,7, 0
0.09904875939599547, 0.0, 0.8938837418790088, 0.5702234797492376, 0,6, 0
0.09878267810816205, 0.0, 0.9000015148416551, 0.5825876963375857, 0,9, 0
0.09904875939599547, 0.0, 0.8938837418790088, 0.5728073618366407, 0,5, 0
0.0996474422936207, 0.0, 0.9424463317291131, 0.5867627204241895, 0,3, 0
0.09878267810816205, 0.0, 0.9000015148416551, 0.5832412468707296, 0,7, 0
0.09904875939599547, 0.0, 0.8938837418790088, 0.5711275686971242, 0,4, 0
0.09898223907403712, 0.0, 0.8938968308842444, 0.5723858795737842, 0,3, 0
0.09878267810816205, 0.0, 0.9000015148416551, 0.5836513812819017, 0,4, 0
0.09904875939599547, 0.0, 0.8938837418790088, 0.5705264210051065, 0,5, 0
0.09878267810816205, 0.0, 0.9000015148416551, 0.5801950581008154, 0,7, 0
0.09878267810816205, 0.0, 0.9000015148416551, 0.5785402342125759, 0,5, 0
0.09878267810816205, 0.0, 0.9000015148416551, 0.5799082050522388, 0,6, 0
0.09878267810816205, 0.0, 0.9000015148416551, 0.5848309524164621, 0,7, 0
0.09878267810816205, 0.0, 0.9000015148416551, 0.5811610587721135, 0,5, 0
0.09878267810816205, 0.0, 0.9000015148416551, 0.5782091233369124, 0,8, 0
0.09991352358145414, 0.0, 0.9273376082964652, 0.5907194060661203, 0,6, 0
0.09991352358145414, 0.0, 0.9273376082964652, 0.5917827170098412, 0,12, 0
0.09991352358145414, 0.0, 0.9273376082964652, 0.5910943843844869, 0,10, 0
0.10024612519124593, 0.0, 0.88033626681359, 0.5638962228262633, 0,2, 0
0.0996474422936207, 0.0, 0.9424463317291131, 0.5890251949443452, 1,7, 1
0.0996474422936207, 0.0, 0.9424463317291131, 0.5856399495899501, 0,5, 0
0.0996474422936207, 0.0, 0.9424463317291131, 0.5870266763422206, 0,6, 0
0.0996474422936207, 0.0, 0.9424463317291131, 0.5921867963384939, 0,6, 0
0.10024612519124593, 0.0, 0.88033626681359, 0.563141331120984, 0,7, 0
0.0996474422936207, 0.0, 0.9424463317291131, 0.5893280686128307, 0,7, 0
0.10024612519124593, 0.0, 0.88033626681359, 0.5587208755569819, 0,7, 0
0.10111088937670458, 0.0, 0.9116167084157132, 0.5786587760684739, 0,2, 0
0.10111088937670458, 0.0, 0.9116167084157132, 0.5821211560299459, 1,7, 0
0.10111088937670458, 0.0, 0.9116167084157132, 0.5775252413580358, 0,5, 0
0.10111088937670458, 0.0, 0.9116167084157132, 0.5797898318415048, 0,2, 0
0.10111088937670458, 0.0, 0.9116167084157132, 0.5790180338572385, 0,6, 0
0.10111088937670458, 0.0, 0.9116167084157132, 0.5868025957516914, 0,2, 0
0.10111088937670458, 0.0, 0.9116167084157132, 0.579079942034832, 1,8, 1
0.10111088937670458, 0.0, 0.9116167084157132, 0.579159912040282, 0,8, 0
0.10111088937670458, 0.0, 0.9116167084157132, 0.5832591298447436, 0,7, 0
0.10111088937670458, 0.0, 0.9116167084157132, 0.5844014532565778, 0,7, 0
0.10111088937670458, 0.0, 0.9116167084157132, 0.5820940488681713, 0,2, 0
0.10111088937670458, 0.0, 0.9116167084157132, 0.5793231221487971, 1,5, 1
0.10111088937670458, 0.0, 0.9116167084157132, 0.5800511625283349, 0,6, 0
0.10111088937670458, 0.0, 0.9116167084157132, 0.5794211961768102, 0,5, 0
0.10111088937670458, 0.0, 0.9116167084157132, 0.5811445034698199, 0,5, 0
0.10111088937670458, 0.0, 0.9116167084157132, 0.5769666732541586, 1,6, 0
0.10111088937670458, 0.0, 0.9116167084157132, 0.5830168550802957, 1,6, 0
0.10111088937670458, 0.0, 0.9116167084157132, 0.582225476997583, 0,8, 0
0.10111088937670458, 0.0, 0.9116167084157132, 0.5822531138019749, 0,4, 0
0.10111088937670458, 0.0, 0.9116167084157132, 0.5836685265151885, 1,5, 0
0.10111088937670458, 0.0, 0.9116167084157132, 0.5819902448493937, 0,7, 0
0.10111088937670458, 0.0, 0.9116167084157132, 0.5831673638361282, 1,4, 0
0.10111088937670458, 0.0, 0.9116167084157132, 0.5804203124850879, 0,10, 0
0.10111088937670458, 0.0, 0.9116167084157132, 0.5831621267530273, 0,5, 0
0.10111088937670458, 0.0, 0.9116167084157132, 0.5783680546694794, 0,6, 0
0.10111088937670458, 0.0, 0.9116167084157132, 0.5780910370641325, 0,0, 0
0.10111088937670458, 0.0, 0.9116167084157132, 0.5836663132127842, 0,8, 0
0.10111088937670458, 0.0, 0.9116167084157132, 0.577986674066294, 0,6, 0
0.10111088937670458, 0.0, 0.9116167084157132, 0.5828890901884748, 1,4, 0
0.10111088937670458, 0.0, 0.9116167084157132, 0.5783294628559511, 0,8, 0
0.10111088937670458, 0.0, 0.9116167084157132, 0.5799939151325135, 0,5, 0
0.10111088937670458, 0.0, 0.9116167084157132, 0.5780428222894562, 0,7, 0
0.10111088937670458, 0.0, 0.9116167084157132, 0.5796203969463579, 0,5, 0
0.10111088937670458, 0.0, 0.9116167084157132, 0.5846544600223413, 0,10, 0
0.10111088937670458, 0.0, 0.9116167084157132, 0.583575423020849, 0,1, 0
0.10111088937670458, 0.0, 0.9116167084157132, 0.5774516361557173, 0,7, 0
0.10111088937670458, 0.0, 0.9116167084157132, 0.5840137060301371, 0,6, 0
0.10111088937670458, 0.0, 0.9116167084157132, 0.5800428446285164, 0,6, 0
0.10111088937670458, 0.0, 0.9116167084157132, 0.5799813358153191, 0,5, 0
0.10111088937670458, 0.0, 0.9116167084157132, 0.5787508809425449, 0,9, 0
0.10111088937670458, 0.0, 0.9116167084157132, 0.5752710082354322, 0,8, 0
0.10111088937670458, 0.0, 0.9116167084157132, 0.5797041359157538, 1,4, 0
0.10111088937670458, 0.0, 0.9116167084157132, 0.5776764976464124, 0,10, 0
0.10111088937670458, 0.0, 0.9116167084157132, 0.5784460941005286, 0,7, 0
0.09266280848799308, 0.0, 0.9142707797011692, 0.37465699368518324, 0,0, 0
0.09878267810816205, 0.0, 0.9000015148416551, 0.5839186796291184, 0,4, 0
0.10017960486928756, 0.0, 0.8835487229879121, 0.5749301906979039, 0,8, 0
0.10017960486928756, 0.0, 0.8835487229879121, 0.576758787983943, 0,5, 0
0.10017960486928756, 0.0, 0.8835487229879121, 0.5798713359313217, 0,4, 0
0.10017960486928756, 0.0, 0.8835487229879121, 0.5743406033282425, 0,6, 0
0.10017960486928756, 0.0, 0.8835487229879121, 0.5756038229504099, 0,10, 0
0.10017960486928756, 0.0, 0.8835487229879121, 0.5731405663594399, 0,8, 0
0.10017960486928756, 0.0, 0.8835487229879121, 0.5803593401629998, 0,8, 0
0.10017960486928756, 0.0, 0.8835487229879121, 0.5735523529411998, 0,5, 0
0.10017960486928756, 0.0, 0.8835487229879121, 0.5731550168041185, 0,7, 0
0.10017960486928756, 0.0, 0.8835487229879121, 0.5745524768876179, 0,8, 0
0.10017960486928756, 0.0, 0.8835487229879121, 0.5723923895556599, 0,4, 0
0.10017960486928756, 0.0, 0.8835487229879121, 0.5752611714170733, 0,8, 0
0.10017960486928756, 0.0, 0.8835487229879121, 0.5755252529020105, 0,7, 0
0.10017960486928756, 0.0, 0.8835487229879121, 0.5819020406473023, 0,4, 0
0.10017960486928756, 0.0, 0.8835487229879121, 0.5827517911101403, 0,9, 0
0.10017960486928756, 0.0, 0.8835487229879121, 0.5731940161061405, 0,9, 0
0.09958092197166234, 0.0, 0.8933638062721464, 0.5788651575915349, 0,7, 0
0.09958092197166234, 0.0, 0.8933638062721464, 0.5762676544836478, 0,4, 0
0.1305793920042573, 0.0, 0.8699518498912272, 0.40904918883642216, 0,8, 0
0.10024612519124593, 0.0, 0.88033626681359, 0.5614519597446724, 0,5, 0
0.10024612519124593, 0.0, 0.88033626681359, 0.5596903578622319, 0,8, 0
0.0996474422936207, 0.0, 0.9424463317291131, 0.5870596553844273, 0,6, 0
0.0996474422936207, 0.0, 0.9424463317291131, 0.5864261653517014, 1,9, 1
0.0996474422936207, 0.0, 0.9424463317291131, 0.5882331109683506, 0,8, 0
0.09991352358145414, 0.0, 0.9273376082964652, 0.5869494089221919, 0,5, 0
0.0996474422936207, 0.0, 0.9424463317291131, 0.5885052695035934, 0,8, 0
0.10051220647907935, 0.0, 0.8777699163158681, 0.5754637737350604, 1,6, 0
0.10051220647907935, 0.0, 0.8777699163158681, 0.5723126846638804, 0,12, 0
0.10051220647907935, 0.0, 0.8777699163158681, 0.5737886697538851, 0,9, 0
0.10051220647907935, 0.0, 0.8777699163158681, 0.5801363214656409, 0,9, 0
0.10051220647907935, 0.0, 0.8777699163158681, 0.5750439942891129, 0,6, 0
0.0996474422936207, 0.0, 0.9424463317291131, 0.5909519347705994, 0,7, 0
0.09958092197166234, 0.0, 0.8933638062721464, 0.5782454227282213, 0,7, 0
0.09991352358145414, 0.0, 0.9273376082964652, 0.5905867242398173, 0,8, 0
0.09991352358145414, 0.0, 0.9273376082964652, 0.5934709541433686, 0,8, 0
0.09958092197166234, 0.0, 0.8933638062721464, 0.5768738634159227, 0,7, 0
0.09991352358145414, 0.0, 0.9273376082964652, 0.5891745339332332, 0,4, 0
0.09958092197166234, 0.0, 0.8933638062721464, 0.5773525731651256, 0,8, 0
0.0996474422936207, 0.0, 0.9424463317291131, 0.5867684875243718, 0,8, 0
0.09958092197166234, 0.0, 0.8933638062721464, 0.5768882667814116, 1,6, 0
0.09958092197166234, 0.0, 0.8933638062721464, 0.5806771420335683, 0,8, 0
0.09958092197166234, 0.0, 0.8933638062721464, 0.5801814959649292, 0,8, 0
0.09958092197166234, 0.0, 0.8933638062721464, 0.5762464953044534, 0,6, 0
0.09958092197166234, 0.0, 0.8933638062721464, 0.5800187689836261, 0,4, 0
0.09958092197166234, 0.0, 0.8933638062721464, 0.5796224515441911, 0,3, 0
0.09958092197166234, 0.0, 0.8933638062721464, 0.5770988961777875, 0,8, 0
0.09958092197166234, 0.0, 0.8933638062721464, 0.5812779144534266, 0,3, 0
0.09958092197166234, 0.0, 0.8933638062721464, 0.5763189934896311, 0,5, 0
0.09958092197166234, 0.0, 0.8933638062721464, 0.5798279618581881, 0,6, 0
0.09958092197166234, 0.0, 0.8933638062721464, 0.5774958031808275, 0,10, 0
0.09958092197166234, 0.0, 0.8933638062721464, 0.5761876358982303, 1,6, 0
0.09958092197166234, 0.0, 0.8933638062721464, 0.5808009248902095, 1,9, 0
0.0996474422936207, 0.0, 0.9424463317291131, 0.5891946389735037, 0,8, 0
0.0996474422936207, 0.0, 0.9424463317291131, 0.5869999488070138, 0,5, 0
0.0996474422936207, 0.0, 0.9424463317291131, 0.5904595429963689, 0,7, 0
0.10097784873278787, 0.0, 0.8896953824485279, 0.5735678490061636, 1,8, 0
0.10097784873278787, 0.0, 0.8896953824485279, 0.5708455715868581, 1,4, 0
0.0996474422936207, 0.0, 0.9424463317291131, 0.5927387219633027, 0,8, 0
0.0996474422936207, 0.0, 0.9424463317291131, 0.5909388347535759, 0,5, 0
0.0996474422936207, 0.0, 0.9424463317291131, 0.5881535867626284, 0,8, 0
0.0996474422936207, 0.0, 0.9424463317291131, 0.586904345554836, 0,4, 0
0.0996474422936207, 0.0, 0.9424463317291131, 0.5917843793849825, 0,10, 0
0.0996474422936207, 0.0, 0.9424463317291131, 0.5897708245267154, 0,8, 0
0.0996474422936207, 0.0, 0.9424463317291131, 0.5943557005233504, 1,4, 0
0.09991352358145414, 0.0, 0.9273376082964652, 0.5893946643837915, 0,6, 0
0.09991352358145414, 0.0, 0.9273376082964652, 0.5916221698502415, 1,6, 0
0.09991352358145414, 0.0, 0.9273376082964652, 0.5869874909580823, 0,3, 0
0.09991352358145414, 0.0, 0.9273376082964652, 0.5905100287636027, 0,7, 0
0.0996474422936207, 0.0, 0.9424463317291131, 0.5870305407347993, 1,5, 0
0.10111088937670458, 0.0, 0.9116167084157132, 0.5856492415231965, 1,9, 0
0.09991352358145414, 0.0, 0.9273376082964652, 0.5892186747906016, 0,10, 0
0.09991352358145414, 0.0, 0.9273376082964652, 0.5925803208468756, 0,7, 0
0.09878267810816205, 0.0, 0.9000015148416551, 0.5822978678455221, 0,6, 0
0.09991352358145414, 0.0, 0.9273376082964652, 0.5926914553405596, 0,7, 0
0.09991352358145414, 0.0, 0.9273376082964652, 0.589731042479931, 1,5, 1
0.0996474422936207, 0.0, 0.9424463317291131, 0.589283140619466, 1,7, 0
0.10051220647907935, 0.0, 0.8777699163158681, 0.5768357549655683, 1,8, 1
0.0996474422936207, 0.0, 0.9424463317291131, 0.5875833962090838, 0,8, 0
0.0996474422936207, 0.0, 0.9424463317291131, 0.5845509152028541, 0,3, 0
0.09991352358145414, 0.0, 0.9273376082964652, 0.5902836068778609, 0,6, 0
0.0996474422936207, 0.0, 0.9424463317291131, 0.5904085741815039, 0,5, 0
0.0996474422936207, 0.0, 0.9424463317291131, 0.5892227510647241, 0,4, 0
0.09991352358145414, 0.0, 0.9273376082964652, 0.5914262513897487, 1,7, 0
0.09991352358145414, 0.0, 0.9273376082964652, 0.5904433105573278, 1,6, 0
0.09991352358145414, 0.0, 0.9273376082964652, 0.5876539430760864, 1,5, 0
0.10111088937670458, 0.0, 0.9116167084157132, 0.5820256093677404, 0,9, 0
0.10111088937670458, 0.0, 0.9116167084157132, 0.5824535622794859, 0,8, 0
0.0996474422936207, 0.0, 0.9424463317291131, 0.5887052467566783, 0,7, 0
0.10111088937670458, 0.0, 0.9116167084157132, 0.5766650650405586, 0,12, 0
0.10111088937670458, 0.0, 0.9116167084157132, 0.581143712981186, 0,8, 0
0.10111088937670458, 0.0, 0.9116167084157132, 0.5772928427775765, 0,7, 0
0.10111088937670458, 0.0, 0.9116167084157132, 0.5839883737153355, 0,3, 0
0.10111088937670458, 0.0, 0.9116167084157132, 0.5814955433135781, 0,8, 0
0.10111088937670458, 0.0, 0.9116167084157132, 0.5812036816581635, 0,8, 0
0.10111088937670458, 0.0, 0.9116167084157132, 0.5809995873147237, 0,6, 0
0.10111088937670458, 0.0, 0.9116167084157132, 0.5809116578825874, 0,8, 0
0.10111088937670458, 0.0, 0.9116167084157132, 0.5844387797220808, 0,6, 0
0.10111088937670458, 0.0, 0.9116167084157132, 0.5828042547170924, 0,9, 0
0.10111088937670458, 0.0, 0.9116167084157132, 0.5810514330751889, 0,6, 0
0.10031264551320429, 0.0, 0.8817123114680165, 0.47165397770238743, 0,0, 0
0.10097784873278787, 0.0, 0.8896953824485279, 0.5699111735546355, 0,6, 0
0.09904875939599547, 0.0, 0.8938837418790088, 0.5742546755662765, 0,6, 0
0.0996474422936207, 0.0, 0.9424463317291131, 0.5922213082297968, 1,2, 0
0.10017960486928756, 0.0, 0.8835487229879121, 0.5731684970848003, 0,7, 0
0.10017960486928756, 0.0, 0.8835487229879121, 0.5729577574302113, 0,7, 0
0.10017960486928756, 0.0, 0.8835487229879121, 0.5760354873222768, 0,8, 0
0.10017960486928756, 0.0, 0.8835487229879121, 0.5738529817827456, 0,7, 0
0.10017960486928756, 0.0, 0.8835487229879121, 0.5706826108132986, 0,12, 0
0.10017960486928756, 0.0, 0.8835487229879121, 0.5703429323947902, 0,9, 0
0.10017960486928756, 0.0, 0.8835487229879121, 0.5746751154396088, 0,12, 0
0.10017960486928756, 0.0, 0.8835487229879121, 0.5728574825500925, 0,8, 0
0.10017960486928756, 0.0, 0.8835487229879121, 0.5732593327128085, 0,6, 0
0.10017960486928756, 0.0, 0.8835487229879121, 0.5781266733794248, 0,7, 0
0.10017960486928756, 0.0, 0.8835487229879121, 0.5756699410499754, 0,7, 0
0.10017960486928756, 0.0, 0.8835487229879121, 0.5709544956872683, 0,11, 0
0.10017960486928756, 0.0, 0.8835487229879121, 0.5746338173353072, 0,5, 0
0.10017960486928756, 0.0, 0.8835487229879121, 0.5743728707258109, 0,9, 0
0.10017960486928756, 0.0, 0.8835487229879121, 0.5710810321220936, 0,9, 0
0.10017960486928756, 0.0, 0.8835487229879121, 0.5744143062211898, 0,9, 0
0.10017960486928756, 0.0, 0.8835487229879121, 0.57646519151083, 0,5, 0
0.10017960486928756, 0.0, 0.8835487229879121, 0.5742969255066916, 0,7, 0
0.10017960486928756, 0.0, 0.8835487229879121, 0.5753277621382249, 0,5, 0
0.10017960486928756, 0.0, 0.8835487229879121, 0.5720936022959997, 0,8, 0
0.10017960486928756, 0.0, 0.8835487229879121, 0.5764220013181593, 0,6, 0
0.10017960486928756, 0.0, 0.8835487229879121, 0.5780124849062215, 0,9, 0
0.10017960486928756, 0.0, 0.8835487229879121, 0.5764555062533638, 0,8, 0
0.10017960486928756, 0.0, 0.8835487229879121, 0.5725100000789001, 0,6, 0
0.10017960486928756, 0.0, 0.8835487229879121, 0.5773980964801582, 0,9, 0
0.10017960486928756, 0.0, 0.8835487229879121, 0.5775374001921318, 0,9, 0
0.10017960486928756, 0.0, 0.8835487229879121, 0.574305102471738, 0,5, 0
0.10017960486928756, 0.0, 0.8835487229879121, 0.5722509269347904, 0,5, 0
0.10017960486928756, 0.0, 0.8835487229879121, 0.5736854661994638, 0,8, 0
0.10017960486928756, 0.0, 0.8835487229879121, 0.5767840086595877, 0,11, 0
0.10017960486928756, 0.0, 0.8835487229879121, 0.5752343634336543, 0,6, 0
0.10024612519124593, 0.0, 0.88033626681359, 0.5622215509039342, 0,8, 0
0.10024612519124593, 0.0, 0.88033626681359, 0.567917634896101, 0,6, 0
0.10024612519124593, 0.0, 0.88033626681359, 0.5648437415260191, 0,6, 0
0.09958092197166234, 0.0, 0.8933638062721464, 0.5770940880041613, 0,9, 0
0.09878267810816205, 0.0, 0.9000015148416551, 0.5899442725183557, 0,7, 0
0.09958092197166234, 0.0, 0.8933638062721464, 0.577945877866841, 0,8, 0
0.0996474422936207, 0.0, 0.9424463317291131, 0.5894513663915633, 0,10, 0
0.0996474422936207, 0.0, 0.9424463317291131, 0.5892278795779144, 0,8, 0
0.10111088937670458, 0.0, 0.9116167084157132, 0.5811605562782387, 0,4, 0
0.09904875939599547, 0.0, 0.8938837418790088, 0.5719015265601238, 0,8, 0
0.10111088937670458, 0.0, 0.9116167084157132, 0.5850064971911029, 0,9, 0
0.10111088937670458, 0.0, 0.9116167084157132, 0.5806085013881991, 0,5, 0
0.10017960486928756, 0.0, 0.8835487229879121, 0.5703858273798356, 0,7, 0
0.10097784873278787, 0.0, 0.8896953824485279, 0.5741565557340137, 0,11, 0
0.10097784873278787, 0.0, 0.8896953824485279, 0.5730998832899235, 0,8, 0
0.09991352358145414, 0.0, 0.9273376082964652, 0.5902340337194415, 0,9, 0
0.09991352358145414, 0.0, 0.9273376082964652, 0.5869691635790261, 1,9, 0
0.09991352358145414, 0.0, 0.9273376082964652, 0.5893564944448844, 0,5, 0
0.09991352358145414, 0.0, 0.9273376082964652, 0.5905663490254753, 0,7, 0
0.10051220647907935, 0.0, 0.8777699163158681, 0.5731309728276882, 0,8, 0
0.09904875939599547, 0.0, 0.8938837418790088, 0.5696815723991917, 0,9, 0
0.09904875939599547, 0.0, 0.8938837418790088, 0.5734384226584676, 1,6, 0
0.09991352358145414, 0.0, 0.9273376082964652, 0.5916288053022898, 0,10, 0
0.09991352358145414, 0.0, 0.9273376082964652, 0.5884508185295169, 0,5, 0
0.09991352358145414, 0.0, 0.9273376082964652, 0.5875120579208791, 1,5, 0
0.09991352358145414, 0.0, 0.9273376082964652, 0.5887772512303381, 0,5, 0
0.09991352358145414, 0.0, 0.9273376082964652, 0.5903706172600264, 0,9, 0
0.09991352358145414, 0.0, 0.9273376082964652, 0.5918065702222236, 0,6, 0
0.09991352358145414, 0.0, 0.9273376082964652, 0.590793167389849, 1,8, 0
0.09991352358145414, 0.0, 0.9273376082964652, 0.594031819145074, 0,6, 0
0.09991352358145414, 0.0, 0.9273376082964652, 0.5893746763451913, 0,7, 0
0.0996474422936207, 0.0, 0.9424463317291131, 0.5880335180194928, 0,9, 0
0.09878267810816205, 0.0, 0.9000015148416551, 0.577287214186665, 0,7, 0
0.0996474422936207, 0.0, 0.9424463317291131, 0.587817606415997, 0,5, 0
0.10051220647907935, 0.0, 0.8777699163158681, 0.5738476772006835, 0,8, 0
0.09991352358145414, 0.0, 0.9273376082964652, 0.5970611761764296, 0,7, 0
0.09878267810816205, 0.0, 0.9000015148416551, 0.5855209787843672, 0,10, 0
0.0996474422936207, 0.0, 0.9424463317291131, 0.5869461286174328, 0,4, 0
0.09991352358145414, 0.0, 0.9273376082964652, 0.5902341278791641, 0,6, 0
0.09878267810816205, 0.0, 0.9000015148416551, 0.5803937584574546, 0,8, 0
0.09878267810816205, 0.0, 0.9000015148416551, 0.5812560965746716, 0,7, 0
0.09878267810816205, 0.0, 0.9000015148416551, 0.5784680335821065, 0,9, 0
0.09878267810816205, 0.0, 0.9000015148416551, 0.5790762349662755, 0,9, 0
0.09878267810816205, 0.0, 0.9000015148416551, 0.5785442642867376, 0,7, 0
0.09878267810816205, 0.0, 0.9000015148416551, 0.5791012068965127, 0,9, 0
0.09991352358145414, 0.0, 0.9273376082964652, 0.5914102378286415, 0,3, 0
0.09878267810816205, 0.0, 0.9000015148416551, 0.5813438492608816, 0,6, 0
0.09878267810816205, 0.0, 0.9000015148416551, 0.5829023425101548, 0,8, 0
0.09878267810816205, 0.0, 0.9000015148416551, 0.5797097508324275, 0,7, 0
0.09878267810816205, 0.0, 0.9000015148416551, 0.5792927377181307, 0,7, 0
0.09878267810816205, 0.0, 0.9000015148416551, 0.5811307119898911, 0,8, 0
0.09878267810816205, 0.0, 0.9000015148416551, 0.5826566842539627, 0,6, 0
0.09878267810816205, 0.0, 0.9000015148416551, 0.5804455608687523, 0,7, 0
0.09878267810816205, 0.0, 0.9000015148416551, 0.5810384476341709, 0,8, 0
0.09878267810816205, 0.0, 0.9000015148416551, 0.5797838921617869, 0,3, 0
0.09878267810816205, 0.0, 0.9000015148416551, 0.5807302535686248, 0,5, 0
0.09878267810816205, 0.0, 0.9000015148416551, 0.5811814354822574, 0,8, 0
0.09878267810816205, 0.0, 0.9000015148416551, 0.5821459389935102, 0,7, 0
0.09878267810816205, 0.0, 0.9000015148416551, 0.5787336277355474, 0,8, 0
0.09878267810816205, 0.0, 0.9000015148416551, 0.5816265616157298, 0,9, 0
0.09878267810816205, 0.0, 0.9000015148416551, 0.5789577287842499, 0,7, 0
0.10017960486928756, 0.0, 0.8835487229879121, 0.5770135507423872, 0,8, 0
0.09958092197166234, 0.0, 0.8933638062721464, 0.578459589868859, 0,8, 0
0.09991352358145414, 0.0, 0.9273376082964652, 0.5902353925624267, 0,1, 0
0.09991352358145414, 0.0, 0.9273376082964652, 0.5873218477733889, 0,8, 0
0.09991352358145414, 0.0, 0.9273376082964652, 0.5892135624232256, 0,7, 0
0.10836160447016563, 0.0, 0.8921704768732954, 0.28092798334287095, 0,0, 0
0.09991352358145414, 0.0, 0.9273376082964652, 0.590428185939035, 0,4, 0
0.10097784873278787, 0.0, 0.8896953824485279, 0.5726699509131897, 0,5, 0
0.10097784873278787, 0.0, 0.8896953824485279, 0.5732403465946954, 0,9, 0
0.10097784873278787, 0.0, 0.8896953824485279, 0.5724805120577873, 1,4, 0
0.09904875939599547, 0.0, 0.8938837418790088, 0.5740668166544254, 0,8, 0
0.09904875939599547, 0.0, 0.8938837418790088, 0.5754853545962292, 0,8, 0
0.09904875939599547, 0.0, 0.8938837418790088, 0.5755469827167933, 0,7, 0
0.10017960486928756, 0.0, 0.8835487229879121, 0.5751351357834144, 0,6, 0
0.10017960486928756, 0.0, 0.8835487229879121, 0.5783170165465191, 0,8, 0
0.10017960486928756, 0.0, 0.8835487229879121, 0.5748854452967895, 0,7, 0
0.09991352358145414, 0.0, 0.9273376082964652, 0.5848409792611656, 0,10, 0
0.09904875939599547, 0.0, 0.8938837418790088, 0.5736838072987228, 0,8, 0
0.09904875939599547, 0.0, 0.8938837418790088, 0.5775036450021714, 0,7, 0
0.09904875939599547, 0.0, 0.8938837418790088, 0.5776367370268257, 0,8, 0
0.09911527971795384, 0.0, 0.8938596454934666, 0.5687020390494376, 0,10, 0
0.10097784873278787, 0.0, 0.8896953824485279, 0.5735986395443452, 0,6, 0
0.10111088937670458, 0.0, 0.9116167084157132, 0.5843899326847942, 0,6, 0
0.09904875939599547, 0.0, 0.8938837418790088, 0.5748351556048654, 0,6, 0
0.10097784873278787, 0.0, 0.8896953824485279, 0.5749122796788915, 0,8, 0
0.10111088937670458, 0.0, 0.9116167084157132, 0.578065962229995, 0,12, 0
0.09904875939599547, 0.0, 0.8938837418790088, 0.5766730183851692, 0,5, 0
0.09904875939599547, 0.0, 0.8938837418790088, 0.5755256583964897, 0,9, 0
0.10097784873278787, 0.0, 0.8896953824485279, 0.571227011262884, 1,4, 0
0.10097784873278787, 0.0, 0.8896953824485279, 0.5700498661133185, 1,11, 1
0.09904875939599547, 0.0, 0.8938837418790088, 0.5771888145570712, 0,6, 0
0.10017960486928756, 0.0, 0.8835487229879121, 0.5749465010774188, 0,3, 0
0.10097784873278787, 0.0, 0.8896953824485279, 0.574382680176613, 0,8, 0
0.10017960486928756, 0.0, 0.8835487229879121, 0.5768900430833894, 0,9, 0
0.10017960486928756, 0.0, 0.8835487229879121, 0.5772034986501315, 0,4, 0
0.09904875939599547, 0.0, 0.8938837418790088, 0.5763099237867835, 1,7, 0
0.10097784873278787, 0.0, 0.8896953824485279, 0.5747062507111808, 0,10, 0
0.09904875939599547, 0.0, 0.8938837418790088, 0.5813407071550989, 0,8, 0
0.10097784873278787, 0.0, 0.8896953824485279, 0.5769829070883755, 1,10, 1
0.10051220647907935, 0.0, 0.8777699163158681, 0.5705187677444097, 0,6, 0
0.09904875939599547, 0.0, 0.8938837418790088, 0.5742380384602934, 0,6, 0
0.09904875939599547, 0.0, 0.8938837418790088, 0.5746067949805335, 0,5, 0
0.09904875939599547, 0.0, 0.8938837418790088, 0.5743549270395334, 0,2, 0
0.09904875939599547, 0.0, 0.8938837418790088, 0.5753766313213741, 0,6, 0
0.09904875939599547, 0.0, 0.8938837418790088, 0.5716062650433826, 1,6, 1
0.10024612519124593, 0.0, 0.88033626681359, 0.5651154797405392, 1,8, 0
0.10097784873278787, 0.0, 0.8896953824485279, 0.5747058834644102, 1,3, 1
0.09904875939599547, 0.0, 0.8938837418790088, 0.5740432095881163, 0,9, 0
0.09904875939599547, 0.0, 0.8938837418790088, 0.5710870376516101, 0,10, 0
0.09904875939599547, 0.0, 0.8938837418790088, 0.5727305214874876, 0,11, 0
0.09904875939599547, 0.0, 0.8938837418790088, 0.5776602537208624, 1,10, 1
0.09904875939599547, 0.0, 0.8938837418790088, 0.574683269854864, 0,8, 0
0.09904875939599547, 0.0, 0.8938837418790088, 0.5745999237674542, 0,4, 0
0.09904875939599547, 0.0, 0.8938837418790088, 0.573365770743467, 1,6, 0
0.09904875939599547, 0.0, 0.8938837418790088, 0.5765603032415254, 0,6, 0
0.10017960486928756, 0.0, 0.8835487229879121, 0.5742371247615011, 0,11, 0
0.09904875939599547, 0.0, 0.8938837418790088, 0.571844439181541, 0,9, 0
0.10017960486928756, 0.0, 0.8835487229879121, 0.5779139746212154, 1,6, 0
0.09904875939599547, 0.0, 0.8938837418790088, 0.5876642549637933, 0,5, 0
0.10017960486928756, 0.0, 0.8835487229879121, 0.5753111066847783, 0,7, 0
0.10017960486928756, 0.0, 0.8835487229879121, 0.5772197622695575, 0,11, 0
0.10017960486928756, 0.0, 0.8835487229879121, 0.5750385079670356, 0,12, 0
0.10017960486928756, 0.0, 0.8835487229879121, 0.5747453039748175, 1,8, 0
0.10017960486928756, 0.0, 0.8835487229879121, 0.5770606138782965, 0,9, 0
0.10017960486928756, 0.0, 0.8835487229879121, 0.5780062544042333, 0,7, 0
0.10017960486928756, 0.0, 0.8835487229879121, 0.5765166380273733, 1,10, 0
0.09991352358145414, 0.0, 0.9273376082964652, 0.5921560505331307, 0,8, 0
0.09991352358145414, 0.0, 0.9273376082964652, 0.5881413849375912, 0,10, 0
0.10097784873278787, 0.0, 0.8896953824485279, 0.5708790546721739, 0,7, 0
0.10097784873278787, 0.0, 0.8896953824485279, 0.5706065898079801, 0,6, 0
0.10097784873278787, 0.0, 0.8896953824485279, 0.5731985591915378, 0,9, 0
0.09878267810816205, 0.0, 0.9000015148416551, 0.5819078840171832, 0,8, 0
0.1015765316304131, 0.0, 0.8939628239883849, 0.4181539281620717, 0,7, 0
0.10111088937670458, 0.0, 0.9116167084157132, 0.5783558240018314, 3,10, 0
0.10111088937670458, 0.0, 0.9116167084157132, 0.5827618430584168, 0,5, 0
0.10111088937670458, 0.0, 0.9116167084157132, 0.5789183511169963, 0,6, 0
0.10111088937670458, 0.0, 0.9116167084157132, 0.579870418655588, 0,6, 0
0.10111088937670458, 0.0, 0.9116167084157132, 0.5829124166974751, 0,6, 0
0.10024612519124593, 0.0, 0.88033626681359, 0.5614448552930233, 0,7, 0
0.10017960486928756, 0.0, 0.8835487229879121, 0.5736091504424753, 1,5, 0
0.10111088937670458, 0.0, 0.9116167084157132, 0.5772852230036718, 0,9, 0
0.10111088937670458, 0.0, 0.9116167084157132, 0.5791609717446086, 0,6, 0
0.10111088937670458, 0.0, 0.9116167084157132, 0.5812243189018098, 1,8, 0
0.10111088937670458, 0.0, 0.9116167084157132, 0.5796907326202094, 1,9, 1
0.10111088937670458, 0.0, 0.9116167084157132, 0.5795251443401376, 1,7, 0
0.10111088937670458, 0.0, 0.9116167084157132, 0.5783367502352913, 1,9, 1
0.10111088937670458, 0.0, 0.9116167084157132, 0.5809962313592391, 1,6, 0
0.10111088937670458, 0.0, 0.9116167084157132, 0.5806963957148319, 0,8, 0
0.10111088937670458, 0.0, 0.9116167084157132, 0.581576095158252, 0,6, 0
0.10111088937670458, 0.0, 0.9116167084157132, 0.584624660608661, 1,10, 1
0.10111088937670458, 0.0, 0.9116167084157132, 0.5789667388724804, 0,7, 0
0.10111088937670458, 0.0, 0.9116167084157132, 0.5809080386696636, 1,6, 0
0.10111088937670458, 0.0, 0.9116167084157132, 0.5800562337922088, 0,4, 0
0.10111088937670458, 0.0, 0.9116167084157132, 0.5809530678035465, 1,10, 0
0.10111088937670458, 0.0, 0.9116167084157132, 0.5805163985366762, 0,7, 0
0.10111088937670458, 0.0, 0.9116167084157132, 0.5818117785264142, 0,7, 0
0.10111088937670458, 0.0, 0.9116167084157132, 0.5835286023383237, 0,10, 0
0.10111088937670458, 0.0, 0.9116167084157132, 0.5801361181913705, 0,8, 0
0.10111088937670458, 0.0, 0.9116167084157132, 0.5788348825189583, 1,7, 0
0.10111088937670458, 0.0, 0.9116167084157132, 0.5831856086208218, 0,7, 0
0.10111088937670458, 0.0, 0.9116167084157132, 0.5810051109178321, 0,9, 0
0.10111088937670458, 0.0, 0.9116167084157132, 0.5854725516143106, 1,6, 1
0.10111088937670458, 0.0, 0.9116167084157132, 0.5786106074110933, 0,9, 0
0.10111088937670458, 0.0, 0.9116167084157132, 0.5813011953767763, 0,9, 0
0.10111088937670458, 0.0, 0.9116167084157132, 0.5871829916364306, 0,4, 0
0.10111088937670458, 0.0, 0.9116167084157132, 0.5821009504354623, 1,8, 0
0.10403778354287235, 0.0, 0.8956375096706843, 0.32365040281498353, 0,0, 0
0.09878267810816205, 0.0, 0.9000015148416551, 0.579285495103681, 0,6, 0
0.0996474422936207, 0.0, 0.9424463317291131, 0.5935980923469576, 0,2, 0
0.0996474422936207, 0.0, 0.9424463317291131, 0.5898997887309108, 1,6, 0
0.0996474422936207, 0.0, 0.9424463317291131, 0.5880088262208782, 0,11, 0
0.09878267810816205, 0.0, 0.9000015148416551, 0.5787760600071655, 0,4, 0
0.0996474422936207, 0.0, 0.9424463317291131, 0.5908442561664967, 1,6, 0
0.0996474422936207, 0.0, 0.9424463317291131, 0.5905447649314464, 0,5, 0
0.09991352358145414, 0.0, 0.9273376082964652, 0.5971326688830961, 1,6, 0
0.0996474422936207, 0.0, 0.9424463317291131, 0.587595410478885, 0,6, 0
0.09991352358145414, 0.0, 0.9273376082964652, 0.5907693964512981, 0,8, 0
0.0996474422936207, 0.0, 0.9424463317291131, 0.5892916229467267, 0,5, 0
0.09991352358145414, 0.0, 0.9273376082964652, 0.5876984899141868, 1,6, 0
0.0996474422936207, 0.0, 0.9424463317291131, 0.593385919010564, 0,7, 0
0.09991352358145414, 0.0, 0.9273376082964652, 0.5941806195243028, 0,5, 0
0.09991352358145414, 0.0, 0.9273376082964652, 0.592407738445647, 0,9, 0
0.09991352358145414, 0.0, 0.9273376082964652, 0.5911094992829795, 0,6, 0
0.09991352358145414, 0.0, 0.9273376082964652, 0.5869966559442075, 0,9, 0
0.09991352358145414, 0.0, 0.9273376082964652, 0.5867357560393074, 0,7, 0
0.0996474422936207, 0.0, 0.9424463317291131, 0.5905813563682014, 0,3, 0
0.09991352358145414, 0.0, 0.9273376082964652, 0.5934486804653082, 0,5, 0
0.09991352358145414, 0.0, 0.9273376082964652, 0.5867325010683113, 0,11, 0
0.09991352358145414, 0.0, 0.9273376082964652, 0.5891476957028867, 0,6, 0
0.09991352358145414, 0.0, 0.9273376082964652, 0.5941271379515515, 0,8, 0
0.09991352358145414, 0.0, 0.9273376082964652, 0.587748415702606, 0,7, 0
0.09991352358145414, 0.0, 0.9273376082964652, 0.5880906424164891, 0,7, 0
0.0996474422936207, 0.0, 0.9424463317291131, 0.5899832158697192, 0,7, 0
0.09991352358145414, 0.0, 0.9273376082964652, 0.5910075813227218, 0,7, 0
0.0904011175414089, 0.0, 0.902579492470598, 0.33936331253723523, 0,7, 0
0.0996474422936207, 0.0, 0.9424463317291131, 0.5854598669252602, 0,8, 0
0.09878267810816205, 0.0, 0.9000015148416551, 0.5790391174868226, 0,10, 0
0.10111088937670458, 0.0, 0.9116167084157132, 0.5785809814953423, 0,5, 0
0.10097784873278787, 0.0, 0.8896953824485279, 0.5712816670202301, 0,6, 0
0.10111088937670458, 0.0, 0.9116167084157132, 0.5859891444210027, 0,6, 0
0.10111088937670458, 0.0, 0.9116167084157132, 0.581149057564266, 0,6, 0
0.09991352358145414, 0.0, 0.9273376082964652, 0.5886926845601699, 0,8, 0
0.09904875939599547, 0.0, 0.8938837418790088, 0.5762959273109889, 0,9, 0
0.0996474422936207, 0.0, 0.9424463317291131, 0.5918522300049773, 1,7, 0
0.09878267810816205, 0.0, 0.9000015148416551, 0.5851539817520601, 0,10, 0
0.09878267810816205, 0.0, 0.9000015148416551, 0.5800560597009181, 0,9, 0
0.09991352358145414, 0.0, 0.9273376082964652, 0.5911728033434519, 0,4, 0
0.10051220647907935, 0.0, 0.8777699163158681, 0.5816358765008114, 0,4, 0
0.0996474422936207, 0.0, 0.9424463317291131, 0.5898889733414143, 0,8, 0
0.09991352358145414, 0.0, 0.9273376082964652, 0.5902015578123857, 0,3, 0
0.0996474422936207, 0.0, 0.9424463317291131, 0.5916260018760936, 0,3, 0
0.09991352358145414, 0.0, 0.9273376082964652, 0.5869318629512277, 1,8, 0
0.09991352358145414, 0.0, 0.9273376082964652, 0.5894370478795964, 0,7, 0
0.0996474422936207, 0.0, 0.9424463317291131, 0.5882184330483441, 0,6, 0
0.09153196301470098, 0.0, 0.9120986843383936, 0.39572031178174927, 0,7, 0
0.09991352358145414, 0.0, 0.9273376082964652, 0.5868386485153448, 0,4, 0
0.09991352358145414, 0.0, 0.9273376082964652, 0.5886292472135315, 0,6, 0
0.09991352358145414, 0.0, 0.9273376082964652, 0.5903614774417124, 0,6, 0
0.09878267810816205, 0.0, 0.9000015148416551, 0.5794415843252689, 0,8, 0
0.09878267810816205, 0.0, 0.9000015148416551, 0.582556739004774, 0,7, 0
0.09878267810816205, 0.0, 0.9000015148416551, 0.5765649444839195, 0,6, 0
0.0996474422936207, 0.0, 0.9424463317291131, 0.5908927001290863, 0,5, 0
0.09878267810816205, 0.0, 0.9000015148416551, 0.5787233877258758, 0,6, 0
0.09878267810816205, 0.0, 0.9000015148416551, 0.5802841399112826, 0,9, 0
0.09878267810816205, 0.0, 0.9000015148416551, 0.5798128553012954, 1,8, 0
0.09878267810816205, 0.0, 0.9000015148416551, 0.5802013445167047, 0,6, 0
0.09878267810816205, 0.0, 0.9000015148416551, 0.5746829623023025, 0,5, 0
0.09878267810816205, 0.0, 0.9000015148416551, 0.5798243250190087, 0,4, 0
0.0996474422936207, 0.0, 0.9424463317291131, 0.587878063929536, 0,8, 0
0.0996474422936207, 0.0, 0.9424463317291131, 0.5874487175938357, 0,7, 0
0.0996474422936207, 0.0, 0.9424463317291131, 0.5855301715331198, 1,9, 0
0.09991352358145414, 0.0, 0.9273376082964652, 0.5883666018345788, 0,8, 0
0.09991352358145414, 0.0, 0.9273376082964652, 0.5857078232851964, 0,6, 0
0.09991352358145414, 0.0, 0.9273376082964652, 0.5893759107610204, 1,4, 0
0.09991352358145414, 0.0, 0.9273376082964652, 0.5895610882608932, 0,7, 0
0.09991352358145414, 0.0, 0.9273376082964652, 0.5888393718472127, 0,7, 0
0.0996474422936207, 0.0, 0.9424463317291131, 0.5893737612804486, 0,8, 0
0.10051220647907935, 0.0, 0.8777699163158681, 0.5773399361207698, 0,8, 0
0.0996474422936207, 0.0, 0.9424463317291131, 0.5925657471795823, 1,11, 0
0.0996474422936207, 0.0, 0.9424463317291131, 0.5891856381005982, 0,5, 0
0.09991352358145414, 0.0, 0.9273376082964652, 0.5879740970611913, 0,4, 0
0.0996474422936207, 0.0, 0.9424463317291131, 0.5895850046705808, 1,5, 0
0.0996474422936207, 0.0, 0.9424463317291131, 0.5926519445233591, 0,6, 0
0.09991352358145414, 0.0, 0.9273376082964652, 0.5890159312923324, 0,5, 0
0.09991352358145414, 0.0, 0.9273376082964652, 0.5900391467585822, 0,5, 0
0.09991352358145414, 0.0, 0.9273376082964652, 0.5935244097921478, 1,5, 0
0.09991352358145414, 0.0, 0.9273376082964652, 0.5914039431771018, 1,4, 0
0.09991352358145414, 0.0, 0.9273376082964652, 0.5890999522761183, 0,6, 0
0.09991352358145414, 0.0, 0.9273376082964652, 0.5887158466607849, 0,9, 0
0.09991352358145414, 0.0, 0.9273376082964652, 0.5878596588233903, 0,4, 0
0.09991352358145414, 0.0, 0.9273376082964652, 0.587799586370439, 1,5, 0
0.09991352358145414, 0.0, 0.9273376082964652, 0.5911015533083198, 0,7, 0
0.09991352358145414, 0.0, 0.9273376082964652, 0.5890970843144082, 1,7, 0
0.09991352358145414, 0.0, 0.9273376082964652, 0.5882853100534622, 0,6, 0
0.09991352358145414, 0.0, 0.9273376082964652, 0.5871089869452273, 0,4, 0
0.09991352358145414, 0.0, 0.9273376082964652, 0.5915368179470498, 0,10, 0
0.0996474422936207, 0.0, 0.9424463317291131, 0.5887780704522962, 0,3, 0
0.0996474422936207, 0.0, 0.9424463317291131, 0.5867766931229874, 1,3, 0
0.09991352358145414, 0.0, 0.9273376082964652, 0.5878456780590612, 1,7, 0
0.09991352358145414, 0.0, 0.9273376082964652, 0.590976094462999, 1,8, 0
0.09991352358145414, 0.0, 0.9273376082964652, 0.5950512129545202, 1,8, 0
0.09991352358145414, 0.0, 0.9273376082964652, 0.5924495068714143, 1,5, 0
0.0996474422936207, 0.0, 0.9424463317291131, 0.5890118463796266, 0,5, 0
0.0996474422936207, 0.0, 0.9424463317291131, 0.5886088209223601, 0,5, 0
0.0996474422936207, 0.0, 0.9424463317291131, 0.587775888630455, 0,7, 0
0.0996474422936207, 0.0, 0.9424463317291131, 0.589116666234951, 0,7, 0
0.0996474422936207, 0.0, 0.9424463317291131, 0.5893115110371573, 0,10, 0
0.09605534490786935, 0.0, 0.9277148532385796, 0.5210927700345236, 0,0, 0
0.09991352358145414, 0.0, 0.9273376082964652, 0.5876489584405385, 0,5, 0
0.09904875939599547, 0.0, 0.8938837418790088, 0.5765334211956394, 0,8, 0
0.09904875939599547, 0.0, 0.8938837418790088, 0.5722579903956796, 0,10, 0
0.09904875939599547, 0.0, 0.8938837418790088, 0.5750470729813049, 0,9, 0
0.09904875939599547, 0.0, 0.8938837418790088, 0.5743871397784139, 0,6, 0
0.09904875939599547, 0.0, 0.8938837418790088, 0.576155437797619, 0,8, 0
0.09904875939599547, 0.0, 0.8938837418790088, 0.5759274113629144, 0,6, 0
0.09904875939599547, 0.0, 0.8938837418790088, 0.5695675219393944, 0,3, 0
0.09904875939599547, 0.0, 0.8938837418790088, 0.5754500344105478, 0,6, 0
0.09904875939599547, 0.0, 0.8938837418790088, 0.5746686806412002, 0,9, 0
0.09904875939599547, 0.0, 0.8938837418790088, 0.5747762098881745, 0,6, 0
0.09904875939599547, 0.0, 0.8938837418790088, 0.5698622633185428, 0,9, 0
0.09904875939599547, 0.0, 0.8938837418790088, 0.5753037057550241, 0,9, 0
0.09904875939599547, 0.0, 0.8938837418790088, 0.5725210289571534, 0,8, 0
0.09904875939599547, 0.0, 0.8938837418790088, 0.5762282327142588, 0,7, 0
0.09904875939599547, 0.0, 0.8938837418790088, 0.5762007417648212, 0,10, 0
0.09904875939599547, 0.0, 0.8938837418790088, 0.5746654285430152, 0,8, 0
0.09904875939599547, 0.0, 0.8938837418790088, 0.5761594806538309, 0,10, 0
0.09878267810816205, 0.0, 0.9000015148416551, 0.5812010942436012, 0,5, 0
0.10131045034257966, 0.0, 0.9114431862674529, 0.5751615983962985, 0,8, 0
0.09958092197166234, 0.0, 0.8933638062721464, 0.5801865853096573, 0,6, 0
0.09878267810816205, 0.0, 0.9000015148416551, 0.5800071727446838, 0,8, 0
0.09705314973724473, 0.0, 0.8964885619733226, 0.4178156869091707, 0,8, 0
0.09958092197166234, 0.0, 0.8933638062721464, 0.5825813996540279, 0,4, 0
0.10051220647907935, 0.0, 0.8777699163158681, 0.5724013388150871, 0,11, 0
0.09878267810816205, 0.0, 0.9000015148416551, 0.5816825878815972, 0,4, 0
0.09878267810816205, 0.0, 0.9000015148416551, 0.577801901743873, 0,9, 0
0.10051220647907935, 0.0, 0.8777699163158681, 0.5786834161760179, 1,11, 0
0.09991352358145414, 0.0, 0.9273376082964652, 0.5901403894717204, 0,7, 0
0.10051220647907935, 0.0, 0.8777699163158681, 0.5754072673667169, 1,7, 1
0.10051220647907935, 0.0, 0.8777699163158681, 0.5757773116466071, 0,8, 0
0.10051220647907935, 0.0, 0.8777699163158681, 0.5760120871931295, 0,6, 0
0.10051220647907935, 0.0, 0.8777699163158681, 0.5735308116304296, 0,9, 0
0.0996474422936207, 0.0, 0.9424463317291131, 0.5961503079579658, 1,7, 1
0.100445686157121, 0.0, 0.885423918948065, 0.5376630922642456, 1,6, 0
0.09991352358145414, 0.0, 0.9218314780310337, 0.4600633122655161, 0,4, 0
0.0996474422936207, 0.0, 0.9424463317291131, 0.5875765706448319, 0,4, 0
0.10057872680103772, 0.0, 0.877751601297553, 0.5726764174628444, 0,5, 0
0.0996474422936207, 0.0, 0.9424463317291131, 0.5887298800488834, 0,7, 0
0.0996474422936207, 0.0, 0.9424463317291131, 0.5911287057745569, 0,11, 0
0.0996474422936207, 0.0, 0.9424463317291131, 0.5898158271812124, 0,6, 0
0.0996474422936207, 0.0, 0.9424463317291131, 0.5893768131406263, 0,9, 0
0.0996474422936207, 0.0, 0.9424463317291131, 0.5882142335979377, 0,8, 0
0.0996474422936207, 0.0, 0.9424463317291131, 0.587873760278473, 1,7, 0
0.0996474422936207, 0.0, 0.9424463317291131, 0.5871932249674654, 0,8, 0
0.0996474422936207, 0.0, 0.9424463317291131, 0.590477366278616, 0,10, 0
0.09991352358145414, 0.0, 0.9273376082964652, 0.5871349164210838, 0,11, 0
0.09958092197166234, 0.0, 0.8933638062721464, 0.5786936554527311, 1,9, 0
0.10111088937670458, 0.0, 0.9116167084157132, 0.5801219544686886, 1,7, 0
0.10111088937670458, 0.0, 0.9116167084157132, 0.5787604661410168, 0,7, 0
0.09991352358145414, 0.0, 0.9273376082964652, 0.5884282311507615, 0,6, 0
0.09991352358145414, 0.0, 0.9273376082964652, 0.5885161194515441, 1,6, 1
0.09991352358145414, 0.0, 0.9273376082964652, 0.590032682938987, 0,7, 0
0.09991352358145414, 0.0, 0.9273376082964652, 0.590756540138788, 0,7, 0
0.10111088937670458, 0.0, 0.9116167084157132, 0.5810467077970675, 0,6, 0
0.10111088937670458, 0.0, 0.9116167084157132, 0.5800161194638815, 0,6, 0
0.10111088937670458, 0.0, 0.9116167084157132, 0.5799018047767412, 0,8, 0
0.10111088937670458, 0.0, 0.9116167084157132, 0.5821193387111652, 0,6, 0
0.10111088937670458, 0.0, 0.9116167084157132, 0.5791997229708715, 1,5, 0
0.10111088937670458, 0.0, 0.9116167084157132, 0.5816746031185325, 0,7, 0
0.10111088937670458, 0.0, 0.9116167084157132, 0.5788828051984551, 1,6, 0
0.10111088937670458, 0.0, 0.9116167084157132, 0.5803875213875702, 0,9, 0
0.10111088937670458, 0.0, 0.9116167084157132, 0.5794416490035117, 0,6, 0
0.10111088937670458, 0.0, 0.9116167084157132, 0.5838058319929731, 0,6, 0
0.10111088937670458, 0.0, 0.9116167084157132, 0.5827164469567905, 0,8, 0
0.10111088937670458, 0.0, 0.9116167084157132, 0.5797248457491986, 0,5, 0
0.10111088937670458, 0.0, 0.9116167084157132, 0.5877295828852018, 0,6, 0
0.10111088937670458, 0.0, 0.9116167084157132, 0.58101792809408, 1,7, 0
0.10111088937670458, 0.0, 0.9116167084157132, 0.5862428197338929, 0,6, 0
0.10111088937670458, 0.0, 0.9116167084157132, 0.5778449205486387, 0,6, 0
0.10111088937670458, 0.0, 0.9116167084157132, 0.5797542048256871, 1,7, 0
0.10111088937670458, 0.0, 0.9116167084157132, 0.580515672794494, 0,7, 0
0.10111088937670458, 0.0, 0.9116167084157132, 0.5814370842317996, 0,7, 0
0.10111088937670458, 0.0, 0.9116167084157132, 0.5816917041985906, 0,8, 0
0.10111088937670458, 0.0, 0.9116167084157132, 0.5785254296985194, 0,11, 0
0.10111088937670458, 0.0, 0.9116167084157132, 0.5803568348892183, 0,8, 0
0.10111088937670458, 0.0, 0.9116167084157132, 0.5795856087096106, 0,9, 0
0.10111088937670458, 0.0, 0.9116167084157132, 0.583337130596583, 0,10, 0
0.10111088937670458, 0.0, 0.9116167084157132, 0.5830809086830506, 0,3, 0
0.10111088937670458, 0.0, 0.9116167084157132, 0.5809727439995025, 0,8, 0
0.10111088937670458, 0.0, 0.9116167084157132, 0.5817939828804267, 1,4, 0
0.10111088937670458, 0.0, 0.9116167084157132, 0.5772974161051444, 0,4, 0
0.10111088937670458, 0.0, 0.9116167084157132, 0.5838698292626606, 0,9, 0
0.10111088937670458, 0.0, 0.9116167084157132, 0.5804684669970209, 0,5, 0
0.10111088937670458, 0.0, 0.9116167084157132, 0.5858764576016255, 0,3, 0
0.10111088937670458, 0.0, 0.9116167084157132, 0.5837032767270471, 0,7, 0
0.10111088937670458, 0.0, 0.9116167084157132, 0.5890933008318477, 0,4, 0
0.10111088937670458, 0.0, 0.9116167084157132, 0.5796953063229108, 0,11, 0
0.10111088937670458, 0.0, 0.9116167084157132, 0.5867736723801493, 1,8, 0
0.10111088937670458, 0.0, 0.9116167084157132, 0.5859934731446595, 1,5, 0
0.10111088937670458, 0.0, 0.9116167084157132, 0.5838947219538926, 0,7, 0
0.10111088937670458, 0.0, 0.9116167084157132, 0.5791600901345819, 0,5, 0
0.10111088937670458, 0.0, 0.9116167084157132, 0.5806644841797666, 0,7, 0
0.10111088937670458, 0.0, 0.9116167084157132, 0.5867833222283408, 0,8, 0
0.10111088937670458, 0.0, 0.9116167084157132, 0.5853130305023598, 0,6, 0
0.10111088937670458, 0.0, 0.9116167084157132, 0.581327936124021, 0,8, 0
0.10111088937670458, 0.0, 0.9116167084157132, 0.5803093547127657, 0,6, 0
0.10111088937670458, 0.0, 0.9116167084157132, 0.5772769739084628, 0,9, 0
0.10111088937670458, 0.0, 0.9116167084157132, 0.5816128893978048, 0,6, 0
0.10111088937670458, 0.0, 0.9116167084157132, 0.5797297327737457, 0,10, 0
0.10297345839153861, 0.0, 0.8826302958662793, 0.3592189741973562, 0,0, 0
0.10051220647907935, 0.0, 0.8777699163158681, 0.5751230852681927, 0,7, 0
0.10017960486928756, 0.0, 0.8835487229879121, 0.5772217346818231, 0,9, 0
0.10017960486928756, 0.0, 0.8835487229879121, 0.5701746748116768, 0,6, 0
0.10017960486928756, 0.0, 0.8835487229879121, 0.5724645223365674, 0,8, 0
0.10017960486928756, 0.0, 0.8835487229879121, 0.5738734303099331, 0,10, 0
0.10017960486928756, 0.0, 0.8835487229879121, 0.5804668145512009, 0,5, 0
0.10017960486928756, 0.0, 0.8835487229879121, 0.5758835652810878, 0,6, 0
0.10017960486928756, 0.0, 0.8835487229879121, 0.581641750558495, 0,6, 0
0.10017960486928756, 0.0, 0.8835487229879121, 0.5754861522557826, 0,8, 0
0.10017960486928756, 0.0, 0.8835487229879121, 0.5729977194925024, 0,9, 0
0.10017960486928756, 0.0, 0.8835487229879121, 0.5748018908776715, 0,7, 0
0.10017960486928756, 0.0, 0.8835487229879121, 0.58263158971222, 0,7, 0
0.10017960486928756, 0.0, 0.8835487229879121, 0.5732573046929795, 0,5, 0
0.10017960486928756, 0.0, 0.8835487229879121, 0.577012198213094, 0,6, 0
0.10017960486928756, 0.0, 0.8835487229879121, 0.5723077190605746, 0,7, 0
0.10017960486928756, 0.0, 0.8835487229879121, 0.5741315557428291, 0,9, 0
0.10017960486928756, 0.0, 0.8835487229879121, 0.5756089429990195, 0,5, 0
0.10017960486928756, 0.0, 0.8835487229879121, 0.577175547954536, 0,8, 0
0.10017960486928756, 0.0, 0.8835487229879121, 0.5745041072538385, 0,6, 0
0.10017960486928756, 0.0, 0.8835487229879121, 0.5726723053612728, 0,6, 0
0.10017960486928756, 0.0, 0.8835487229879121, 0.572079364650441, 0,5, 0
0.10017960486928756, 0.0, 0.8835487229879121, 0.5739316362375626, 0,5, 0
0.10017960486928756, 0.0, 0.8835487229879121, 0.5734870668666643, 0,4, 0
0.10017960486928756, 0.0, 0.8835487229879121, 0.574202962086554, 0,9, 0
0.09991352358145414, 0.0, 0.9273376082964652, 0.5894091026593977, 0,10, 0
0.09991352358145414, 0.0, 0.9273376082964652, 0.5908920691779236, 0,8, 0
0.09991352358145414, 0.0, 0.9273376082964652, 0.5892482226858756, 0,5, 0
0.09991352358145414, 0.0, 0.9273376082964652, 0.5879827237925777, 0,8, 0
0.09991352358145414, 0.0, 0.9273376082964652, 0.5905962921884201, 0,11, 0
0.09991352358145414, 0.0, 0.9273376082964652, 0.5887048999607684, 0,5, 0
0.09991352358145414, 0.0, 0.9273376082964652, 0.5892920446260876, 0,7, 0
0.09991352358145414, 0.0, 0.9273376082964652, 0.5918185812837747, 0,6, 0
0.09991352358145414, 0.0, 0.9273376082964652, 0.5915314477555007, 0,8, 0
0.09991352358145414, 0.0, 0.9273376082964652, 0.587987883155028, 0,7, 0
0.09991352358145414, 0.0, 0.9273376082964652, 0.5878918130583212, 0,7, 0
0.10097784873278787, 0.0, 0.8896953824485279, 0.5787151824876159, 0,5, 0
0.09991352358145414, 0.0, 0.9273376082964652, 0.587425821050259, 0,11, 0
0.0996474422936207, 0.0, 0.9424463317291131, 0.588954882845146, 0,8, 0
0.0996474422936207, 0.0, 0.9424463317291131, 0.5866385614672959, 0,4, 0
0.09958092197166234, 0.0, 0.8933638062721464, 0.5776700746992692, 0,6, 0
0.10024612519124593, 0.0, 0.88033626681359, 0.5606116098618327, 0,9, 0
0.09958092197166234, 0.0, 0.8933638062721464, 0.5818145768801635, 0,8, 0
0.09904875939599547, 0.0, 0.8938837418790088, 0.5717801874966594, 0,4, 0
0.09878267810816205, 0.0, 0.9000015148416551, 0.5795212910221612, 0,10, 0
0.10017960486928756, 0.0, 0.8835487229879121, 0.5795318967502736, 0,7, 0
0.09958092197166234, 0.0, 0.8933638062721464, 0.57737015490987, 0,8, 0
0.0996474422936207, 0.0, 0.9424463317291131, 0.5926009633030587, 0,7, 0
0.09904875939599547, 0.0, 0.8938837418790088, 0.5762251174000615, 0,8, 0
0.09904875939599547, 0.0, 0.8938837418790088, 0.575016500431428, 0,7, 0
0.09904875939599547, 0.0, 0.8938837418790088, 0.57113986987806, 0,4, 0
0.09904875939599547, 0.0, 0.8938837418790088, 0.575314890763988, 0,9, 0
0.09904875939599547, 0.0, 0.8938837418790088, 0.5706970177464474, 0,11, 0
0.09904875939599547, 0.0, 0.8938837418790088, 0.5749202112777677, 0,6, 0
0.09904875939599547, 0.0, 0.8938837418790088, 0.5766693511709506, 1,4, 0
0.09904875939599547, 0.0, 0.8938837418790088, 0.575833717240682, 0,5, 0
0.0996474422936207, 0.0, 0.9424463317291131, 0.5867999890892157, 0,8, 0
0.09991352358145414, 0.0, 0.9273376082964652, 0.5914007402557827, 0,9, 0
0.09904875939599547, 0.0, 0.8938837418790088, 0.5779975719613735, 1,9, 1
0.09904875939599547, 0.0, 0.8938837418790088, 0.573142777640966, 1,7, 0
0.09904875939599547, 0.0, 0.8938837418790088, 0.5761414376231844, 0,8, 0
0.09904875939599547, 0.0, 0.8938837418790088, 0.5752118262241087, 0,8, 0
0.09904875939599547, 0.0, 0.8938837418790088, 0.5740964502924522, 0,5, 0
0.09904875939599547, 0.0, 0.8938837418790088, 0.5714608402962662, 0,3, 0
0.09904875939599547, 0.0, 0.8938837418790088, 0.5770466199350377, 1,11, 0
0.09904875939599547, 0.0, 0.8938837418790088, 0.5737953337605693, 0,7, 0
0.09904875939599547, 0.0, 0.8938837418790088, 0.5717640961678669, 0,9, 0
0.09904875939599547, 0.0, 0.8938837418790088, 0.5716522227092251, 0,9, 0
0.09904875939599547, 0.0, 0.8938837418790088, 0.5725090974711761, 1,5, 1
0.09904875939599547, 0.0, 0.8938837418790088, 0.5748215237339352, 1,8, 0
0.09904875939599547, 0.0, 0.8938837418790088, 0.5779355654281525, 0,10, 0
0.09904875939599547, 0.0, 0.8938837418790088, 0.5743543324375324, 0,4, 0
0.0996474422936207, 0.0, 0.9424463317291131, 0.5860478294013542, 0,7, 0
0.09904875939599547, 0.0, 0.8938837418790088, 0.5727920799972996, 1,10, 0
0.11215326282179205, 0.0, 0.9177303647122764, 0.424762289733769, 0,9, 0
0.09904875939599547, 0.0, 0.8938837418790088, 0.572118505730637, 0,4, 0
0.0996474422936207, 0.0, 0.9424463317291131, 0.5918980147539584, 0,6, 0
0.09904875939599547, 0.0, 0.8938837418790088, 0.5703738619642855, 0,5, 0
0.09904875939599547, 0.0, 0.8938837418790088, 0.5715129353982698, 0,7, 0
0.09904875939599547, 0.0, 0.8938837418790088, 0.5774046065343187, 0,9, 0
0.09904875939599547, 0.0, 0.8938837418790088, 0.5745533605584358, 1,4, 0
0.10111088937670458, 0.0, 0.9116167084157132, 0.5806802362802269, 1,7, 0
0.09904875939599547, 0.0, 0.8938837418790088, 0.575142017555475, 0,7, 0
0.09904875939599547, 0.0, 0.8938837418790088, 0.5738013192430791, 0,5, 0
0.10111088937670458, 0.0, 0.9116167084157132, 0.5796547842344676, 0,9, 0
0.09904875939599547, 0.0, 0.8938837418790088, 0.5765633454384838, 0,7, 0
0.10111088937670458, 0.0, 0.9116167084157132, 0.5812357209218171, 1,9, 0
0.10111088937670458, 0.0, 0.9116167084157132, 0.5837815476045214, 0,10, 0
0.10111088937670458, 0.0, 0.9116167084157132, 0.5801608160040005, 0,10, 0
0.10111088937670458, 0.0, 0.9116167084157132, 0.5811565664988408, 0,6, 0
0.10111088937670458, 0.0, 0.9116167084157132, 0.5785689782136493, 0,6, 0
0.10111088937670458, 0.0, 0.9116167084157132, 0.5814992819241905, 0,8, 0
0.10111088937670458, 0.0, 0.9116167084157132, 0.5844913668281664, 0,9, 0
0.10111088937670458, 0.0, 0.9116167084157132, 0.5751675304300581, 0,5, 0
0.10111088937670458, 0.0, 0.9116167084157132, 0.5846479945489912, 0,7, 0
0.10111088937670458, 0.0, 0.9116167084157132, 0.5790613530994451, 0,6, 0
0.10111088937670458, 0.0, 0.9116167084157132, 0.5783194386827918, 0,7, 0
0.10111088937670458, 0.0, 0.9116167084157132, 0.5818269843056091, 0,6, 0
0.10111088937670458, 0.0, 0.9116167084157132, 0.5851086617065399, 0,6, 0
0.10111088937670458, 0.0, 0.9116167084157132, 0.5841593692361806, 0,5, 0
0.10111088937670458, 0.0, 0.9116167084157132, 0.5818228773547662, 0,5, 0
0.10270737710370519, 0.0, 0.886403684513527, 0.26568078507710413, 0,0, 0
0.10051220647907935, 0.0, 0.8777699163158681, 0.5742308319080608, 0,7, 0
0.09991352358145414, 0.0, 0.9273376082964652, 0.5886053083908793, 0,4, 0
0.10111088937670458, 0.0, 0.9116167084157132, 0.5802440262352846, 0,6, 0
0.09878267810816205, 0.0, 0.9000015148416551, 0.5795109764552706, 1,5, 1
0.10111088937670458, 0.0, 0.9116167084157132, 0.5790370174280186, 0,6, 0
0.10111088937670458, 0.0, 0.9116167084157132, 0.5838081817847016, 0,3, 0
0.09878267810816205, 0.0, 0.9000015148416551, 0.5863056183222388, 0,10, 0
0.09878267810816205, 0.0, 0.9000015148416551, 0.5850135678495697, 0,6, 0
0.09878267810816205, 0.0, 0.9000015148416551, 0.5792097840013377, 0,7, 0
0.09878267810816205, 0.0, 0.9000015148416551, 0.5821192127232432, 0,5, 0
0.09878267810816205, 0.0, 0.9000015148416551, 0.5793466996725412, 0,7, 0
0.09878267810816205, 0.0, 0.9000015148416551, 0.5814908679526652, 0,4, 0
0.09878267810816205, 0.0, 0.9000015148416551, 0.5820644492665474, 0,6, 0
0.09878267810816205, 0.0, 0.9000015148416551, 0.581199930371382, 0,4, 0
0.09878267810816205, 0.0, 0.9000015148416551, 0.5818153719780491, 0,8, 0
0.09878267810816205, 0.0, 0.9000015148416551, 0.5799499821596849, 0,7, 0
0.09878267810816205, 0.0, 0.9000015148416551, 0.5833907724917912, 0,10, 0
0.09878267810816205, 0.0, 0.9000015148416551, 0.579932517790847, 0,4, 0
0.09878267810816205, 0.0, 0.9000015148416551, 0.5825767218500701, 0,6, 0
0.09878267810816205, 0.0, 0.9000015148416551, 0.5819202565308687, 0,12, 0
0.09878267810816205, 0.0, 0.9000015148416551, 0.5832235223444503, 0,7, 0
0.09878267810816205, 0.0, 0.9000015148416551, 0.5859179511554945, 0,6, 0
0.09878267810816205, 0.0, 0.9000015148416551, 0.5795123014376174, 0,7, 0
0.09878267810816205, 0.0, 0.9000015148416551, 0.5841196054278288, 0,5, 0
0.0996474422936207, 0.0, 0.9424463317291131, 0.589534098937261, 0,4, 0
0.0996474422936207, 0.0, 0.9424463317291131, 0.5878093418313268, 0,3, 0
0.10111088937670458, 0.0, 0.9116167084157132, 0.5801334071745723, 0,5, 0
0.09958092197166234, 0.0, 0.8933638062721464, 0.5789494984365947, 0,5, 0
0.09991352358145414, 0.0, 0.9273376082964652, 0.5980583767619421, 0,8, 0
0.0996474422936207, 0.0, 0.9424463317291131, 0.5881630368369023, 0,6, 0
0.0996474422936207, 0.0, 0.9424463317291131, 0.5899954594102695, 0,8, 0
0.09958092197166234, 0.0, 0.8933638062721464, 0.5778029642895521, 0,9, 0
0.0996474422936207, 0.0, 0.9424463317291131, 0.5890479609506991, 0,4, 0
0.10017960486928756, 0.0, 0.8835487229879121, 0.5744880540716594, 0,4, 0
0.10017960486928756, 0.0, 0.8835487229879121, 0.5738641833586208, 0,6, 0
0.0996474422936207, 0.0, 0.9424463317291131, 0.5850283147370693, 0,8, 0
0.09958092197166234, 0.0, 0.8933638062721464, 0.576525239288615, 0,7, 0
0.0996474422936207, 0.0, 0.9424463317291131, 0.5889764091816473, 0,6, 0
0.09991352358145414, 0.0, 0.9273376082964652, 0.5937463940223439, 1,8, 0
0.12286303465708774, 0.0, 0.8969887796235365, 0.3933622219158776, 0,6, 0
0.09991352358145414, 0.0, 0.9273376082964652, 0.5896240121511566, 0,6, 0
0.09991352358145414, 0.0, 0.9273376082964652, 0.5944375731013332, 0,6, 0
0.09991352358145414, 0.0, 0.9273376082964652, 0.5930947464986999, 0,3, 0
0.09991352358145414, 0.0, 0.9273376082964652, 0.5913551639057667, 0,8, 0
0.09991352358145414, 0.0, 0.9273376082964652, 0.5885267977400771, 0,6, 0
0.09991352358145414, 0.0, 0.9273376082964652, 0.588776926413599, 1,6, 0
0.09991352358145414, 0.0, 0.9273376082964652, 0.5905997343784872, 0,9, 0
0.09991352358145414, 0.0, 0.9273376082964652, 0.5898438596704826, 0,7, 0
0.09991352358145414, 0.0, 0.9273376082964652, 0.5908473921887957, 0,7, 0
0.10317301935741369, 0.0, 0.9119325844023749, 0.40690137107574104, 0,8, 0
0.09991352358145414, 0.0, 0.9273376082964652, 0.5933798851413136, 1,6, 0
0.10051220647907935, 0.0, 0.8777699163158681, 0.5791862550509069, 0,8, 0
0.10017960486928756, 0.0, 0.8835487229879121, 0.5779509134750058, 0,6, 0
0.09991352358145414, 0.0, 0.9273376082964652, 0.5877972255607015, 0,5, 0
0.10017960486928756, 0.0, 0.8835487229879121, 0.5764865680519883, 0,1, 0
0.10051220647907935, 0.0, 0.8777699163158681, 0.5773524956182549, 0,7, 0
0.10051220647907935, 0.0, 0.8777699163158681, 0.574541193665376, 0,7, 0
0.09991352358145414, 0.0, 0.9273376082964652, 0.5909078183885634, 0,7, 0
0.10051220647907935, 0.0, 0.8777699163158681, 0.5764100276362855, 0,5, 0
0.10051220647907935, 0.0, 0.8777699163158681, 0.5696818531394475, 0,11, 0
0.10051220647907935, 0.0, 0.8777699163158681, 0.5766569251734454, 0,7, 0
0.10051220647907935, 0.0, 0.8777699163158681, 0.5756869527855786, 0,8, 0
0.10051220647907935, 0.0, 0.8777699163158681, 0.5759808805843365, 0,10, 0
0.10051220647907935, 0.0, 0.8777699163158681, 0.5759998528450645, 0,4, 0
0.10051220647907935, 0.0, 0.8777699163158681, 0.5765692589267263, 0,6, 0
0.10051220647907935, 0.0, 0.8777699163158681, 0.5760345186711334, 0,9, 0
0.10051220647907935, 0.0, 0.8777699163158681, 0.5743101645210932, 0,7, 0
0.10051220647907935, 0.0, 0.8777699163158681, 0.5797595460637345, 0,6, 0
0.10051220647907935, 0.0, 0.8777699163158681, 0.5709322913841407, 0,7, 0
0.10051220647907935, 0.0, 0.8777699163158681, 0.5734383202513363, 0,7, 0
0.10051220647907935, 0.0, 0.8777699163158681, 0.5730067582373218, 0,9, 0
0.10051220647907935, 0.0, 0.8777699163158681, 0.5739306346659742, 0,9, 0
0.10051220647907935, 0.0, 0.8777699163158681, 0.573325752425145, 0,6, 0
0.10051220647907935, 0.0, 0.8777699163158681, 0.5736559792387544, 0,8, 0
0.10051220647907935, 0.0, 0.8777699163158681, 0.5712942483519905, 0,4, 0
0.10051220647907935, 0.0, 0.8777699163158681, 0.5723217972297986, 0,7, 0
0.10051220647907935, 0.0, 0.8777699163158681, 0.5729615232458627, 0,5, 0
0.10051220647907935, 0.0, 0.8777699163158681, 0.57334817426937, 0,6, 0
0.09252976784407636, 0.0, 0.9085969325997166, 0.3926356230318032, 0,6, 0
0.10051220647907935, 0.0, 0.8777699163158681, 0.5758113714186854, 0,7, 0
0.09958092197166234, 0.0, 0.8933638062721464, 0.5774304801803536, 0,4, 0
0.1264551320428391, 0.0, 0.8528941606300647, 0.37372470157701665, 0,7, 0
0.10017960486928756, 0.0, 0.8835487229879121, 0.5755035132675262, 0,8, 0
0.10111088937670458, 0.0, 0.9116167084157132, 0.5803997973535858, 0,8, 0
0.10097784873278787, 0.0, 0.8896953824485279, 0.5721918449626691, 0,6, 0
0.10097784873278787, 0.0, 0.8896953824485279, 0.5813335919819557, 1,7, 1
0.10097784873278787, 0.0, 0.8896953824485279, 0.5738972704388047, 0,7, 0
0.10097784873278787, 0.0, 0.8896953824485279, 0.5707003706493868, 0,9, 0
0.10097784873278787, 0.0, 0.8896953824485279, 0.5701840792011279, 0,9, 0
0.10097784873278787, 0.0, 0.8896953824485279, 0.574382691871512, 0,9, 0
0.10097784873278787, 0.0, 0.8896953824485279, 0.5749175213224149, 0,6, 0
0.10097784873278787, 0.0, 0.8896953824485279, 0.5685662058711486, 0,7, 0
0.10097784873278787, 0.0, 0.8896953824485279, 0.5783653214566307, 1,4, 0
0.10097784873278787, 0.0, 0.8896953824485279, 0.5710007222980807, 0,4, 0
0.10097784873278787, 0.0, 0.8896953824485279, 0.5711781662861634, 0,7, 0
0.10097784873278787, 0.0, 0.8896953824485279, 0.5726308160928099, 0,8, 0
0.10097784873278787, 0.0, 0.8896953824485279, 0.5748913837088613, 0,6, 0
0.10097784873278787, 0.0, 0.8896953824485279, 0.5739618954706189, 1,9, 0
0.10097784873278787, 0.0, 0.8896953824485279, 0.5722635532726273, 1,8, 0
0.0996474422936207, 0.0, 0.9424463317291131, 0.589614183726717, 0,2, 0
0.09359409299541009, 0.0, 0.8993925336370806, 0.4485987559960266, 0,0, 0
0.10097784873278787, 0.0, 0.8896953824485279, 0.5710459547428998, 0,10, 0
0.10051220647907935, 0.0, 0.8777699163158681, 0.5724845810618258, 0,3, 0
0.10111088937670458, 0.0, 0.9116167084157132, 0.574472796189397, 0,6, 0
0.09904875939599547, 0.0, 0.8938837418790088, 0.5785499804005696, 1,5, 0
0.09904875939599547, 0.0, 0.8938837418790088, 0.5791862393948176, 1,5, 0
0.0996474422936207, 0.0, 0.9424463317291131, 0.587965289356535, 0,6, 0
0.0996474422936207, 0.0, 0.9424463317291131, 0.5918528648382033, 1,7, 0
0.0996474422936207, 0.0, 0.9424463317291131, 0.5953717068601247, 1,6, 0
0.09878267810816205, 0.0, 0.9000015148416551, 0.583754545414902, 1,7, 0
0.0996474422936207, 0.0, 0.9424463317291131, 0.5879045599337287, 1,7, 0
0.10097784873278787, 0.0, 0.8896953824485279, 0.5716227000229458, 0,10, 0
0.09878267810816205, 0.0, 0.9000015148416551, 0.5810505013115403, 0,6, 0
0.09904875939599547, 0.0, 0.8938837418790088, 0.5756023014158863, 0,9, 0
0.0996474422936207, 0.0, 0.9424463317291131, 0.5873075807324447, 0,8, 0
0.0996474422936207, 0.0, 0.9424463317291131, 0.5879599597681452, 0,10, 0
0.0996474422936207, 0.0, 0.9424463317291131, 0.5911467282253503, 0,6, 0
0.0996474422936207, 0.0, 0.9424463317291131, 0.5912090396229004, 0,9, 0
0.0996474422936207, 0.0, 0.9424463317291131, 0.5859737203153252, 1,6, 0
0.0996474422936207, 0.0, 0.9424463317291131, 0.5904926589693716, 0,11, 0
0.0996474422936207, 0.0, 0.9424463317291131, 0.5902139017538109, 0,6, 0
0.0996474422936207, 0.0, 0.9424463317291131, 0.5862560210259244, 0,5, 0
0.0996474422936207, 0.0, 0.9424463317291131, 0.5892613321173374, 0,8, 0
0.0996474422936207, 0.0, 0.9424463317291131, 0.5892986108535401, 0,8, 0
0.0996474422936207, 0.0, 0.9424463317291131, 0.5879280995870761, 0,8, 0
0.0996474422936207, 0.0, 0.9424463317291131, 0.590778613401058, 0,8, 0
0.0996474422936207, 0.0, 0.9424463317291131, 0.586117697509312, 0,9, 0
0.0996474422936207, 0.0, 0.9424463317291131, 0.5943626601683138, 0,7, 0
0.0996474422936207, 0.0, 0.9424463317291131, 0.5879193647631044, 0,8, 0
0.0996474422936207, 0.0, 0.9424463317291131, 0.5906922739908496, 0,6, 0
0.0996474422936207, 0.0, 0.9424463317291131, 0.5869169892486829, 0,6, 0
0.0996474422936207, 0.0, 0.9424463317291131, 0.5880487401611336, 0,5, 0
0.0996474422936207, 0.0, 0.9424463317291131, 0.5873429492976973, 0,6, 0
0.09904875939599547, 0.0, 0.8938837418790088, 0.5735428482629726, 0,8, 0
0.09904875939599547, 0.0, 0.8938837418790088, 0.575756773904232, 0,7, 0
0.0996474422936207, 0.0, 0.9424463317291131, 0.5889932226001487, 0,7, 0
0.09904875939599547, 0.0, 0.8938837418790088, 0.5733084839767364, 0,6, 0
0.10077828776691279, 0.0, 0.8971855165534691, 0.41915045212097385, 0,7, 0
0.08181999600878068, 0.0, 0.8974360827133645, 0.41342862249759277, 0,5, 0
0.09871615778620368, 0.0, 0.8941918989114553, 0.5721992946495853, 0,7, 0
0.10024612519124593, 0.0, 0.88033626681359, 0.559733856582995, 0,6, 0
0.10111088937670458, 0.0, 0.9116167084157132, 0.5826047200909057, 0,5, 0
0.09958092197166234, 0.0, 0.8933638062721464, 0.5774504554574444, 0,8, 0
0.0996474422936207, 0.0, 0.9424463317291131, 0.586977455451497, 0,5, 0
0.10111088937670458, 0.0, 0.9116167084157132, 0.5851295123283898, 0,5, 0
0.10017960486928756, 0.0, 0.8835487229879121, 0.5762183479749576, 0,4, 0
0.09958092197166234, 0.0, 0.8933638062721464, 0.5758402284441106, 0,5, 0
0.09958092197166234, 0.0, 0.8933638062721464, 0.5793376008169986, 0,5, 0
0.0996474422936207, 0.0, 0.9424463317291131, 0.5895792682211749, 0,8, 0
0.09904875939599547, 0.0, 0.8938837418790088, 0.5744267781416531, 0,8, 0
0.10024612519124593, 0.0, 0.88033626681359, 0.5592885386676117, 0,5, 0
0.0996474422936207, 0.0, 0.9424463317291131, 0.5871249525026395, 0,10, 0
0.10017960486928756, 0.0, 0.8835487229879121, 0.5809977627390837, 0,5, 0
0.0996474422936207, 0.0, 0.9424463317291131, 0.5893199869186665, 0,6, 0
0.09878267810816205, 0.0, 0.9000015148416551, 0.579828790875977, 0,4, 0
0.10111088937670458, 0.0, 0.9116167084157132, 0.5822392640376558, 0,5, 0
0.09904875939599547, 0.0, 0.8938837418790088, 0.5762774232440082, 0,5, 0
0.09904875939599547, 0.0, 0.8938837418790088, 0.5740953660942069, 0,8, 0
0.10097784873278787, 0.0, 0.8896953824485279, 0.571939983413149, 0,7, 0
0.0996474422936207, 0.0, 0.9424463317291131, 0.5931475671215574, 1,7, 0
0.11481407570012639, 0.0, 0.9099815311982562, 0.38908018079330087, 0,7, 0
0.0996474422936207, 0.0, 0.9424463317291131, 0.587070070459808, 0,5, 0
0.09958092197166234, 0.0, 0.8933638062721464, 0.5787363199661598, 0,8, 0
0.10017960486928756, 0.0, 0.8835487229879121, 0.575019676792099, 0,6, 0
0.10017960486928756, 0.0, 0.8835487229879121, 0.58003912633836, 1,7, 0
0.0996474422936207, 0.0, 0.9424463317291131, 0.5930401928653444, 0,7, 0
0.0996474422936207, 0.0, 0.9424463317291131, 0.5931303592759951, 1,7, 1
0.0996474422936207, 0.0, 0.9424463317291131, 0.5927781372244291, 0,4, 0
0.0996474422936207, 0.0, 0.9424463317291131, 0.5898469184097339, 1,6, 0
0.0996474422936207, 0.0, 0.9424463317291131, 0.5917441094051372, 0,4, 0
0.0996474422936207, 0.0, 0.9424463317291131, 0.5873222711074405, 1,6, 0
0.0996474422936207, 0.0, 0.9424463317291131, 0.5875323860772013, 0,8, 0
0.09904875939599547, 0.0, 0.8938837418790088, 0.5714316597758142, 0,3, 0
0.0996474422936207, 0.0, 0.9424463317291131, 0.5858073266340702, 0,5, 0
0.0996474422936207, 0.0, 0.9424463317291131, 0.5869559874355231, 1,5, 0
0.0996474422936207, 0.0, 0.9424463317291131, 0.5902523919410728, 0,9, 0
0.0996474422936207, 0.0, 0.9424463317291131, 0.5875087387572706, 0,5, 0
0.0996474422936207, 0.0, 0.9424463317291131, 0.59223814181409, 0,4, 0
0.0996474422936207, 0.0, 0.9424463317291131, 0.591846714032071, 0,7, 0
0.0996474422936207, 0.0, 0.9424463317291131, 0.5895991246976434, 0,7, 0
0.0996474422936207, 0.0, 0.9424463317291131, 0.5918502135019393, 1,6, 0
0.0996474422936207, 0.0, 0.9424463317291131, 0.5919273829897929, 0,6, 0
0.0996474422936207, 0.0, 0.9424463317291131, 0.5889723183761472, 0,7, 0
0.0996474422936207, 0.0, 0.9424463317291131, 0.5906157964122611, 0,7, 0
0.0996474422936207, 0.0, 0.9424463317291131, 0.5899062601275604, 0,8, 0
0.0996474422936207, 0.0, 0.9424463317291131, 0.5917443751188936, 0,7, 0
0.09904875939599547, 0.0, 0.8938837418790088, 0.5768383991982577, 0,7, 0
0.09958092197166234, 0.0, 0.8933638062721464, 0.5765523343335914, 0,8, 0
0.0996474422936207, 0.0, 0.9424463317291131, 0.5858079378578449, 0,1, 0
0.0972527107031198, 0.0, 0.9422275677130382, 0.5036656565126147, 1,8, 0
0.0996474422936207, 0.0, 0.9424463317291131, 0.5882277668928747, 0,7, 0
0.0996474422936207, 0.0, 0.9424463317291131, 0.5905066525141884, 0,6, 0
0.09951440164970399, 0.0, 0.8934145676934662, 0.5682825166523057, 0,6, 0
0.09944788132774562, 0.0, 0.8935574248363233, 0.5692456119315074, 0,5, 0
0.09951440164970399, 0.0, 0.8934145676934662, 0.566766033095017, 0,6, 0
0.09958092197166234, 0.0, 0.8933638062721464, 0.5785199451718301, 0,9, 0
0.09958092197166234, 0.0, 0.8933638062721464, 0.5827088886692384, 0,3, 0
0.09958092197166234, 0.0, 0.8933638062721464, 0.5792499331920855, 0,7, 0
0.0991818000399122, 0.0, 0.8937258063790773, 0.5814939745129247, 0,5, 0
0.0996474422936207, 0.0, 0.9424463317291131, 0.5871805028012795, 0,6, 0
0.10111088937670458, 0.0, 0.9116167084157132, 0.5825831871738546, 1,3, 1
0.0972527107031198, 0.0, 0.8907759407927404, 0.3235294726197844, 0,0, 0
0.09991352358145414, 0.0, 0.9273376082964652, 0.5867894110927143, 0,5, 0
0.0996474422936207, 0.0, 0.9424463317291131, 0.5896376508148512, 0,5, 0
0.0996474422936207, 0.0, 0.9424463317291131, 0.5877618037395043, 0,5, 0
0.09991352358145414, 0.0, 0.9273376082964652, 0.5892519570664774, 0,3, 0
0.09878267810816205, 0.0, 0.9000015148416551, 0.5834282782508616, 0,5, 0
0.10111088937670458, 0.0, 0.9116167084157132, 0.579937323145041, 0,8, 0
0.10111088937670458, 0.0, 0.9116167084157132, 0.5788122558424199, 0,8, 0
0.10051220647907935, 0.0, 0.8777699163158681, 0.5760947979234217, 1,8, 0
0.10111088937670458, 0.0, 0.9116167084157132, 0.5826644790001965, 0,5, 0
0.10111088937670458, 0.0, 0.9116167084157132, 0.5838087559524436, 0,8, 0
0.10111088937670458, 0.0, 0.9116167084157132, 0.5776502735851399, 1,8, 1
0.10111088937670458, 0.0, 0.9116167084157132, 0.5819443318955881, 1,11, 0
0.10111088937670458, 0.0, 0.9116167084157132, 0.5789361464343411, 0,7, 0
0.10111088937670458, 0.0, 0.9116167084157132, 0.582072163470575, 0,4, 0
0.10111088937670458, 0.0, 0.9116167084157132, 0.5823010776356025, 0,7, 0
0.10111088937670458, 0.0, 0.9116167084157132, 0.5806336231053525, 0,8, 0
0.10111088937670458, 0.0, 0.9116167084157132, 0.5850020015469538, 1,4, 0
0.10111088937670458, 0.0, 0.9116167084157132, 0.5783440950741705, 0,10, 0
0.10111088937670458, 0.0, 0.9116167084157132, 0.5795942891915574, 1,9, 0
0.10111088937670458, 0.0, 0.9116167084157132, 0.5781691383296333, 0,9, 0
0.10111088937670458, 0.0, 0.9116167084157132, 0.5817509194921106, 0,6, 0
0.10111088937670458, 0.0, 0.9116167084157132, 0.5800544640992077, 0,4, 0
0.10111088937670458, 0.0, 0.9116167084157132, 0.5812467196701375, 0,5, 0
0.10111088937670458, 0.0, 0.9116167084157132, 0.5801959730126783, 0,5, 0
0.10111088937670458, 0.0, 0.9116167084157132, 0.5791466797662077, 1,4, 0
0.10111088937670458, 0.0, 0.9116167084157132, 0.5783045734757901, 0,6, 0
0.10111088937670458, 0.0, 0.9116167084157132, 0.5816252641697003, 0,8, 0
0.09904875939599547, 0.0, 0.8938837418790088, 0.5763629866503823, 0,10, 0
0.09904875939599547, 0.0, 0.8938837418790088, 0.5720159884269846, 0,4, 0
0.09904875939599547, 0.0, 0.8938837418790088, 0.5730687587886568, 0,7, 0
0.09904875939599547, 0.0, 0.8938837418790088, 0.579398461500022, 0,8, 0
0.09878267810816205, 0.0, 0.9000015148416551, 0.582050452405808, 0,8, 0
0.09878267810816205, 0.0, 0.9000015148416551, 0.5778075805440827, 0,9, 0
0.12352823787667132, 0.0, 0.8643971596520462, 0.34913197232555, 0,6, 0
0.11228630346570877, 0.0, 0.8831487753227407, 0.4258875275716669, 0,4, 0
0.10017960486928756, 0.0, 0.8835487229879121, 0.5807932718994853, 0,5, 0
0.09958092197166234, 0.0, 0.8933638062721464, 0.5791937486709899, 0,7, 0
0.10051220647907935, 0.0, 0.8777699163158681, 0.5741652188364489, 0,6, 0
0.0996474422936207, 0.0, 0.9424463317291131, 0.5890542831269717, 0,5, 0
0.09878267810816205, 0.0, 0.9000015148416551, 0.5806758509497176, 0,5, 0
0.09878267810816205, 0.0, 0.9000015148416551, 0.5825807181993579, 1,4, 0
0.09878267810816205, 0.0, 0.9000015148416551, 0.5794843216677764, 0,6, 0
0.0996474422936207, 0.0, 0.9424463317291131, 0.5890724563936924, 0,4, 0
0.09878267810816205, 0.0, 0.9000015148416551, 0.5817748184979805, 0,4, 0
0.09878267810816205, 0.0, 0.9000015148416551, 0.5798272398713614, 1,7, 0
0.09751879199095323, 0.0, 0.9263411202712655, 0.5089111745315125, 0,2, 0
0.10051220647907935, 0.0, 0.8777699163158681, 0.5759400253656565, 0,3, 0
0.10051220647907935, 0.0, 0.8777699163158681, 0.5781419642443766, 0,8, 0
0.10051220647907935, 0.0, 0.8777699163158681, 0.5716784474135085, 1,6, 0
0.0996474422936207, 0.0, 0.9424463317291131, 0.5868211685472068, 1,7, 0
0.0996474422936207, 0.0, 0.9424463317291131, 0.591278691271403, 1,7, 1
0.09991352358145414, 0.0, 0.9273376082964652, 0.5950537404956991, 0,13, 0
0.0996474422936207, 0.0, 0.9424463317291131, 0.5848377990792044, 0,6, 0
0.10051220647907935, 0.0, 0.8777699163158681, 0.5736771560026123, 0,9, 0
0.09991352358145414, 0.0, 0.9273376082964652, 0.5888820648170057, 0,2, 0
0.09991352358145414, 0.0, 0.9273376082964652, 0.58959674889942, 0,6, 0
0.09991352358145414, 0.0, 0.9273376082964652, 0.5886570335534632, 1,5, 0
0.09991352358145414, 0.0, 0.9273376082964652, 0.5910098975145924, 0,2, 0
0.09991352358145414, 0.0, 0.9273376082964652, 0.5876297146808873, 1,5, 0
0.09991352358145414, 0.0, 0.9273376082964652, 0.5901378494916709, 0,13, 0
0.10111088937670458, 0.0, 0.9116167084157132, 0.5827693631858212, 0,6, 0
0.10111088937670458, 0.0, 0.9116167084157132, 0.5824037747521804, 0,6, 0
0.10111088937670458, 0.0, 0.9116167084157132, 0.5803921943349863, 0,7, 0
0.10111088937670458, 0.0, 0.9116167084157132, 0.5825879589711735, 0,9, 0
0.10111088937670458, 0.0, 0.9116167084157132, 0.5780960811811818, 0,8, 0
0.10111088937670458, 0.0, 0.9116167084157132, 0.5766833240926671, 1,8, 0
0.10111088937670458, 0.0, 0.9116167084157132, 0.586845338399701, 0,8, 0
0.10111088937670458, 0.0, 0.9116167084157132, 0.5821019903701208, 0,6, 0
0.10111088937670458, 0.0, 0.9116167084157132, 0.5784893776795375, 0,5, 0
0.10111088937670458, 0.0, 0.9116167084157132, 0.5795147306345456, 1,9, 0
0.10111088937670458, 0.0, 0.9116167084157132, 0.5838334085683761, 0,5, 0
0.10111088937670458, 0.0, 0.9116167084157132, 0.5793602463045024, 1,8, 0
0.10111088937670458, 0.0, 0.9116167084157132, 0.5794021121860042, 0,8, 0
0.10111088937670458, 0.0, 0.9116167084157132, 0.580833708521983, 0,7, 0
0.10111088937670458, 0.0, 0.9116167084157132, 0.5794974745429955, 0,4, 0
0.10111088937670458, 0.0, 0.9116167084157132, 0.5781561028385, 0,6, 0
0.10111088937670458, 0.0, 0.9116167084157132, 0.5801227424634819, 0,8, 0
0.10111088937670458, 0.0, 0.9116167084157132, 0.5820294765431784, 0,7, 0
0.10111088937670458, 0.0, 0.9116167084157132, 0.5856862809608103, 0,4, 0
0.10111088937670458, 0.0, 0.9116167084157132, 0.5853784515116516, 0,7, 0
0.10111088937670458, 0.0, 0.9116167084157132, 0.5809444250245595, 1,8, 1
0.10111088937670458, 0.0, 0.9116167084157132, 0.5789519018145007, 0,8, 0
0.10111088937670458, 0.0, 0.9116167084157132, 0.5820383968436684, 0,5, 0
0.10111088937670458, 0.0, 0.9116167084157132, 0.5879324925016602, 0,8, 0
0.10111088937670458, 0.0, 0.9116167084157132, 0.5835556041619501, 0,8, 0
0.10111088937670458, 0.0, 0.9116167084157132, 0.5795282497443235, 1,7, 1
0.10111088937670458, 0.0, 0.9116167084157132, 0.579806049792364, 0,4, 0
0.10111088937670458, 0.0, 0.9116167084157132, 0.5801834878909491, 1,5, 1
0.10111088937670458, 0.0, 0.9116167084157132, 0.5756080051997148, 1,7, 0
0.10111088937670458, 0.0, 0.9116167084157132, 0.5866080491953489, 1,7, 1
0.10111088937670458, 0.0, 0.9116167084157132, 0.5842832160652506, 0,6, 0
0.10111088937670458, 0.0, 0.9116167084157132, 0.5855238364256489, 0,7, 0
0.10111088937670458, 0.0, 0.9116167084157132, 0.581244479697231, 1,9, 0
0.10111088937670458, 0.0, 0.9116167084157132, 0.5824331053747978, 0,5, 0
0.10111088937670458, 0.0, 0.9116167084157132, 0.5814036694232003, 0,6, 0
0.10111088937670458, 0.0, 0.9116167084157132, 0.5794274415524068, 1,6, 0
0.10111088937670458, 0.0, 0.9116167084157132, 0.5844302608379891, 0,5, 0
0.10111088937670458, 0.0, 0.9116167084157132, 0.5818141226154426, 0,10, 0
0.10111088937670458, 0.0, 0.9116167084157132, 0.5830555627376217, 0,6, 0
0.10111088937670458, 0.0, 0.9116167084157132, 0.5775041776587551, 0,3, 0
