acuracia,loss,frr,fpr, removed, n_clf, tp_removed
0.09825051553249518, 0.0, 0.8944041643372586, 0.40467750686587217, 0,10, 0
0.13277456262888312, 0.0, 0.8701147219739537, 0.4302763787930743, 0,10, 0
0.09991352358145414, 0.0, 0.9273376082964652, 0.5898641588846544, 3,10, 3
0.10024612519124593, 0.0, 0.88033626681359, 0.5619063472477887, 1,10, 1
0.14474822058138762, 0.0, 0.8437129712538314, 0.36088160282520787, 2,10, 2
0.15266413889443226, 0.0, 0.8444602192080688, 0.3668392032851993, 1,10, 1
0.17641189383356615, 0.0, 0.8038042973938088, 0.32480186343267226, 1,10, 1
0.16237610590035256, 0.0, 0.8316921954069076, 0.3612044727389084, 1,10, 1
0.13842878999534358, 0.0, 0.8718018115901589, 0.41326155547461857, 1,10, 1
0.16091265881726868, 0.0, 0.8536407874774556, 0.3286108056812458, 2,10, 2
0.18665602341515333, 0.0, 0.7938748341446639, 0.3349624026474614, 1,10, 1
0.1570544801436839, 0.0, 0.8527412447560354, 0.3821331949985345, 1,10, 1
0.19350761657686424, 0.0, 0.8017764655735882, 0.3224699943155845, 0,10, 0
0.22404044435575068, 0.0, 0.815027757461777, 0.2980062600303708, 1,10, 1
0.20847468901749486, 0.0, 0.8352272422077754, 0.3124527295843473, 2,10, 2
0.19709971396261558, 0.0, 0.7968417306191334, 0.344009132186494, 2,10, 2
0.1766779751213996, 0.0, 0.8066665026287785, 0.3582187276833555, 3,10, 3
0.18419477150269406, 0.0, 0.8212431750012448, 0.33004293297539333, 1,10, 1
0.20401782744628483, 0.0, 0.8096004558049549, 0.29854920321257344, 1,10, 1
0.15359542340184926, 0.0, 0.8361608932339543, 0.386227434922688, 2,10, 2
0.22477216789729262, 0.0, 0.7587447041895259, 0.2815248307008748, 1,10, 1
0.18040311315106766, 0.0, 0.824489095345372, 0.36481602346779435, 3,10, 3
0.21978314375041574, 0.0, 0.7631834754361728, 0.27541366843311127, 2,10, 2
0.1863899421273199, 0.0, 0.8383354863226776, 0.3483594947712437, 3,10, 3
0.18086875540477615, 0.0, 0.8141284095140209, 0.38194425663778164, 3,10, 3
0.2254373711168762, 0.0, 0.7687387275482526, 0.27937939717058036, 3,10, 3
0.24579258963613385, 0.0, 0.7374847536480742, 0.2677773485937677, 2,10, 2
0.19916184394332467, 0.0, 0.799057736176118, 0.3194308242191374, 0,10, 0
0.23481673651300472, 0.0, 0.7608166350966614, 0.3044023972616226, 1,10, 1
0.17561364997006584, 0.0, 0.8240607676839419, 0.33078091500357, 2,10, 2
0.20508215259761858, 0.0, 0.8369104197988109, 0.3250370258712126, 4,10, 4
0.2134637131643717, 0.0, 0.7863889841351059, 0.279192150149473, 1,10, 1
0.1989622829774496, 0.0, 0.8021230490643001, 0.35270536559520793, 1,10, 1
0.21745493248187323, 0.0, 0.7954770524385936, 0.30812275988463045, 2,10, 2
0.1739506419211069, 0.0, 0.8530693860591738, 0.38680989215009604, 3,10, 3
0.20701124193441095, 0.0, 0.7950272236240987, 0.33402950520890934, 2,10, 2
0.19477150269407303, 0.0, 0.7916128758835018, 0.375197096072414, 3,10, 3
0.22882990753675247, 0.0, 0.7876921390190305, 0.2854124292038285, 4,10, 4
0.2845074170158984, 0.0, 0.7199282566968935, 0.25728626836772034, 3,10, 3
0.2090068515931617, 0.0, 0.7873073437193503, 0.3783359245195777, 3,10, 3
0.221313111155458, 0.0, 0.7684607351501799, 0.3175174897008101, 0,10, 0
0.264019157852724, 0.0, 0.7835202384092687, 0.2766895793945415, 0,10, 0
0.18798642985432049, 0.0, 0.8013508289429698, 0.39686424364114414, 3,10, 3
0.2705381494046431, 0.0, 0.7213400339869619, 0.2909134472212851, 3,10, 3
0.22570345240470963, 0.0, 0.7661641752863307, 0.30179537857822436, 0,10, 0
0.2981440830173618, 0.0, 0.7414135713473234, 0.2513849112246471, 2,10, 2
0.2788531896494379, 0.0, 0.7206126173011517, 0.2660108491760262, 4,10, 4
0.2938202620900685, 0.0, 0.7200131825627015, 0.2475005643259392, 0,10, 0
0.19809751879199095, 0.0, 0.7880849250253648, 0.38095030133673524, 4,10, 4
0.28138096188385553, 0.0, 0.7323402046668573, 0.28063601060391563, 3,10, 3
0.2644848001064325, 0.0, 0.7196840378773244, 0.261202765016879, 5,10, 5
0.2845074170158984, 0.0, 0.7027383233948086, 0.2585729564838429, 3,10, 3
0.3091864564624493, 0.0, 0.6921510671714209, 0.24884137313828156, 2,10, 2
0.2847069779817734, 0.0, 0.7050538050040593, 0.2531093461556393, 4,10, 4
0.24246657353821593, 0.0, 0.7551935278561221, 0.32204368926488736, 0,10, 0
0.2885651566553582, 0.0, 0.7051703985585352, 0.2641867335917619, 0,10, 0
0.27506153129781147, 0.0, 0.7131110296612668, 0.2870530307023377, 2,10, 2
0.24945120734384355, 0.0, 0.7462813494055068, 0.33184529802964063, 3,10, 3
0.29435242466573536, 0.0, 0.700874038497836, 0.27072838491555573, 2,10, 2
0.31484068382890973, 0.0, 0.6915261042707007, 0.2504336589323409, 1,10, 1
0.31370983835561767, 0.0, 0.6788164453992658, 0.24909706492912714, 3,10, 3
0.28962948180669196, 0.0, 0.7084727696796439, 0.268032159928719, 2,10, 2
0.2895629614847336, 0.0, 0.7509484059354641, 0.2808671680736177, 3,10, 3
0.2900286037384421, 0.0, 0.7306727820206738, 0.2708639933903401, 1,10, 1
0.27705714095656225, 0.0, 0.7307657797574109, 0.28607614225034683, 4,10, 4
0.25503891438834564, 0.0, 0.7453139744485966, 0.290456000888039, 4,10, 4
0.2691412226435176, 0.0, 0.7316415275590085, 0.3059865113334207, 2,10, 2
0.30200226169094657, 0.0, 0.6828350065035097, 0.2579292439935671, 1,10, 1
0.29794452205148675, 0.0, 0.6898734469243603, 0.2548093679618492, 3,10, 3
0.2737311248586443, 0.0, 0.7072270358878354, 0.277755459967832, 3,10, 3
0.3292755936938735, 0.0, 0.7111041161956108, 0.2505448457643551, 4,10, 4
0.32049491119537016, 0.0, 0.6729704026159219, 0.25286036103038423, 2,10, 2
0.2618239872280982, 0.0, 0.756172796438592, 0.3126594010033821, 3,10, 3
0.26268875141355685, 0.0, 0.7094522299049167, 0.3017729803237359, 2,10, 2
0.31257899288232555, 0.0, 0.678291321877961, 0.23841001585439994, 3,10, 3
0.3199627486197033, 0.0, 0.6893787106148388, 0.245437911020122, 2,10, 2
0.3059269606864897, 0.0, 0.6732626791375834, 0.2484949527334264, 2,10, 2
0.350162974788798, 0.0, 0.6538195821786534, 0.23130001960521576, 0,10, 0
0.35654892569680036, 0.0, 0.6434698636218257, 0.23186367035817393, 2,10, 2
0.35528503957959157, 0.0, 0.6540044380285791, 0.22961329095495267, 3,10, 3
0.3410496906805029, 0.0, 0.6834920032061328, 0.24629672689893867, 4,10, 4
0.35049557639858975, 0.0, 0.6651606855698382, 0.23156282672093376, 2,10, 2
0.3015366194372381, 0.0, 0.6799220261248705, 0.25530783903943205, 3,10, 3
0.3365263087873345, 0.0, 0.6514029869616651, 0.23079936887372698, 2,10, 2
0.3657952504490122, 0.0, 0.634562829043223, 0.22802432401440031, 4,10, 4
0.3041974323155724, 0.0, 0.6772398891423748, 0.26569293021952267, 4,10, 4
0.32914255304995677, 0.0, 0.6619320426505092, 0.2570596842621625, 1,10, 1
0.2852391405574403, 0.0, 0.7251774271238816, 0.26524199738967025, 1,10, 1
0.3522251047695071, 0.0, 0.6540902700779994, 0.23232044675886915, 1,10, 1
0.3580788931018426, 0.0, 0.6371795834814588, 0.2455994418272212, 2,10, 2
0.37011907137630545, 0.0, 0.6230579837709085, 0.21605925026351513, 0,10, 0
0.3876139160513537, 0.0, 0.6119157564135811, 0.21820015384764152, 2,10, 2
0.3404510077828777, 0.0, 0.6759589761260911, 0.24523168344698362, 2,10, 2
0.3647974456196368, 0.0, 0.6380853698152705, 0.2301684334543789, 2,10, 2
0.2353488990886716, 0.0, 0.7776889840518062, 0.33441178609933664, 3,10, 3
0.3426461784075035, 0.0, 0.6862839412758936, 0.24954080661696884, 3,10, 3
0.3842213796314774, 0.0, 0.6303603678064287, 0.221455315574508, 2,10, 2
0.3407170890707111, 0.0, 0.6482079514012947, 0.23502593987546272, 1,10, 1
0.3450409099980044, 0.0, 0.6423733825055062, 0.23670348832955038, 3,10, 3
0.32634869952770573, 0.0, 0.6613746165475577, 0.2710401524722016, 2,10, 2
0.34883256834963083, 0.0, 0.6374153233537607, 0.23550485935541446, 1,10, 1
0.11601144149537684, 0.0, 0.9053155003235496, 0.28563976343655295, 0,10, 0
0.09904875939599547, 0.0, 0.8938837418790088, 0.5745940579358222, 0,10, 0
0.09984700325949578, 0.0, 0.8956292300706572, 0.5731080074080116, 2,10, 2
0.09904875939599547, 0.0, 0.8938837418790088, 0.5747455611668492, 3,10, 3
0.09924832036187055, 0.0, 0.8937710766714395, 0.5719758062279544, 1,10, 1
0.180469633473026, 0.0, 0.8159771507943735, 0.32517246355713086, 1,10, 1
0.1845938934344442, 0.0, 0.8022968907873264, 0.32086553423718117, 1,10, 1
0.13357280649238343, 0.0, 0.8526943438543769, 0.42281194004415534, 0,10, 0
0.16284174815406108, 0.0, 0.819264128675391, 0.3270503287166079, 1,10, 1
0.21392935541808022, 0.0, 0.7833663693834916, 0.31145920233519625, 2,10, 2
0.1876538282445287, 0.0, 0.7901700103352044, 0.3316808188555938, 2,10, 2
0.20308654293886783, 0.0, 0.7733095447563239, 0.2910833678918409, 1,10, 1
0.19523714494778155, 0.0, 0.7801545475519706, 0.3084392126444046, 4,10, 4
0.18293088538548527, 0.0, 0.8159145800711606, 0.34492762532381654, 3,10, 3
0.21918446085279053, 0.0, 0.7597080388142986, 0.28398041790209105, 3,10, 3
0.21738841215991486, 0.0, 0.7617481776851163, 0.2925780534014954, 2,10, 2
0.210736379964079, 0.0, 0.7833494401075458, 0.3065085523100417, 2,10, 2
0.19902880329940797, 0.0, 0.7985926611986501, 0.32819242278060506, 4,10, 4
0.22523781015100114, 0.0, 0.7555992853052907, 0.29170343654524034, 1,10, 1
0.24040444355750681, 0.0, 0.7581303786922392, 0.297313410525633, 0,10, 0
0.2262356149803765, 0.0, 0.7776562846768609, 0.304135524918261, 1,10, 1
0.20302002261690946, 0.0, 0.7731329260140327, 0.3288390382383075, 2,10, 2
0.22264351759462517, 0.0, 0.7606613528891796, 0.31783770015805013, 4,10, 4
0.22889642785871084, 0.0, 0.7528784102725302, 0.2847802544694877, 1,10, 1
0.23428457393733787, 0.0, 0.804323652238823, 0.3190406197540725, 2,10, 2
0.24353089868954966, 0.0, 0.7960222170795102, 0.3005110841399329, 4,10, 4
0.24545998802634206, 0.0, 0.7813777009553582, 0.2851282095677655, 3,10, 3
0.2297611920441695, 0.0, 0.8082143639389381, 0.3020993685940908, 2,10, 2
0.17461584514069048, 0.0, 0.8254800766230784, 0.367114245929583, 2,10, 2
0.30379831038382227, 0.0, 0.6868211991574394, 0.23184515407181533, 2,10, 2
0.24226701257234085, 0.0, 0.7385220749296372, 0.273955474556661, 4,10, 4
0.2801170757666467, 0.0, 0.7194681577950353, 0.25037920740707076, 2,10, 2
0.2308920375174616, 0.0, 0.7676940810369193, 0.30278927712074116, 1,10, 1
0.18978247854719618, 0.0, 0.8044044681862995, 0.3616306210807535, 4,10, 4
0.2117341847934544, 0.0, 0.7707327757391291, 0.3378708537229302, 3,10, 3
0.205348233885452, 0.0, 0.8058859737345786, 0.3322963519253851, 3,10, 3
0.22191179405308323, 0.0, 0.7638671032807818, 0.3161223601945993, 2,10, 2
0.2326215658883789, 0.0, 0.7981531889877901, 0.310681429669009, 4,10, 4
0.22364132242400053, 0.0, 0.7676979246522712, 0.35778383881364106, 2,10, 2
0.2575666866227633, 0.0, 0.7411206790771426, 0.26114694793938087, 3,10, 3
0.30240138362269675, 0.0, 0.6986914133706715, 0.24577741180647114, 2,10, 2
0.29149205082152596, 0.0, 0.7296987852577503, 0.25571196397703777, 3,10, 3
0.27413024679039444, 0.0, 0.7151195366851791, 0.2851982350888176, 3,10, 3
0.25404110955897025, 0.0, 0.7323627022927921, 0.28232816176934294, 6,10, 6
0.26980642586310116, 0.0, 0.7243441366499971, 0.2656026877315581, 2,10, 2
0.23734450874742233, 0.0, 0.7982900923783007, 0.3251541828496517, 2,10, 2
0.28417481540610656, 0.0, 0.7279538442364185, 0.258083192119385, 1,10, 1
0.26288831237943194, 0.0, 0.7434288747960673, 0.2816393238123215, 1,10, 1
0.3003392536419876, 0.0, 0.7062145928368017, 0.24513074495694231, 4,10, 4
0.33073904077695737, 0.0, 0.6622210779294018, 0.22790594945771617, 6,10, 6
0.2437969799773831, 0.0, 0.7442511865258897, 0.319373366245444, 5,10, 5
0.2761923767711036, 0.0, 0.7051324409386353, 0.2805066000351162, 2,10, 2
0.24399654094325818, 0.0, 0.7348115090195471, 0.2946913614042823, 4,10, 4
0.32122663473691215, 0.0, 0.6754656476229158, 0.2381488847750118, 3,10, 3
0.2834430918645646, 0.0, 0.7137025156112875, 0.2860198342435342, 3,10, 3
0.2757932548393534, 0.0, 0.7031193153520887, 0.266455364048319, 1,10, 1
0.2826448480010643, 0.0, 0.7420990221962407, 0.2808907761928696, 4,10, 4
0.3249517727665802, 0.0, 0.6587284854361576, 0.24042714724164468, 3,10, 3
0.308388212598949, 0.0, 0.7049357757376715, 0.24541444202600682, 5,10, 5
0.33745759329475156, 0.0, 0.6442035659145379, 0.23643651708870203, 3,10, 3
0.33991884520721083, 0.0, 0.6584906084229201, 0.23920247551525745, 3,10, 3
0.2756602141954367, 0.0, 0.7088679374624811, 0.2670132220639894, 3,10, 3
0.2783875473957294, 0.0, 0.7158151339362516, 0.2797620984135871, 1,10, 1
0.3202953502294951, 0.0, 0.6573108243942539, 0.2422666682541, 2,10, 2
0.29315505887048493, 0.0, 0.7018291355672346, 0.275449638489274, 3,10, 3
0.30100445686157123, 0.0, 0.6937657456475509, 0.2684401545518366, 2,10, 2
0.299474489456529, 0.0, 0.6906065135070963, 0.25193595524622325, 3,10, 3
0.3473026009445886, 0.0, 0.6518388498401726, 0.23440014993266114, 5,10, 5
0.32914255304995677, 0.0, 0.6465744766070065, 0.24778031650308666, 2,10, 2
0.2980110423734451, 0.0, 0.6879424439355146, 0.26694760636602255, 2,10, 2
0.32994079691345707, 0.0, 0.6618871186472366, 0.2494995273675937, 5,10, 5
0.33040643916716556, 0.0, 0.643470322057608, 0.23523061557742764, 2,10, 2
0.3359941462116677, 0.0, 0.665418970092705, 0.24267278552902163, 2,10, 2
0.36712565688817933, 0.0, 0.6170832169824242, 0.21772863642528875, 2,10, 2
0.2982771236612785, 0.0, 0.6722918041238151, 0.25541477882876285, 3,10, 3
0.30013969267611257, 0.0, 0.6689721186576375, 0.26179890213723644, 3,10, 3
0.34544003192975453, 0.0, 0.6450396888806629, 0.24423217053710214, 4,10, 4
0.3033326681301137, 0.0, 0.6994347056010379, 0.260049161264717, 1,10, 1
0.3588771369653429, 0.0, 0.6352866995128479, 0.2313437900211822, 2,10, 2
0.332535089469833, 0.0, 0.6483067434988591, 0.23648631657607302, 3,10, 3
0.3319364065722078, 0.0, 0.6812500189218881, 0.24112126207696172, 5,10, 5
0.3206279518392869, 0.0, 0.6790002117346663, 0.26110821658838096, 4,10, 4
0.3069247655158651, 0.0, 0.683697355187668, 0.2494017980673575, 1,10, 1
0.36054014501430187, 0.0, 0.6256424982204902, 0.23249041384148342, 2,10, 2
0.33486330073837556, 0.0, 0.652263182203589, 0.23709225750961876, 3,10, 3
0.28849863633339984, 0.0, 0.7052809139344544, 0.27454321178899826, 4,10, 4
0.33539546331404246, 0.0, 0.6388848101359593, 0.2395923540906074, 3,10, 3
0.3693873478347635, 0.0, 0.6325650182944941, 0.22722618361050848, 5,10, 5
0.3753076564890574, 0.0, 0.6283669506931523, 0.22413956878138014, 5,10, 5
0.359076697931218, 0.0, 0.6350823930287205, 0.23200233042705484, 3,10, 3
0.2757932548393534, 0.0, 0.7151424120858954, 0.2850068601492602, 2,10, 2
0.330672520454999, 0.0, 0.6682046283009895, 0.24368532223471476, 3,10, 3
0.2997405707443624, 0.0, 0.6668804352925564, 0.2803974960160848, 3,10, 3
0.3459056741834631, 0.0, 0.6344244658918128, 0.24352643639205837, 2,10, 2
0.30127053814940463, 0.0, 0.6726901123378323, 0.2540388962506271, 1,10, 1
0.34683695869088005, 0.0, 0.6615191904536449, 0.23644202994993072, 3,10, 3
0.3161710902680769, 0.0, 0.7012828316892794, 0.2520135758214351, 2,10, 2
0.3580788931018426, 0.0, 0.6519288923005435, 0.2322184970627837, 1,10, 1
0.35289030798909066, 0.0, 0.6547097405577372, 0.23716672095772695, 3,10, 3
0.283509612186523, 0.0, 0.6943306752402296, 0.29297953625234785, 7,10, 7
0.30812213131111554, 0.0, 0.6689621641114571, 0.2521740519299611, 1,10, 1
0.0932614913856183, 0.0, 0.915728258784097, 0.2924079968553661, 0,10, 0
0.12399388013037983, 0.0, 0.9225342036439049, 0.4842111343733793, 0,10, 0
0.09958092197166234, 0.0, 0.8933638062721464, 0.5773125760421114, 1,10, 1
0.10111088937670458, 0.0, 0.9116167084157132, 0.5808648714147556, 2,10, 2
0.15006984633805628, 0.0, 0.8471735100431985, 0.4182494401893671, 1,10, 1
0.16018093527572674, 0.0, 0.8386256463062978, 0.36233915141824935, 3,10, 3
0.15100113084547329, 0.0, 0.831233128533123, 0.3500214488318844, 1,10, 1
0.130712432648174, 0.0, 0.85476205762235, 0.3991309409409064, 1,10, 1
0.15053548859176477, 0.0, 0.8420404681289085, 0.37415576788680943, 5,10, 5
0.13829574935142686, 0.0, 0.8554173598049667, 0.40199390570027865, 1,10, 1
0.09971396261557906, 0.0, 0.8932931958081626, 0.5745855304945567, 2,10, 2
0.18851859242998736, 0.0, 0.7957539808942439, 0.3313941053187072, 3,10, 3
0.15638927692410032, 0.0, 0.8442590368828793, 0.3416106991034409, 4,10, 4
0.1659682032861039, 0.0, 0.8388416582164361, 0.34404689675700334, 3,10, 3
0.16217654493447747, 0.0, 0.8264494591928924, 0.4123263270508955, 4,10, 4
0.17687753608727466, 0.0, 0.8152030951312911, 0.33644266771032405, 4,10, 4
0.197365795250449, 0.0, 0.7955830125207857, 0.29050115307182717, 5,10, 5
0.2145945586376638, 0.0, 0.8053518062838662, 0.2848452096928989, 3,10, 3
0.17800838156056675, 0.0, 0.8150954843897769, 0.35143319374772425, 0,10, 0
0.14707643184993016, 0.0, 0.8457767221899191, 0.46412043550616355, 6,10, 6
0.19703319364065722, 0.0, 0.771947861821959, 0.2999141599963929, 5,10, 5
0.2161910463646644, 0.0, 0.7562972147247202, 0.27157472978111, 3,10, 3
0.22710037916583517, 0.0, 0.7538408013688259, 0.26103423776349877, 2,10, 2
0.2281647043171689, 0.0, 0.792609598475613, 0.28059302017789023, 2,10, 2
0.17913922703385884, 0.0, 0.8025007461562779, 0.3756330848204086, 4,10, 4
0.17381760127719018, 0.0, 0.830915528155878, 0.3764239147899827, 4,10, 4
0.1901816004789463, 0.0, 0.810441620989017, 0.313176520648706, 4,10, 4
0.18758730792257033, 0.0, 0.8037747531293629, 0.3371787119819535, 3,10, 3
0.18938335661544603, 0.0, 0.7855622250818268, 0.30885679723130616, 4,10, 4
0.21951706246258232, 0.0, 0.7716610579500086, 0.2756320701175548, 2,10, 2
0.24998336991951042, 0.0, 0.7588069449382101, 0.24941905240894258, 2,10, 2
0.21831969666733186, 0.0, 0.7750009504435466, 0.27643044756457835, 3,10, 3
0.18333000731723542, 0.0, 0.804810736526981, 0.3627581934321735, 4,10, 4
0.214261957027872, 0.0, 0.7741014197695951, 0.3202751338597226, 3,10, 3
0.27100379165835164, 0.0, 0.7506648599890127, 0.24711221113898238, 3,10, 3
0.19344109625490588, 0.0, 0.7907914828412632, 0.31909999728691774, 0,10, 0
0.2245060866094592, 0.0, 0.7709566701208641, 0.3188053998948139, 1,10, 1
0.22071442825783277, 0.0, 0.7600201589279258, 0.3207302114253534, 3,10, 3
0.26069314175480607, 0.0, 0.7275679929686736, 0.2396855558907448, 2,10, 2
0.22470564757533426, 0.0, 0.7617118175137317, 0.2930324925048237, 4,10, 4
0.22936207011241935, 0.0, 0.7642069209397131, 0.30900613776714336, 2,10, 2
0.24998336991951042, 0.0, 0.7403871788031658, 0.25375939323265045, 2,10, 2
0.27220115745360207, 0.0, 0.7509836179350741, 0.24730461193897635, 2,10, 2
0.2520454999002195, 0.0, 0.7506109082490964, 0.2531048945737306, 5,10, 5
0.20747688418811946, 0.0, 0.7895530140800412, 0.3148066168121793, 1,10, 1
0.24273265482604936, 0.0, 0.7576021878300342, 0.26580608663022276, 4,10, 4
0.2581653695203885, 0.0, 0.7308686433091421, 0.261006369344432, 4,10, 4
0.3059934810084481, 0.0, 0.7156787689280124, 0.23538267734144924, 5,10, 5
0.20415086809020155, 0.0, 0.7745169694311618, 0.3401430251924806, 3,10, 3
0.2761258564491452, 0.0, 0.7114675186537213, 0.24691414021536037, 6,10, 6
0.2398057606598816, 0.0, 0.7465907867731404, 0.27346523713394927, 3,10, 3
0.24565954899221712, 0.0, 0.7489581176136793, 0.2961308386471247, 2,10, 2
0.28989556309452535, 0.0, 0.7073485327236184, 0.2550417486362686, 2,10, 2
0.3063926029401982, 0.0, 0.7145220733092188, 0.2469140907634707, 1,10, 1
0.3179671389609526, 0.0, 0.6986682659947171, 0.23255219691384987, 1,10, 1
0.2603605401450143, 0.0, 0.7761525867505654, 0.30857941799499905, 5,10, 5
0.24971728863167697, 0.0, 0.7466346061174647, 0.30472893024439535, 4,10, 4
0.3073904077695736, 0.0, 0.7090068129499368, 0.24223240155126277, 3,10, 3
0.2729994013171024, 0.0, 0.7586860130708167, 0.26067264589663336, 4,10, 4
0.2708707510144349, 0.0, 0.750186832982413, 0.2634798854640016, 2,10, 2
0.2565688817933879, 0.0, 0.7358869468643161, 0.29620724324189224, 5,10, 5
0.2733985232488525, 0.0, 0.7133898888301374, 0.27022202041608884, 2,10, 2
0.2733985232488525, 0.0, 0.7112503928445034, 0.2682472782591854, 3,10, 3
0.31989622829774494, 0.0, 0.6986302592308131, 0.23070913292608652, 3,10, 3
0.24512738641655027, 0.0, 0.7539536919405854, 0.3029447287883114, 3,10, 3
0.2514468170025943, 0.0, 0.7316816197748988, 0.2970794865560346, 3,10, 3
0.2597618572473891, 0.0, 0.7365733628618619, 0.2769201622525437, 1,10, 1
0.2520454999002195, 0.0, 0.7617063145370412, 0.3000020481059909, 2,10, 2
0.24998336991951042, 0.0, 0.736798496523662, 0.3335578765135253, 3,10, 3
0.26415219849664073, 0.0, 0.7532873618130206, 0.29880568837555677, 4,10, 4
0.3070578061597818, 0.0, 0.680557256244021, 0.24322328460474277, 4,10, 4
0.32262356149803767, 0.0, 0.6753821864950932, 0.2432063864113165, 3,10, 3
0.2817135634936473, 0.0, 0.7067176527574897, 0.2943581237262956, 2,10, 2
0.30413091199361403, 0.0, 0.6725442584748085, 0.24166937634838873, 5,10, 5
0.3183662608927027, 0.0, 0.6662126552288893, 0.26673473640967754, 3,10, 3
0.31098250515532494, 0.0, 0.7102127810526543, 0.26134874088505206, 4,10, 4
0.31736845606332736, 0.0, 0.6672322589482859, 0.257943171470357, 3,10, 3
0.3258165369520388, 0.0, 0.6987022272283923, 0.24789839945631523, 6,10, 6
0.3214261957027872, 0.0, 0.6752305540217982, 0.24610904938515998, 0,10, 0
0.3109159848333666, 0.0, 0.6903396814126832, 0.26076769074230727, 3,10, 3
0.3448413490321293, 0.0, 0.6552739077558586, 0.22836854934471432, 7,10, 7
0.2511142153928025, 0.0, 0.7488011968892408, 0.30344119687851945, 4,10, 4
0.3602740637264684, 0.0, 0.6169653921083524, 0.221096589043944, 2,10, 2
0.2503159715293022, 0.0, 0.7386937176758586, 0.3198697997400409, 3,10, 3
0.3071908468036985, 0.0, 0.6824396462056893, 0.24906308255933385, 3,10, 3
0.31643717155591033, 0.0, 0.6602268544679245, 0.24654045253038043, 4,10, 4
0.35641588505288363, 0.0, 0.641125863622828, 0.2311231549043016, 3,10, 3
0.35388811281846605, 0.0, 0.6507556238491184, 0.24553832648742396, 3,10, 3
0.3249517727665802, 0.0, 0.6626062559146972, 0.2605564478807947, 5,10, 5
0.36546264883922036, 0.0, 0.6221256021670283, 0.22982688221905717, 4,10, 4
0.3809618838555179, 0.0, 0.6378888204697466, 0.2238973966979125, 3,10, 3
0.37963147741635067, 0.0, 0.6390153795270378, 0.22069025108291795, 3,10, 3
0.2964145546464445, 0.0, 0.690224576817695, 0.2899393294122665, 2,10, 2
0.30379831038382227, 0.0, 0.6873053235133325, 0.2587261823631755, 3,10, 3
0.330672520454999, 0.0, 0.6610773265360933, 0.23640720679434943, 2,10, 2
0.35674848666267545, 0.0, 0.6429949344437275, 0.24075601329729843, 4,10, 4
0.32980775626954034, 0.0, 0.6564274164542324, 0.2475118711894018, 2,10, 2
0.36685957560034593, 0.0, 0.6326010373386618, 0.23029464309095077, 3,10, 3
0.3437105035588372, 0.0, 0.6468449031367954, 0.23756592880209038, 4,10, 4
0.3775693474356416, 0.0, 0.643835531094526, 0.22807661352608286, 1,10, 1
0.3659282910929289, 0.0, 0.6452323155523599, 0.23278946643971973, 1,10, 1
0.09465841814674383, 0.0, 0.8918788884020097, 0.40010439980055645, 0,10, 0
0.09951440164970399, 0.0, 0.8934169977615081, 0.5654366801852876, 0,10, 0
0.09904875939599547, 0.0, 0.8938837418790088, 0.57864964023515, 1,10, 1
0.15505887048493314, 0.0, 0.8352541739604924, 0.36623338061789534, 1,10, 1
0.14554646444488792, 0.0, 0.8521955627986911, 0.409903954642075, 0,10, 0
0.12598948978913058, 0.0, 0.8624121951780106, 0.3714818905003198, 2,10, 2
0.1088937670458325, 0.0, 0.9006626725155936, 0.4013763499952928, 4,10, 4
0.10111088937670458, 0.0, 0.9116167084157132, 0.5781515417561195, 1,10, 1
0.18166699926827645, 0.0, 0.8049753361014536, 0.3145536615861731, 1,10, 1
0.15406106565555777, 0.0, 0.8393775299784616, 0.3814239916423532, 3,10, 3
0.15924965076830971, 0.0, 0.8304035831740582, 0.343749871420725, 1,10, 1
0.13769706645380164, 0.0, 0.8516669459662974, 0.4402205038564268, 1,10, 1
0.17800838156056675, 0.0, 0.8153465316348486, 0.3448277751033379, 6,10, 6
0.14720947249384686, 0.0, 0.8420227782349556, 0.4554888049611721, 1,10, 1
0.17787534091665003, 0.0, 0.8064211361837279, 0.34137450836016114, 2,10, 2
0.16603472360806226, 0.0, 0.8247065113357346, 0.35535982385818726, 2,10, 2
0.170624625823189, 0.0, 0.8430024352730129, 0.36371985458086625, 5,10, 5
0.15446018758730792, 0.0, 0.8456141554978177, 0.351378184596949, 2,10, 2
0.17774230027273333, 0.0, 0.8094865627159139, 0.33544122039680724, 3,10, 3
0.17268675580389808, 0.0, 0.8319295269739514, 0.32223543991836806, 4,10, 4
0.2072773232222444, 0.0, 0.793178140497998, 0.2923813439498339, 4,10, 4
0.19743231557240737, 0.0, 0.7862301855470265, 0.2878419044616463, 3,10, 3
0.15971529302201823, 0.0, 0.8374732821820401, 0.375514209823882, 3,10, 3
0.17481540610656557, 0.0, 0.8065889782714932, 0.3659390491183081, 4,10, 4
0.1923102507816138, 0.0, 0.8111214501953, 0.3192484658970755, 2,10, 2
0.20035920973857513, 0.0, 0.7933387520751434, 0.3279874609576471, 3,10, 3
0.1959688684893235, 0.0, 0.7982971514147547, 0.3404695837953088, 5,10, 5
0.2000931284507417, 0.0, 0.7936574957388846, 0.3222654830886036, 1,10, 1
0.22078094857979114, 0.0, 0.7645382842347243, 0.27472842086221183, 2,10, 2
0.20514867291957692, 0.0, 0.7833253706691562, 0.3030197005510055, 3,10, 3
0.2262356149803765, 0.0, 0.7521096805240514, 0.2818945835270231, 4,10, 4
0.25377502827113685, 0.0, 0.734309558407971, 0.253607043275354, 2,10, 2
0.23681234617175548, 0.0, 0.7419828759522947, 0.27262712459451427, 3,10, 3
0.22324220049225038, 0.0, 0.7780987513612881, 0.32297544709888293, 2,10, 2
0.23747754939133905, 0.0, 0.7492586807760503, 0.2634561500037603, 4,10, 4
0.1814674383024014, 0.0, 0.8093658822227533, 0.3374277607387748, 3,10, 3
0.23681234617175548, 0.0, 0.7500842229921606, 0.25604369767912294, 3,10, 3
0.16942726002793854, 0.0, 0.8362502428082033, 0.3355618187817208, 5,10, 5
0.24087008581121533, 0.0, 0.7503917011214167, 0.25756140447965253, 4,10, 4
0.22823122463912726, 0.0, 0.7669669375479882, 0.3252401490966955, 1,10, 1
0.2514468170025943, 0.0, 0.7301776425541603, 0.2562812553018779, 1,10, 1
0.21885185924299874, 0.0, 0.7624782513002324, 0.3042146102814216, 5,10, 5
0.24998336991951042, 0.0, 0.7412270461356526, 0.27641485661516174, 2,10, 2
0.23122463912725338, 0.0, 0.7982074716465732, 0.3164035697244189, 2,10, 2
0.206279518392869, 0.0, 0.7913289607124503, 0.34655801367837763, 5,10, 5
0.233752411361671, 0.0, 0.7588557904004279, 0.30507479046449915, 4,10, 4
0.2583649304862636, 0.0, 0.7394975790880315, 0.2690502119765403, 2,10, 2
0.23814275261092263, 0.0, 0.7580369430962633, 0.3214037099408521, 3,10, 3
0.22038182664804098, 0.0, 0.7754721030548432, 0.3430564070686802, 0,10, 0
0.24333133772367457, 0.0, 0.7515165084129464, 0.2775536163269842, 1,10, 1
0.24572606931417548, 0.0, 0.7675607874352238, 0.292946215517462, 2,10, 2
0.2745293687221446, 0.0, 0.7193606821368873, 0.26993014418866984, 3,10, 3
0.2314907204150868, 0.0, 0.7732846746970563, 0.3218854477905153, 2,10, 2
0.2688751413556842, 0.0, 0.749620318791939, 0.26163739595619817, 5,10, 5
0.28297744961085614, 0.0, 0.7038483939707721, 0.25199916037978104, 1,10, 1
0.23541541941062993, 0.0, 0.7568551337374976, 0.323032662477887, 2,10, 2
0.33160380496241604, 0.0, 0.6691776394385077, 0.23420046903305142, 3,10, 3
0.25663540211534625, 0.0, 0.713889930561445, 0.28356111280879803, 2,10, 2
0.2808487993081887, 0.0, 0.7028527082115669, 0.2568298023173645, 2,10, 2
0.2882990753675248, 0.0, 0.7147624951682024, 0.27663294619182305, 2,10, 2
0.2593627353156389, 0.0, 0.733256886228283, 0.31427785594200414, 2,10, 2
0.29634803432448614, 0.0, 0.6845121173533889, 0.24991321829373128, 4,10, 4
0.33140424399654095, 0.0, 0.6765940076553063, 0.23522584706971653, 3,10, 3
0.32368788664937137, 0.0, 0.6820930793944597, 0.245188563668565, 3,10, 3
0.2644848001064325, 0.0, 0.728978327490737, 0.29289767497838826, 3,10, 3
0.3317368456063327, 0.0, 0.6574156220637418, 0.2315181047681426, 3,10, 3
0.3075899687354487, 0.0, 0.6800207841287991, 0.24751069005185602, 3,10, 3
0.34257965808554514, 0.0, 0.6567336408203172, 0.22860680450054882, 2,10, 2
0.3608062263021353, 0.0, 0.6511260927436446, 0.21928287108193825, 4,10, 4
0.3351959023481674, 0.0, 0.6624345796708375, 0.241145317583889, 5,10, 5
0.3051287168229894, 0.0, 0.6871165007745199, 0.26834039081679273, 1,10, 1
0.30140357879332136, 0.0, 0.6967440926736458, 0.25555847210495847, 4,10, 4
0.3047961152131976, 0.0, 0.6856133286620314, 0.2704230851312429, 5,10, 5
0.2557041176079292, 0.0, 0.7520468531375382, 0.2901251013384638, 2,10, 2
0.3286103904742899, 0.0, 0.6765009802812051, 0.24014051172021464, 4,10, 4
0.32734650435708107, 0.0, 0.6533367375874838, 0.23808072193239496, 6,10, 6
0.3149072041508681, 0.0, 0.6697443764160965, 0.243891818998812, 3,10, 3
0.3112485864431584, 0.0, 0.664637315466915, 0.2473887632569982, 4,10, 4
0.34843344641788065, 0.0, 0.6432412063607948, 0.22755265558305215, 6,10, 6
0.3260160979179139, 0.0, 0.6566785484836027, 0.2551097345978214, 4,10, 4
0.3230226834297878, 0.0, 0.6552880778204154, 0.25002562642814896, 3,10, 3
0.3024679039446551, 0.0, 0.6880180018518501, 0.2772165959298277, 2,10, 2
0.3075899687354487, 0.0, 0.6846434082965183, 0.26968547943756277, 1,10, 1
0.3500964544668396, 0.0, 0.6484376516353838, 0.2384792558077059, 4,10, 4
0.35162642187188187, 0.0, 0.6290149128322066, 0.22646249705454286, 2,10, 2
0.3497638528570478, 0.0, 0.6460893630357257, 0.234005813570255, 3,10, 3
0.2731324419610191, 0.0, 0.7235653310767538, 0.29753990164974037, 4,10, 4
0.29568283110490257, 0.0, 0.701244155423814, 0.27055781694711384, 3,10, 3
0.3219583582784541, 0.0, 0.6666206297838458, 0.2473877164591251, 3,10, 3
0.3580788931018426, 0.0, 0.6236283207292646, 0.22777212799807917, 4,10, 4
0.29315505887048493, 0.0, 0.7189442505882272, 0.27190480538324463, 3,10, 3
0.3525577063792989, 0.0, 0.6370958208551444, 0.24170481514236367, 2,10, 2
0.30752344841349033, 0.0, 0.6872171727467778, 0.27175496807176047, 4,10, 4
0.36040710437038515, 0.0, 0.635860164255692, 0.22274121712926973, 1,10, 1
0.3302068782012905, 0.0, 0.6505447210738095, 0.25229894984407486, 3,10, 3
0.3268143417814142, 0.0, 0.6496444635244784, 0.23855393301445635, 2,10, 2
0.3053282777888645, 0.0, 0.6853866995591682, 0.2956198276476696, 3,10, 3
0.3270139027472893, 0.0, 0.6497952100165192, 0.24480291434188722, 3,10, 3
0.3442426661345041, 0.0, 0.628861314808516, 0.24473461175632788, 4,10, 4
0.33160380496241604, 0.0, 0.6538897157873991, 0.2653766990410718, 3,10, 3
0.36360007982438636, 0.0, 0.6444168675533969, 0.23476071542333443, 2,10, 2
0.09785139360074503, 0.0, 0.8906073837322652, 0.3804091347539616, 0,10, 0
0.10137697066453802, 0.0, 0.8816332546807973, 0.4944832638177262, 0,10, 0
0.11907137630546132, 0.0, 0.882511942872015, 0.4182716914886388, 1,10, 1
0.0988491984301204, 0.0, 0.8998424910697281, 0.5730339268962176, 3,10, 3
0.10104436905474623, 0.0, 0.8772360294571651, 0.5718781307977548, 1,10, 1
0.1318432781214661, 0.0, 0.8587650623044047, 0.45968111837699305, 2,10, 2
0.12539080689150536, 0.0, 0.8562663779613948, 0.48604413877180896, 2,10, 2
0.15412758597751613, 0.0, 0.8497504903093813, 0.3918657549953091, 1,10, 1
0.14501430186922104, 0.0, 0.848350264905614, 0.41335280897019117, 2,10, 2
0.1508680902015566, 0.0, 0.8408525048098153, 0.3938557970621276, 2,10, 2
0.11488059602208475, 0.0, 0.8711948426926464, 0.45412966416097794, 2,10, 2
0.17128982904277257, 0.0, 0.796775036995337, 0.3169222550312003, 1,10, 1
0.17388412159914854, 0.0, 0.8368628890343254, 0.28647000046019777, 4,10, 4
0.19304197432315573, 0.0, 0.7910212812160016, 0.30422350225361855, 1,10, 1
0.18326348699527706, 0.0, 0.8028651437507475, 0.31033291830334714, 2,10, 2
0.19317501496707243, 0.0, 0.7877153064044512, 0.3157310289432338, 1,10, 1
0.16729860972527108, 0.0, 0.8187970843732615, 0.37566405598357067, 6,10, 6
0.18705514534690348, 0.0, 0.8188246626692082, 0.3204917229043874, 3,10, 3
0.16743165036918778, 0.0, 0.8386924286835673, 0.3629950551364841, 5,10, 5
0.1691611787401051, 0.0, 0.831548103315025, 0.33010347567300236, 6,10, 6
0.1878533892104038, 0.0, 0.7900277000052816, 0.3290522203089181, 3,10, 3
0.16749817069114614, 0.0, 0.8207519798368523, 0.3627327827698632, 1,10, 1
0.16829641455464645, 0.0, 0.8203869108529903, 0.4028950076524173, 3,10, 3
0.16643384553981241, 0.0, 0.8279512919742235, 0.3929253142875371, 2,10, 2
0.20115745360207543, 0.0, 0.7816519778970984, 0.2805688970780025, 4,10, 4
0.13922703385884388, 0.0, 0.8844309811773, 0.4999831337294641, 5,10, 5
0.22051486729195768, 0.0, 0.7598841032301972, 0.3033917216921489, 2,10, 2
0.2308920375174616, 0.0, 0.7790372344464244, 0.27756999181654146, 3,10, 3
0.18545865761990288, 0.0, 0.7980199921964396, 0.3497635726361875, 1,10, 1
0.18412825118073572, 0.0, 0.8130487297379163, 0.3412193017652326, 3,10, 3
0.21685624958424798, 0.0, 0.7593138701734425, 0.29055984435202004, 4,10, 4
0.1843278121466108, 0.0, 0.8090202600303864, 0.36863116719994143, 5,10, 5
0.2090068515931617, 0.0, 0.7820457295297697, 0.3033723034161366, 2,10, 2
0.19297545400119737, 0.0, 0.8021074297128776, 0.307615675342217, 2,10, 2
0.2544402314907204, 0.0, 0.7622396746164264, 0.2535129702318041, 5,10, 5
0.21406239606199695, 0.0, 0.7913346870386114, 0.3038624791829852, 3,10, 3
0.19124592563028006, 0.0, 0.8352724043130726, 0.3135321540575674, 3,10, 3
0.180469633473026, 0.0, 0.815403954004532, 0.34387531615143097, 2,10, 2
0.1981640391139493, 0.0, 0.7987627372177751, 0.36599370364782546, 2,10, 2
0.22969467172221114, 0.0, 0.7624430176945995, 0.29529929624226403, 2,10, 2
0.23854187454267278, 0.0, 0.778919605903032, 0.3020183829225729, 2,10, 2
0.2077429654759529, 0.0, 0.7823862000661106, 0.3153900196248778, 4,10, 4
0.19144548659615512, 0.0, 0.8412194539595755, 0.37046134735030833, 1,10, 1
0.2410696467770904, 0.0, 0.7666210822861602, 0.2666568829395705, 3,10, 3
0.20155657553382558, 0.0, 0.7989680056778222, 0.34113589172200853, 3,10, 3
0.23541541941062993, 0.0, 0.7759275970711319, 0.3004576247582455, 1,10, 1
0.26980642586310116, 0.0, 0.7523114961760516, 0.2616592569898855, 1,10, 1
0.1768110157653163, 0.0, 0.8382234739931178, 0.4160909824658033, 2,10, 2
0.25537151599813745, 0.0, 0.7792902198366757, 0.29103490662669496, 4,10, 4
0.26840949910197565, 0.0, 0.7371226094211956, 0.24481660619295134, 1,10, 1
0.28703518925031596, 0.0, 0.7063648984380716, 0.24606012070353725, 4,10, 4
0.261225304330473, 0.0, 0.726212552442923, 0.2602656563978137, 3,10, 3
0.2320228829907537, 0.0, 0.7606730115768311, 0.3162681751869447, 4,10, 4
0.28138096188385553, 0.0, 0.7191128371013711, 0.24466040428468333, 2,10, 2
0.24126920774296548, 0.0, 0.7554756839568182, 0.2959992999350224, 2,10, 2
0.25969533692543073, 0.0, 0.737798559266812, 0.2791841112673196, 2,10, 2
0.2698729461850595, 0.0, 0.7730680017090529, 0.2897671128298056, 1,10, 1
0.3195636266879532, 0.0, 0.6984750378379079, 0.2316124579546307, 3,10, 3
0.2517128982904277, 0.0, 0.7916411940382444, 0.3114927763492256, 2,10, 2
0.301337058471363, 0.0, 0.7232238060471216, 0.2594276005009265, 3,10, 3
0.2834430918645646, 0.0, 0.7562035341998127, 0.28096054267701603, 3,10, 3
0.2434643783675913, 0.0, 0.7680773499537612, 0.3180254257686225, 2,10, 2
0.2986762455930287, 0.0, 0.6940604659052831, 0.2427649275472387, 5,10, 5
0.2680768974921839, 0.0, 0.7384705173161663, 0.2787318100766939, 2,10, 2
0.2771901816004789, 0.0, 0.7371490394790972, 0.2608714722069492, 4,10, 4
0.2490520854120934, 0.0, 0.7703098951187382, 0.3041248065466482, 2,10, 2
0.295217188851194, 0.0, 0.7037908948385353, 0.24890550508713688, 1,10, 1
0.3002727333200293, 0.0, 0.6846838966367416, 0.24957314924570595, 2,10, 2
0.2689416616776425, 0.0, 0.733572909270812, 0.29706644567956647, 3,10, 3
0.2884321160114415, 0.0, 0.714045194228832, 0.2649752319804074, 4,10, 4
0.3027339852324885, 0.0, 0.6954039639472096, 0.25119800775399437, 2,10, 2
0.29554979046098584, 0.0, 0.6922182732360731, 0.26425124721849064, 1,10, 1
0.2555045566420541, 0.0, 0.7398004705411344, 0.2925409326534598, 6,10, 6
0.3276125856449145, 0.0, 0.6838171114583234, 0.2455954602849415, 1,10, 1
0.20415086809020155, 0.0, 0.8134578045833741, 0.39679049113826875, 4,10, 4
0.30938601742832433, 0.0, 0.6929639948672279, 0.23817310254243004, 0,10, 0
0.26335395463314043, 0.0, 0.7230328819708337, 0.27956808396657506, 3,10, 3
0.3140424399654094, 0.0, 0.6832219278541518, 0.25859483528941957, 2,10, 2
0.30991818000399124, 0.0, 0.7260519089932005, 0.2632761668949069, 1,10, 1
0.30220182265682166, 0.0, 0.7273795825695665, 0.28049043729341816, 6,10, 6
0.3286103904742899, 0.0, 0.6786035504657916, 0.2466519782885681, 2,10, 2
0.2853056608793987, 0.0, 0.7479145228463456, 0.2991286336164595, 4,10, 4
0.2774562628883124, 0.0, 0.7575082984748167, 0.30159619843738866, 5,10, 5
0.3161710902680769, 0.0, 0.6848330498177962, 0.2500627551415253, 3,10, 3
0.3063926029401982, 0.0, 0.69256695713902, 0.2481265806011229, 3,10, 3
0.31357679771170094, 0.0, 0.6988331700844023, 0.25354407191714323, 3,10, 3
0.299474489456529, 0.0, 0.7209242392861093, 0.26529218308105307, 3,10, 3
0.30712432648174015, 0.0, 0.73390693096596, 0.27129124762991935, 2,10, 2
0.3177675779950775, 0.0, 0.7305754539541196, 0.26643926500446885, 4,10, 4
0.3540211534623828, 0.0, 0.678897728536462, 0.22947206439966317, 4,10, 4
0.32269008181999603, 0.0, 0.7042263511210548, 0.25296528336627505, 1,10, 1
0.3305394798110823, 0.0, 0.6907428517977908, 0.260009542573039, 4,10, 4
0.2861704250648573, 0.0, 0.729132848544822, 0.28272148057560276, 6,10, 6
0.30665868422803166, 0.0, 0.7293912650717479, 0.2792763153004086, 3,10, 3
0.32229095988824585, 0.0, 0.6743045234529706, 0.2503609209887172, 3,10, 3
0.29089336792390075, 0.0, 0.7213373017200568, 0.27060906204995766, 1,10, 1
0.3135102773897426, 0.0, 0.684663545804119, 0.26030987253068916, 0,10, 0
0.34477482871017096, 0.0, 0.6429795910061816, 0.24838458934466223, 2,10, 2
0.3816936073970598, 0.0, 0.6297411406885811, 0.2223365393512659, 6,10, 6
0.35814541342380096, 0.0, 0.6425329865378897, 0.24183962322833313, 1,10, 1
0.33060600013304065, 0.0, 0.6593831783392529, 0.2445753111461359, 6,10, 6
0.09126588172686756, 0.0, 0.9303098881780905, 0.41820293800041347, 0,10, 0
0.09991352358145414, 0.0, 0.9273376082964652, 0.5873645855528642, 0,10, 0
0.09991352358145414, 0.0, 0.9273376082964652, 0.5902008563560001, 3,10, 3
0.09958092197166234, 0.0, 0.8933638062721464, 0.5769237825414413, 1,10, 1
0.13450409099980043, 0.0, 0.899258785703801, 0.3947671392167324, 3,10, 3
0.15206545599680701, 0.0, 0.8811978903702631, 0.3449149167700878, 3,10, 3
0.10703119803099848, 0.0, 0.8960988843750013, 0.45813773071477065, 2,10, 2
0.15326282179205747, 0.0, 0.846727822756004, 0.378901826597931, 1,10, 1
0.18073571476085945, 0.0, 0.8023954772748328, 0.32321071675302165, 1,10, 1
0.16064657752943523, 0.0, 0.8670726341346823, 0.36797088746303913, 2,10, 2
0.18951639725936273, 0.0, 0.7949515494443902, 0.3208766547253233, 3,10, 3
0.17514800771635736, 0.0, 0.8511228671079235, 0.38805815756135076, 1,10, 1
0.18339652763919378, 0.0, 0.8075389973635742, 0.3294724036195283, 0,10, 0
0.17581321093594093, 0.0, 0.8371311316130184, 0.3153069932522874, 3,10, 3
0.22616909465841814, 0.0, 0.8073002291830984, 0.2565251121503173, 4,10, 4
0.19517062462582319, 0.0, 0.8080215003324966, 0.33566493352133864, 2,10, 2
0.21632408700858113, 0.0, 0.7714455944973365, 0.3000982383984845, 2,10, 2
0.19071376305461318, 0.0, 0.7903571915402077, 0.34872970832891703, 3,10, 3
0.24492782545067518, 0.0, 0.7537869176049565, 0.25847266736335445, 1,10, 1
0.19071376305461318, 0.0, 0.8108284546656139, 0.3402382375084709, 2,10, 2
0.22590301337058472, 0.0, 0.7773791036334644, 0.276834146622815, 1,10, 1
0.22191179405308323, 0.0, 0.7816459122130816, 0.3088137200561093, 1,10, 1
0.196434510743032, 0.0, 0.8302990456494446, 0.38290441304483347, 2,10, 2
0.2109359409299541, 0.0, 0.7917594242625445, 0.2868857102485881, 2,10, 2
0.20953901416882859, 0.0, 0.7903685431018737, 0.28908558395281597, 2,10, 2
0.21133506286170425, 0.0, 0.7788759672189149, 0.2840355329291663, 2,10, 2
0.2335528503957959, 0.0, 0.7542185805045378, 0.25408700386050076, 2,10, 2
0.18153395862435975, 0.0, 0.8015631766093374, 0.3402053953295207, 1,10, 1
0.2165236479744562, 0.0, 0.7710774575970798, 0.28313862754877184, 0,10, 0
0.20987161577862037, 0.0, 0.8359369744657719, 0.34601556314122073, 1,10, 1
0.17055810550123063, 0.0, 0.8188039681164814, 0.40869024534897425, 4,10, 4
0.18579125922969467, 0.0, 0.7917952705425881, 0.3559213320843079, 3,10, 3
0.20654559968070246, 0.0, 0.7852659463978499, 0.2837035764443685, 0,10, 0
0.1959688684893235, 0.0, 0.8050346377599038, 0.3670518325792746, 3,10, 3
0.23934011840617309, 0.0, 0.7691102055672663, 0.30672330494425315, 3,10, 3
0.22517128982904278, 0.0, 0.7782313660416667, 0.3104784908807515, 2,10, 2
0.1900485598350296, 0.0, 0.7964227057289193, 0.3812832662634698, 4,10, 4
0.20847468901749486, 0.0, 0.7866163514715246, 0.3293564043903847, 4,10, 4
0.20109093328011707, 0.0, 0.8012559745136459, 0.35379098221619165, 3,10, 3
0.247122996075301, 0.0, 0.7465241103951266, 0.28790688777199025, 2,10, 2
0.21406239606199695, 0.0, 0.7854569181964277, 0.3347413887678508, 4,10, 4
0.28597086409898226, 0.0, 0.7397875707325328, 0.244280357619073, 3,10, 3
0.23794319164504757, 0.0, 0.802797350805058, 0.31705667911293556, 2,10, 2
0.2320228829907537, 0.0, 0.7938544059558599, 0.2764321713280128, 3,10, 3
0.2085412093394532, 0.0, 0.822137038857421, 0.3401714500502307, 1,10, 1
0.17820794252644181, 0.0, 0.8292883794783529, 0.34342211301903725, 4,10, 4
0.29335461983636, 0.0, 0.7048809040859907, 0.2385789445307697, 1,10, 1
0.2656156455797246, 0.0, 0.7226464392988283, 0.29209140127769234, 1,10, 1
0.26049358078893103, 0.0, 0.7271342354919496, 0.2587704544697783, 4,10, 4
0.29954100977848735, 0.0, 0.7020320055196382, 0.24110247495586595, 2,10, 2
0.22078094857979114, 0.0, 0.7853920728025792, 0.3131438294557905, 2,10, 2
0.26588172686755807, 0.0, 0.7254023513750952, 0.2664314579189252, 2,10, 2
0.2786536286835628, 0.0, 0.697923928193985, 0.2442580371713601, 2,10, 2
0.2717355151998936, 0.0, 0.7202054127226266, 0.26134541369334463, 4,10, 4
0.27366460453668595, 0.0, 0.7244946347604477, 0.2664023976806785, 3,10, 3
0.2672121333067252, 0.0, 0.7184634834657747, 0.2600557906588159, 2,10, 2
0.26840949910197565, 0.0, 0.7603798812830717, 0.3030732708196443, 3,10, 3
0.2781879864298543, 0.0, 0.7588652974329437, 0.28315346953029513, 2,10, 2
0.2780549457859376, 0.0, 0.715316520845317, 0.2610883459190816, 1,10, 1
0.261225304330473, 0.0, 0.7264678630057776, 0.27014309673263304, 4,10, 4
0.29268941661677644, 0.0, 0.6930054180885195, 0.2567301756456068, 1,10, 1
0.30765648905740706, 0.0, 0.6860581480072478, 0.24766665841191282, 3,10, 3
0.29741235947581984, 0.0, 0.6904830455000863, 0.27055915043260764, 1,10, 1
