acuracia,loss,frr,fpr, removed, n_clf, tp_removed
0.09825051553249518, 0.0, 0.8944041643372586, 0.40467750686587217, 0,0, 0
0.35714760859442557, 0.0, 0.7072440244883706, 0.3328879180790219, 0,0, 0
0.31071642386749154, 0.0, 0.7250732012678103, 0.48028181192654457, 0,0, 0
0.36932082751280515, 0.0, 0.6707320337593323, 0.4263950447020885, 0,0, 0
0.5132708042306925, 0.0, 0.5500001456608026, 0.30467389129777717, 0,0, 0
0.5082152597618572, 0.0, 0.5811560707665445, 0.38892046385735973, 0,0, 0
0.6809685358877137, 0.0, 0.4518820524513881, 0.2541960730644357, 0,0, 0
0.6848932348832568, 0.0, 0.4399956423691862, 0.2625410994950682, 0,0, 0
0.7081753475686823, 0.0, 0.44335585864832294, 0.2690368777594084, 0,0, 0
0.7097053149737245, 0.0, 0.45116999683613235, 0.2928145412647515, 0,0, 0
0.715359542340185, 0.0, 0.45444665662413664, 0.24864131577330992, 0,0, 0
0.7365795250449012, 0.0, 0.39811157531475644, 0.237950106143901, 0,0, 0
0.7399055411428191, 0.0, 0.39518455456167956, 0.24147415135332773, 1,1, 1
0.7333200292689417, 0.0, 0.4257383415968103, 0.2565717031164452, 4,4, 4
0.7576664671057007, 0.0, 0.38042096513339585, 0.23726480141942108, 1,1, 1
0.7919244329142553, 0.0, 0.3660464729175195, 0.23214665134217763, 2,2, 2
0.7843411162110024, 0.0, 0.3689970130024545, 0.21990143257406033, 2,2, 2
0.8036320095789263, 0.0, 0.3206358548632555, 0.2149564503283947, 2,2, 2
0.801702920242134, 0.0, 0.33243560527407373, 0.21836885382301827, 2,2, 2
0.8048293753741768, 0.0, 0.31827052590692373, 0.2158462571972306, 3,3, 3
0.8154061065655558, 0.0, 0.30967732441566115, 0.21357485413190117, 0,0, 0
0.8218585777955165, 0.0, 0.3117486340792396, 0.20990060210235523, 1,1, 1
0.8253176345373512, 0.0, 0.28566953419256746, 0.20511554305584734, 1,1, 1
0.8301736180403113, 0.0, 0.27793804746677436, 0.19788691308220496, 3,3, 3
0.8311714228696867, 0.0, 0.27283551528290384, 0.20385246889395423, 1,1, 1
0.8333000731723541, 0.0, 0.26024541612589214, 0.20070282152536267, 2,2, 2
0.8379564957094392, 0.0, 0.25353886485009, 0.19958105428160725, 1,1, 1
0.8332335528503958, 0.0, 0.2753185187230993, 0.19616897566058072, 0,0, 0
0.8301736180403113, 0.0, 0.28405794677500623, 0.20070283075615303, 1,1, 1
0.8363600079824386, 0.0, 0.27142936542808277, 0.2004849419605132, 0,0, 0
0.8387547395729396, 0.0, 0.25080741768624587, 0.19581737354307463, 2,2, 2
0.8424798776026076, 0.0, 0.245158294702089, 0.1943920728874951, 0,0, 0
0.8414155524512739, 0.0, 0.24597346025165825, 0.19224914464410273, 2,2, 2
0.8458058937005255, 0.0, 0.24549724744982637, 0.19042701318761523, 1,1, 1
0.8473358611055678, 0.0, 0.2370721375888696, 0.1892685692144056, 0,0, 0
0.8442759262954833, 0.0, 0.2600484847403433, 0.1936827921243767, 2,2, 2
0.8480675846471097, 0.0, 0.23292164458298156, 0.18696980818098807, 0,0, 0
0.845340251446817, 0.0, 0.23938499754554315, 0.18824359172336735, 1,1, 1
0.8480010643251513, 0.0, 0.23389058858267017, 0.18548255129191804, 0,0, 0
0.8480675846471097, 0.0, 0.25055813122130244, 0.18828898821024712, 1,1, 1
0.8497305926960687, 0.0, 0.24561046151982244, 0.1895000066348868, 2,2, 2
0.8531896494379033, 0.0, 0.22418489034255815, 0.1792975061614538, 1,1, 1
0.8530566087939866, 0.0, 0.23165323548122513, 0.18198879429734016, 1,1, 1
0.8536552916916118, 0.0, 0.22334925271691142, 0.18063356767368202, 0,0, 0
0.8554513403844874, 0.0, 0.2222670045958101, 0.17974458901431234, 0,0, 0
0.8545865761990288, 0.0, 0.2267051540960091, 0.17967901448765058, 0,0, 0
0.85777955165303, 0.0, 0.22246998948708616, 0.17744156538581474, 0,0, 0
0.8565821858577796, 0.0, 0.2193744758174151, 0.17593572266131555, 0,0, 0
0.8574469500432382, 0.0, 0.22447158454597474, 0.17907382731896468, 0,0, 0
0.857979112618905, 0.0, 0.21751718906494022, 0.17652728028553827, 0,0, 0
0.8599082019556975, 0.0, 0.2158083368886973, 0.1736667959696424, 0,0, 0
0.8595090800239473, 0.0, 0.227516072461237, 0.1806966491985575, 0,0, 0
0.8583117142286969, 0.0, 0.22698701259104692, 0.17598771241281314, 1,1, 1
0.8603073238874476, 0.0, 0.21858640727735248, 0.17351814812860628, 0,0, 0
0.8611720880729062, 0.0, 0.21018653876017493, 0.17242782331964437, 1,1, 1
0.8627020554779485, 0.0, 0.21336663787642698, 0.17429553276643958, 1,1, 1
0.8641655025610324, 0.0, 0.21070459667331906, 0.16940928840522868, 0,0, 0
0.8648972261025744, 0.0, 0.20820835540234361, 0.16996376874412505, 2,2, 2
0.8643650635269075, 0.0, 0.2087330967842026, 0.16932782836110152, 1,1, 1
0.8661611122197831, 0.0, 0.22083860386949086, 0.16931771963471248, 1,1, 1
0.8670923967272002, 0.0, 0.2142892955797601, 0.16788058729666333, 1,1, 1
0.8662276325417415, 0.0, 0.20404780868601588, 0.16971105295882238, 1,1, 1
0.8660280715758665, 0.0, 0.19967248766170806, 0.1671935609357895, 1,1, 1
0.86669327479545, 0.0, 0.1991816743304881, 0.16754193175383889, 0,0, 0
0.8678241202687421, 0.0, 0.1938238554323278, 0.16190113520124055, 0,0, 0
0.868356282844409, 0.0, 0.20615492095198054, 0.1677636215916451, 0,0, 0
0.869487128317701, 0.0, 0.20169411955669558, 0.16417724232529565, 0,0, 0
0.8706179737909931, 0.0, 0.19729553268107178, 0.15616045882404472, 0,0, 0
0.8697532096055345, 0.0, 0.18927604528183425, 0.15854018374197987, 0,0, 0
0.8708175347568682, 0.0, 0.19362963300733468, 0.15765209976029562, 0,0, 0
0.8716157786203685, 0.0, 0.1970902250368692, 0.15645087895694434, 0,0, 0
0.8713496973325351, 0.0, 0.1928668638559969, 0.15661748940696824, 0,0, 0
0.8719483802301603, 0.0, 0.19022240012306013, 0.1590461862893215, 0,0, 0
0.8724140224838688, 0.0, 0.19018941091589478, 0.15607393625958463, 0,0, 0
0.8740105102108694, 0.0, 0.187817123676597, 0.15506772889275125, 0,0, 0
0.8728796647375773, 0.0, 0.18795169185429172, 0.15796079606951555, 0,0, 0
0.8732122663473691, 0.0, 0.1930128744270004, 0.15957611125254653, 0,0, 0
0.8746091931084946, 0.0, 0.18715736175902023, 0.1558668686045469, 0,0, 0
0.875407436971995, 0.0, 0.1874725155086136, 0.15244118040228374, 0,0, 0
0.8760726401915785, 0.0, 0.1890291177687348, 0.15402312641922955, 0,0, 0
0.8765382824452871, 0.0, 0.18690318804145556, 0.15369328458096398, 0,0, 0
0.8750748353622032, 0.0, 0.19165415277131642, 0.15396394462106133, 0,0, 0
0.8742100711767445, 0.0, 0.19266638799261965, 0.15441216044176717, 0,0, 0
0.8742765914987028, 0.0, 0.19131183301180082, 0.15428976032643837, 0,0, 0
0.877270005986829, 0.0, 0.18643070864863429, 0.15030890451300358, 0,0, 0
0.8766713230892037, 0.0, 0.1864820383974665, 0.15262156180435574, 1,1, 1
0.8778686888844542, 0.0, 0.18796399184498508, 0.15147970491205162, 0,0, 0
0.8795982172553715, 0.0, 0.181620877985057, 0.14982426101344504, 0,0, 0
0.8786669327479545, 0.0, 0.1787086218745994, 0.1498641609890524, 1,1, 1
0.8789995343577462, 0.0, 0.18632365931280462, 0.1504650064688402, 1,1, 1
0.8788664937138295, 0.0, 0.1770370287250617, 0.14788152674126237, 0,0, 0
0.8777356482405375, 0.0, 0.182907407664678, 0.14979100080438423, 1,1, 1
0.8792656156455797, 0.0, 0.18321662986185483, 0.14560221391810785, 2,2, 2
0.8784673717820795, 0.0, 0.18257069221877903, 0.14626173974912737, 2,2, 2
0.878400851460121, 0.0, 0.18415966303546774, 0.14709880495402844, 0,0, 0
0.8815273065921639, 0.0, 0.17799974883600722, 0.14971466266090855, 1,1, 1
0.8795982172553715, 0.0, 0.18488124303111697, 0.1497256067681425, 1,1, 1
0.8816603472360807, 0.0, 0.18027782918663748, 0.1471199312405374, 0,0, 0
0.8795316969334132, 0.0, 0.18543480712049198, 0.1517299053264171, 0,0, 0
0.8799308188651633, 0.0, 0.17994114906897068, 0.14872959431742477, 0,0, 0
0.8827246723874144, 0.0, 0.17090175966701524, 0.14444495265507684, 0,0, 0
0.10077828776691279, 0.0, 0.8944213325400786, 0.36684194226088074, 0,0, 0
0.2270338588438768, 0.0, 0.7943959099415602, 0.5181739368625482, 0,0, 0
0.3824918512605601, 0.0, 0.7214047693242912, 0.4841515394311137, 0,0, 0
0.4956429189117275, 0.0, 0.651844145386146, 0.4338862310465592, 0,0, 0
0.5678174682365462, 0.0, 0.5950579010027276, 0.34571518692751313, 0,0, 0
0.6073305394798111, 0.0, 0.5399762017545722, 0.2865711423159896, 0,0, 0
0.6362003592097386, 0.0, 0.49206811062360034, 0.2895069526387098, 0,0, 0
0.6338721479411961, 0.0, 0.5078298372607478, 0.3330187604329756, 0,0, 0
0.6465110091132841, 0.0, 0.48380420329469737, 0.2793571112581333, 0,0, 0
0.6896826980642586, 0.0, 0.46042532403215014, 0.2771382793226037, 0,0, 0
0.7150269407303932, 0.0, 0.4119933864022961, 0.257676940422038, 0,0, 0
0.7458923701190714, 0.0, 0.41364388438110206, 0.26677037556862954, 0,0, 0
0.7618572473890773, 0.0, 0.3663596114911465, 0.23702662422170892, 2,2, 2
0.7353821592496508, 0.0, 0.3861501618922191, 0.2459547734020622, 4,4, 4
0.7792190514202089, 0.0, 0.35230481838856037, 0.23970095381472153, 0,0, 0
0.762722011574536, 0.0, 0.38077014473923393, 0.23925887863109346, 3,3, 3
0.7867358478015034, 0.0, 0.3229507868858772, 0.2229490531328896, 2,2, 2
0.7841415552451274, 0.0, 0.3248844701314794, 0.21871800010052092, 1,1, 1
0.792057473558172, 0.0, 0.3154308050179745, 0.21941526696015054, 1,1, 1
0.8125457327213463, 0.0, 0.28831596727116543, 0.21462240292178933, 1,1, 1
0.8129448546530965, 0.0, 0.30717423175521064, 0.21863727274898223, 3,3, 3
0.8079558305062197, 0.0, 0.3112261513582867, 0.22030729788193804, 3,3, 3
0.8176012771901816, 0.0, 0.28231240997977985, 0.21359755679526415, 1,1, 1
0.8197964478148074, 0.0, 0.2844417457240005, 0.21347444567125198, 0,0, 0
0.8249850329275593, 0.0, 0.26421959628457803, 0.20335833342008786, 0,0, 0
0.8217255371515998, 0.0, 0.27120918387680754, 0.2112533384701113, 1,1, 1
0.8259828377569347, 0.0, 0.26880799608279293, 0.21443492630285385, 1,1, 1
0.8279784474156855, 0.0, 0.26697898578482376, 0.2072952974751333, 2,2, 2
0.8316370651233952, 0.0, 0.25230570571474426, 0.2067680154551053, 1,1, 1
0.8289762522450609, 0.0, 0.2618782061160006, 0.20297664106378188, 1,1, 1
0.8298410164305196, 0.0, 0.2543620403814554, 0.19938122644196452, 1,1, 1
0.8346304796115214, 0.0, 0.248592255456912, 0.19417008728915447, 1,1, 1
0.8395529834364398, 0.0, 0.24249939130251136, 0.19316271025930007, 2,2, 2
0.842546397924566, 0.0, 0.24159882251251127, 0.18625440296161636, 1,1, 1
0.8473358611055678, 0.0, 0.2265814286162321, 0.18617244552613632, 1,1, 1
0.8503957959156523, 0.0, 0.22908374359404465, 0.18650633490578677, 1,1, 1
0.851460121066986, 0.0, 0.22145456735910765, 0.18413637475726613, 0,0, 0
0.8535222510476951, 0.0, 0.23035912684848292, 0.18332726518680997, 1,1, 1
0.8537218120135701, 0.0, 0.22481997980273719, 0.17983876197314377, 1,1, 1
0.8500631943058604, 0.0, 0.22222741337589919, 0.18453859362843947, 0,0, 0
0.8563161045699461, 0.0, 0.21715422424650566, 0.1795868305953816, 0,0, 0
0.8583117142286969, 0.0, 0.21847541748776905, 0.17845756989198594, 1,1, 1
0.8601742832435308, 0.0, 0.2183171279943068, 0.17419789701118482, 0,0, 0
0.8576465110091133, 0.0, 0.22595974314817893, 0.18294284894816062, 0,0, 0
0.8598416816337391, 0.0, 0.21484799850294853, 0.17764918604574284, 0,0, 0
0.8618372912924899, 0.0, 0.2124516565435197, 0.17404932139167995, 1,1, 1
0.8644981041708242, 0.0, 0.20550013065038913, 0.1737145948847996, 1,1, 1
0.8650302667464911, 0.0, 0.2090834573200647, 0.17127625878021363, 0,0, 0
0.8625690148340318, 0.0, 0.21230346735216218, 0.17392948050939516, 2,2, 2
0.8645646244927826, 0.0, 0.20833167825195192, 0.17215395065657366, 1,1, 1
0.8626355351559901, 0.0, 0.2196339795217514, 0.17525909185153385, 0,0, 0
0.8662276325417415, 0.0, 0.20550182818238813, 0.16910172953901223, 1,1, 1
0.8667597951174084, 0.0, 0.20614059176907024, 0.16846797994226279, 0,0, 0
0.8651633073904078, 0.0, 0.20177169270370104, 0.1698008147370753, 1,1, 1
0.8670923967272002, 0.0, 0.20535260262889893, 0.16795250274289747, 0,0, 0
0.8671589170491585, 0.0, 0.20923340110227526, 0.1682597682909848, 1,1, 1
0.8687554047761591, 0.0, 0.21159476440297312, 0.16745912506504165, 1,1, 1
0.869287567351826, 0.0, 0.19704500546812553, 0.16475245610816136, 0,0, 0
0.868356282844409, 0.0, 0.21126197568501026, 0.16882001602951263, 0,0, 0
0.8689549657420342, 0.0, 0.21041369484709488, 0.16845228960893038, 0,0, 0
0.8708840550788266, 0.0, 0.19805012686241658, 0.16444041389608974, 1,1, 1
0.8722809818399521, 0.0, 0.19288323026340648, 0.16504930964351883, 0,0, 0
0.8741435508547861, 0.0, 0.1912797961097617, 0.16270800771912822, 1,1, 1
0.8732122663473691, 0.0, 0.1988950642546978, 0.16408012702183958, 0,0, 0
0.8714162176544934, 0.0, 0.19997744351314745, 0.16314756582269638, 0,0, 0
0.8738774695669527, 0.0, 0.19654614982899749, 0.1637057050138182, 0,0, 0
0.8751413556841615, 0.0, 0.19231172269248428, 0.1632263241515079, 1,1, 1
0.8740105102108694, 0.0, 0.19647785647895488, 0.16262061819248738, 0,0, 0
0.8750748353622032, 0.0, 0.19600546941253122, 0.16125090404728387, 0,0, 0
0.8768708840550788, 0.0, 0.18805754891959467, 0.15968539837336107, 0,0, 0
0.8770039246989956, 0.0, 0.1881589830437753, 0.15835962245557272, 0,0, 0
0.8762722011574536, 0.0, 0.18691773964435146, 0.15845352162959558, 0,0, 0
0.8760726401915785, 0.0, 0.19744115898532869, 0.15962015509937846, 1,1, 1
0.8766713230892037, 0.0, 0.19357548257866536, 0.1572057445523699, 0,0, 0
0.8769374043770372, 0.0, 0.1872769272351233, 0.15272013932179665, 0,0, 0
0.8793986562894964, 0.0, 0.19231614544876988, 0.15483227937961802, 0,0, 0
0.8784673717820795, 0.0, 0.1876861189827947, 0.15512047679567953, 0,0, 0
0.8781347701722876, 0.0, 0.1904859967689295, 0.15586967219492598, 0,0, 0
0.8782678108162043, 0.0, 0.18451649207251541, 0.15703699175720195, 0,0, 0
0.8797977782212466, 0.0, 0.18485314318011992, 0.15450927902406447, 0,0, 0
0.8781347701722876, 0.0, 0.17628585426244633, 0.1540746121901419, 0,0, 0
0.8799973391871216, 0.0, 0.1824068338128248, 0.15550412528554314, 0,0, 0
0.881726867558039, 0.0, 0.1813731968244896, 0.15442364239662157, 1,1, 1
0.8814607862702055, 0.0, 0.18154625229997318, 0.15028020827503277, 1,1, 1
0.8820594691678307, 0.0, 0.18404387004280273, 0.14962979819271674, 0,0, 0
0.8811947049823721, 0.0, 0.17809752148153113, 0.15177717723658768, 0,0, 0
0.8820594691678307, 0.0, 0.1781215722404383, 0.1513700313383352, 2,2, 2
0.8817933878799974, 0.0, 0.18094029752931629, 0.15003256293560407, 0,0, 0
0.8815938269141222, 0.0, 0.18786106756060778, 0.15129315838878882, 0,0, 0
0.8801969001529968, 0.0, 0.18547860116106016, 0.1509261936094832, 1,1, 1
0.8824585910995809, 0.0, 0.18117855547769743, 0.14876121582854926, 0,0, 0
0.8827246723874144, 0.0, 0.1776400008629368, 0.14733706426433701, 0,0, 0
0.8831237943191645, 0.0, 0.1813571044584599, 0.14858990828986535, 0,0, 0
0.8832568349630813, 0.0, 0.1777297850099174, 0.14713691902848058, 0,0, 0
0.883589436572873, 0.0, 0.1777056541375805, 0.1498385048923421, 1,1, 1
0.8838555178607065, 0.0, 0.17949735027975136, 0.1461718575031592, 0,0, 0
0.8837889975387481, 0.0, 0.17601618793621687, 0.14639503827477907, 0,0, 0
0.8849863633339985, 0.0, 0.168489611787026, 0.14613428120080316, 1,1, 1
0.8871815339586243, 0.0, 0.16957410017266875, 0.1429802180615596, 0,0, 0
0.8847202820461652, 0.0, 0.1781040765810248, 0.14855811511621153, 1,1, 1
0.8865828510609991, 0.0, 0.16652579613956991, 0.1433967296573687, 0,0, 0
0.10077828776691279, 0.0, 0.8944213325400786, 0.36684194226088074, 0,0, 0
0.3077895297013237, 0.0, 0.7649075077302081, 0.5028041366081171, 0,0, 0
0.43757067784208076, 0.0, 0.6749013704716903, 0.4202386710553212, 0,0, 0
0.5658883788997539, 0.0, 0.540269957537594, 0.2999046769410719, 0,0, 0
0.5157985764651101, 0.0, 0.6306205201060087, 0.4145912815886451, 0,0, 0
0.5390806891505355, 0.0, 0.6277278238919436, 0.41768133630859716, 0,0, 0
0.6449145213862835, 0.0, 0.4683626849301997, 0.27374303702350317, 0,0, 0
0.6377968469367392, 0.0, 0.48358197702225125, 0.29936556554593496, 0,0, 0
0.647043171688951, 0.0, 0.4752722665379533, 0.27878542742021273, 0,0, 0
0.6553582119337458, 0.0, 0.4612652532549275, 0.29821497597090263, 0,0, 0
0.6748486662675447, 0.0, 0.4553115750503781, 0.2692380919645647, 0,0, 0
0.6892170558105501, 0.0, 0.4162996151628565, 0.24533211712977832, 0,0, 0
0.7007250715093462, 0.0, 0.38760693758255327, 0.24429424763391833, 2,2, 2
0.7224106964677709, 0.0, 0.3562077450655206, 0.23649297925762042, 4,4, 4
0.7141621765449345, 0.0, 0.3880995609711933, 0.2603398241348781, 3,3, 3
0.783875473957294, 0.0, 0.3386298120196073, 0.2262041889239833, 2,2, 2
0.7782212465908335, 0.0, 0.33445893963248663, 0.22693223610076135, 1,1, 1
0.7965143351293821, 0.0, 0.3007389175443996, 0.2143175269721201, 3,3, 3
0.8028337657154261, 0.0, 0.2939245744228126, 0.20526216014261614, 2,2, 2
0.8048958956961352, 0.0, 0.31274134850443597, 0.2148728902654389, 2,2, 2
0.8180669194438901, 0.0, 0.2887328561743832, 0.21024925196204997, 1,1, 1
0.8136100578726801, 0.0, 0.2781491652121399, 0.2107396109270259, 0,0, 0
0.825849797113018, 0.0, 0.27933114122950364, 0.2108398399462397, 4,4, 4
0.8229894232688086, 0.0, 0.27564009059980765, 0.20833249379727925, 1,1, 1
0.8215259761857248, 0.0, 0.2726830720896019, 0.20741140852210257, 1,1, 1
0.8264484800106433, 0.0, 0.25349768008447876, 0.2020123019144877, 1,1, 1
0.8355617641189383, 0.0, 0.2682415497742991, 0.20760055658984453, 2,2, 2
0.8398190647242733, 0.0, 0.2427535456346448, 0.19324628750690942, 0,0, 0
0.8395529834364398, 0.0, 0.2639245773362406, 0.2008161752662717, 0,0, 0
0.8398190647242733, 0.0, 0.23730986368512905, 0.19439059569108685, 0,0, 0
0.8416151134171489, 0.0, 0.24358670275633554, 0.19100303064455576, 1,1, 1
0.8396860240803565, 0.0, 0.2550047649156831, 0.19535070609260646, 0,0, 0
0.8439433246856914, 0.0, 0.25226487723909125, 0.1997642510788616, 3,3, 3
0.8477349830373179, 0.0, 0.23676173651750368, 0.1898129404476513, 0,0, 0
0.8456063327346505, 0.0, 0.23913682199703593, 0.18700362251304728, 3,3, 3
0.8493979910862769, 0.0, 0.2308831490983525, 0.1856526020669075, 1,1, 1
0.850728397525444, 0.0, 0.23713457524685333, 0.18459621718291225, 0,0, 0
0.8519257633206945, 0.0, 0.2263531034787811, 0.17702063742797758, 1,1, 1
0.8518592429987362, 0.0, 0.24388939807907975, 0.1882431155352434, 0,0, 0
0.8531231291159449, 0.0, 0.23836729132542764, 0.18213320135937244, 0,0, 0
0.8569813077895297, 0.0, 0.22492996280362232, 0.17953361578876745, 0,0, 0
0.858710836160447, 0.0, 0.22926629770449247, 0.17991903321460145, 2,2, 2
0.8578460719749884, 0.0, 0.2159152608830764, 0.17709867683003494, 0,0, 0
0.8609060067850728, 0.0, 0.22555718727358326, 0.18261612713345618, 0,0, 0
0.8633007383755738, 0.0, 0.20954221387031255, 0.1701520087003829, 0,0, 0
0.8608394864631145, 0.0, 0.22417034113783496, 0.1739272164688753, 0,0, 0
0.8625690148340318, 0.0, 0.2101986628443008, 0.1715752531463164, 0,0, 0
0.8631011774096987, 0.0, 0.20895110811459422, 0.17361162590019955, 0,0, 0
0.8627685757999068, 0.0, 0.21090956575545586, 0.1734728313338436, 0,0, 0
0.8613716490387814, 0.0, 0.2148067553496758, 0.1674729307973241, 2,2, 2
0.8643650635269075, 0.0, 0.20746920757048481, 0.16844842721555142, 0,0, 0
0.8628350961218653, 0.0, 0.20897941633910244, 0.16861455471138156, 3,3, 3
0.8633672586975321, 0.0, 0.20602258275941526, 0.16190858176441655, 0,0, 0
0.8673584780150336, 0.0, 0.20715930181915476, 0.17052416440197196, 1,1, 1
0.8674915186589504, 0.0, 0.20641607352494154, 0.1716852502722013, 1,1, 1
0.8690214860639925, 0.0, 0.19773106975569277, 0.16793344674933602, 1,1, 1
0.8669593560832835, 0.0, 0.20018257190756825, 0.17074400444006851, 0,0, 0
0.8708175347568682, 0.0, 0.19561906045167426, 0.1646165111783096, 0,0, 0
0.8713496973325351, 0.0, 0.1974951458231389, 0.16303405061557238, 0,0, 0
0.8713496973325351, 0.0, 0.19740321270484668, 0.1645333641238046, 0,0, 0
0.8698197299274929, 0.0, 0.20623300041719891, 0.16496455963427356, 1,1, 1
0.8714162176544934, 0.0, 0.1936708746394593, 0.15824508875980153, 0,0, 0
0.8724805428058272, 0.0, 0.19626149944372767, 0.15846073191655557, 0,0, 0
0.8703518925031597, 0.0, 0.19793198755764901, 0.157926309848838, 0,0, 0
0.8722144615179938, 0.0, 0.19230565474606148, 0.15705751408640817, 1,1, 1
0.8742100711767445, 0.0, 0.1883496462083441, 0.16105582455793774, 0,0, 0
0.8732122663473691, 0.0, 0.1918726781478408, 0.15691357122507302, 0,0, 0
0.8736113882791192, 0.0, 0.1904287089489566, 0.15338539209557736, 0,0, 0
0.8744096321426196, 0.0, 0.1917769785129624, 0.15575795192158629, 0,0, 0
0.8750083150402448, 0.0, 0.1890364401037687, 0.15663421831635463, 0,0, 0
0.8741435508547861, 0.0, 0.19208315269874818, 0.15738556875631704, 0,0, 0
0.8770704450209539, 0.0, 0.18751972376791032, 0.15594909218177666, 0,0, 0
0.8758065589037451, 0.0, 0.1905446739272825, 0.15414251078516963, 0,0, 0
0.8777356482405375, 0.0, 0.18216546214999912, 0.15352210449823764, 0,0, 0
0.8758065589037451, 0.0, 0.1884590547669983, 0.15688818158417284, 0,0, 0
0.8783343311381627, 0.0, 0.1813749599149986, 0.15378945764870733, 0,0, 0
0.8779352092064125, 0.0, 0.18278787724114376, 0.15359118729536186, 0,0, 0
0.8785338921040378, 0.0, 0.18344595388870705, 0.15088974550159392, 0,0, 0
0.8789330140357879, 0.0, 0.1778436629023719, 0.14972687756002523, 0,0, 0
0.8783343311381627, 0.0, 0.18427423908615193, 0.1502430198316636, 0,0, 0
0.8791990953236214, 0.0, 0.17967681652252288, 0.15089131729821662, 0,0, 0
0.8801969001529968, 0.0, 0.17952547290810406, 0.14883611829118196, 0,0, 0
0.8806625424067053, 0.0, 0.1745873642968296, 0.14698986159890073, 1,1, 1
0.8795982172553715, 0.0, 0.1800338651034432, 0.15270923991548754, 0,0, 0
0.8784673717820795, 0.0, 0.18545065851135173, 0.15036769178980747, 1,1, 1
0.8807290627286636, 0.0, 0.18795837114677938, 0.1488735990893498, 1,1, 1
0.8803299407969134, 0.0, 0.18585982579738647, 0.14868848860412925, 1,1, 1
0.8808621033725803, 0.0, 0.17742320733867983, 0.14404606551942847, 2,2, 2
0.8816603472360807, 0.0, 0.17679457099858575, 0.14656045827734307, 1,1, 1
0.8827911927093727, 0.0, 0.17287835962249073, 0.14822603446859242, 0,0, 0
0.8789330140357879, 0.0, 0.19051254939494947, 0.15352607673695542, 0,0, 0
0.8815938269141222, 0.0, 0.16950076290760369, 0.14747701457604864, 0,0, 0
0.8827246723874144, 0.0, 0.17444348145993963, 0.14319862783423412, 0,0, 0
0.8815938269141222, 0.0, 0.18269732616788045, 0.14490218187514567, 1,1, 1
0.8831903146411229, 0.0, 0.17612153840981987, 0.14683930740194598, 0,0, 0
0.8830572739972061, 0.0, 0.18135063844724805, 0.14947325909667994, 0,0, 0
0.8836559568948313, 0.0, 0.17035657940030322, 0.1419876270184285, 0,0, 0
0.8837889975387481, 0.0, 0.17125372085388066, 0.14848374337402115, 0,0, 0
0.8839220381826648, 0.0, 0.16983443368028156, 0.14653182434153814, 0,0, 0
0.8849863633339985, 0.0, 0.16314368879749788, 0.14327430954512438, 0,0, 0
0.8825916317434976, 0.0, 0.1755312908014102, 0.14312969517791235, 1,1, 1
0.10077828776691279, 0.0, 0.8944213325400786, 0.36684194226088074, 0,0, 0
0.18426129182465242, 0.0, 0.8289348232545614, 0.5425962688755892, 0,0, 0
0.39399986695935607, 0.0, 0.6926270963321203, 0.4127629467006008, 0,0, 0
0.5310317301935742, 0.0, 0.5888072515481525, 0.37023176098541966, 0,0, 0
0.6013437105035588, 0.0, 0.49512186261377683, 0.29550698393053687, 0,0, 0
0.5869088006385951, 0.0, 0.5376415034034412, 0.29833549516220426, 0,0, 0
0.6226967338521918, 0.0, 0.48843382570172666, 0.3035785591897191, 0,0, 0
0.6504357081088272, 0.0, 0.46383361071612283, 0.2741099850232771, 0,0, 0
0.6556908135435375, 0.0, 0.4633840031558855, 0.26152870992823835, 0,0, 0
0.7093727133639327, 0.0, 0.4096590956715825, 0.26184471571077933, 0,0, 0
0.7526774429588239, 0.0, 0.3812049844384201, 0.24602719752343286, 0,0, 0
0.738774695669527, 0.0, 0.3572841581133912, 0.2329940582997003, 0,0, 0
0.7519457194172819, 0.0, 0.3563087591463205, 0.2446314657571644, 3,3, 3
0.7722344176145812, 0.0, 0.3416041703432977, 0.23036059995640087, 1,1, 1
0.7981108228563826, 0.0, 0.33018154722762455, 0.2239635964747989, 2,2, 2
0.797977782212466, 0.0, 0.3424999360193634, 0.23592089944011246, 0,0, 0
0.8005055544468835, 0.0, 0.32923816429239994, 0.22806590878301236, 2,2, 2
0.7940530832169228, 0.0, 0.33088030388219636, 0.21823787248787796, 2,2, 2
0.8069580256768443, 0.0, 0.3101708309623594, 0.2174223479335083, 2,2, 2
0.807091066320761, 0.0, 0.3185447034613152, 0.21921945693491066, 1,1, 1
0.804496773764385, 0.0, 0.32448703899758546, 0.21766002755352964, 1,1, 1
0.8165369520388479, 0.0, 0.2961968513584038, 0.2115963594453489, 2,2, 2
0.8231224639127254, 0.0, 0.2843096620212734, 0.20771372640475405, 1,1, 1
0.815073504955764, 0.0, 0.3010319769075443, 0.20883002284925847, 2,2, 2
0.8247854719616843, 0.0, 0.2884748162011839, 0.2041867014230087, 1,1, 1
0.8225237810151002, 0.0, 0.3002556731844669, 0.21354025142476116, 0,0, 0
0.8333665934943125, 0.0, 0.25706206415264843, 0.19918745856792466, 5,5, 5
0.8333000731723541, 0.0, 0.25488819076606795, 0.19307821569321967, 0,0, 0
0.8357613250848134, 0.0, 0.25563736145223226, 0.19486546985164066, 0,0, 0
0.8353622031530633, 0.0, 0.258040702982356, 0.193387839337888, 1,1, 1
0.837357812811814, 0.0, 0.2539067671081057, 0.1911014755798985, 0,0, 0
0.8406838289097319, 0.0, 0.2618594684450789, 0.19569298631811374, 0,0, 0
0.8382225769972727, 0.0, 0.2632504902672551, 0.19355517214582593, 0,0, 0
0.8422137963147741, 0.0, 0.25317679134192117, 0.19246339732918818, 1,1, 1
0.8421472759928158, 0.0, 0.26131559928575804, 0.19525096624935023, 0,0, 0
0.8447415685491918, 0.0, 0.25558382972860777, 0.1904309924010131, 2,2, 2
0.8468036985299009, 0.0, 0.24234285708853187, 0.18646529235241627, 1,1, 1
0.851659682032861, 0.0, 0.2428687168320982, 0.18781993598996446, 3,3, 3
0.85332269008182, 0.0, 0.23948339544255606, 0.18790357094498017, 2,2, 2
0.854453535555112, 0.0, 0.22953892380520816, 0.18015043137525968, 0,0, 0
0.8589769174482804, 0.0, 0.2165819482086795, 0.17479250775958982, 0,0, 0
0.861305128716823, 0.0, 0.21255172929653207, 0.17186854081017916, 0,0, 0
0.8609060067850728, 0.0, 0.21770453503566248, 0.17501593801683232, 0,0, 0
0.8610390474289895, 0.0, 0.21871446415608695, 0.1752096864634466, 0,0, 0
0.8630346570877403, 0.0, 0.21861360616177872, 0.17562878619610342, 1,1, 1
0.8629016164438236, 0.0, 0.21804784686474124, 0.1760413845345632, 0,0, 0
0.8635002993414488, 0.0, 0.21375053025637744, 0.17642868087505217, 0,0, 0
0.8648972261025744, 0.0, 0.21227157584104706, 0.171582643549899, 0,0, 0
0.864098982239074, 0.0, 0.2177987813267094, 0.17524616448670907, 0,0, 0
0.8650967870684494, 0.0, 0.2119011384516045, 0.17180746250180745, 0,0, 0
0.8652298277123661, 0.0, 0.2238104116922152, 0.1723645355250932, 1,1, 1
0.8645646244927826, 0.0, 0.2194521768326678, 0.17292002752111346, 0,0, 0
0.8658285106099913, 0.0, 0.2167944894366138, 0.16566974234928464, 0,0, 0
0.8687554047761591, 0.0, 0.21252062691261692, 0.16943322456670937, 0,0, 0
0.8686223641322424, 0.0, 0.20410065694681256, 0.16918711869300482, 2,2, 2
0.8691545267079093, 0.0, 0.21231359921757878, 0.16961381389371166, 1,1, 1
0.8685558438102841, 0.0, 0.20655448983145813, 0.16954437931207228, 1,1, 1
0.8702853721812014, 0.0, 0.2144696970262127, 0.16782188235255405, 1,1, 1
0.8701523315372847, 0.0, 0.20918442135949283, 0.16320018203401865, 1,1, 1
0.8710170957227433, 0.0, 0.20245168979437914, 0.16318532487589996, 0,0, 0
0.8717488192642853, 0.0, 0.20063636776973598, 0.16193169130964638, 0,0, 0
0.8700192908933679, 0.0, 0.21413832190118232, 0.1653922267446848, 1,1, 1
0.8717488192642853, 0.0, 0.19726077750745372, 0.16522228152988447, 1,1, 1
0.8720149005521187, 0.0, 0.20251207155875917, 0.16197388918638267, 0,0, 0
0.8729461850595357, 0.0, 0.19837549313106892, 0.16337500940493843, 0,0, 0
0.8742100711767445, 0.0, 0.19507601451851841, 0.15998510177773137, 0,0, 0
0.8743431118206613, 0.0, 0.19544763718721175, 0.1609193956317846, 0,0, 0
0.8742765914987028, 0.0, 0.19924055032853474, 0.15891085713226188, 0,0, 0
0.8741435508547861, 0.0, 0.1955860826961689, 0.16128030783112712, 0,0, 0
0.8739439898889111, 0.0, 0.20029521599111846, 0.1610234656381537, 0,0, 0
0.8766713230892037, 0.0, 0.18948033627573618, 0.15535737373660433, 0,0, 0
0.8774030466307456, 0.0, 0.18843397329082978, 0.15434475689117996, 0,0, 0
0.8768043637331204, 0.0, 0.19062596359722017, 0.15720077257630088, 0,0, 0
0.877270005986829, 0.0, 0.18840002608068368, 0.15518447882487715, 0,0, 0
0.8778021685624958, 0.0, 0.18817222514886864, 0.152337197448448, 0,0, 0
0.8764717621233287, 0.0, 0.18988096544217334, 0.153020387774079, 0,0, 0
0.8789995343577462, 0.0, 0.18937062900895224, 0.1528691113264601, 0,0, 0
