acuracia,loss,frr,fpr, removed, n_clf, tp_removed
0.09825051553249518, 0.0, 0.8944041643372586, 0.40467750686587217, 0,0, 0
0.13483669260959222, 0.0, 0.8577688405730006, 0.39808845026722955, 0,0, 0
0.10051220647907935, 0.0, 0.8964268698209338, 0.5010541530900544, 0,0, 0
0.10882724672387414, 0.0, 0.8820520167767796, 0.5204990727907735, 2,6, 2
0.11587840085146012, 0.0, 0.8810454019315033, 0.517736251321709, 5,5, 5
0.10756336060666534, 0.0, 0.8984646514226098, 0.4027947150313684, 5,8, 5
0.13190979844342446, 0.0, 0.857678755762017, 0.41256165469731615, 4,6, 4
0.10111088937670458, 0.0, 0.8794034492067001, 0.5552580028238371, 1,3, 1
0.10716423867491519, 0.0, 0.8857861279912987, 0.5291501016832177, 5,7, 5
0.14674383024013837, 0.0, 0.8426323588689286, 0.391834856463184, 2,5, 2
0.10011308454732921, 0.0, 0.8808154998783678, 0.49117479569131467, 6,7, 6
0.12319563626687953, 0.0, 0.8734183327247994, 0.3887791664622502, 3,3, 3
0.1323089203751746, 0.0, 0.8545287501131095, 0.3528049626349655, 4,5, 4
0.13669926162442625, 0.0, 0.8511543191077153, 0.4773948413639843, 7,9, 7
0.13237544069713297, 0.0, 0.8779906967628383, 0.4307687254247741, 9,9, 9
0.15266413889443226, 0.0, 0.856814395289033, 0.3853668407120132, 7,7, 7
0.2290959888245859, 0.0, 0.7807950148433236, 0.26304735405693935, 5,6, 5
0.18392869021486064, 0.0, 0.7987931757191568, 0.2929496405391182, 6,6, 6
0.13703186323421807, 0.0, 0.8561789471708535, 0.42774850067760606, 4,5, 4
0.17175547129648108, 0.0, 0.8157064910860199, 0.31673109498159746, 4,4, 4
0.19330805561098915, 0.0, 0.8269465768690218, 0.3410225436487936, 3,3, 3
0.19330805561098915, 0.0, 0.7898047600564782, 0.3170967894746999, 8,8, 8
0.20574735581720216, 0.0, 0.7881484090579433, 0.2963061067232154, 7,7, 7
0.1731523980576066, 0.0, 0.8065430187217923, 0.3747720220771821, 8,8, 8
0.17534756868223242, 0.0, 0.8403492401298963, 0.3612864464566297, 7,7, 7
0.17634537351160778, 0.0, 0.8180000103880231, 0.3401943998990618, 8,9, 8
0.16024745559768508, 0.0, 0.8497399392556649, 0.3893330599154224, 9,9, 9
0.217787534091665, 0.0, 0.7716505256254655, 0.2932274691156729, 5,6, 5
0.19417281979644782, 0.0, 0.8472846206296871, 0.339559530797518, 9,9, 9
0.19477150269407303, 0.0, 0.8063503777404804, 0.3173633178662401, 5,5, 5
0.17834098317035854, 0.0, 0.8277292779708425, 0.32691349076867904, 7,7, 7
0.24685691478746757, 0.0, 0.7420082491039236, 0.26086871150080876, 6,6, 6
0.18938335661544603, 0.0, 0.8469967116000079, 0.34759486443886806, 8,8, 8
0.19124592563028006, 0.0, 0.8044188294640793, 0.3665304833133598, 7,7, 7
0.17548060932614915, 0.0, 0.7993285764718313, 0.39111659658438674, 6,6, 6
0.26940730393135104, 0.0, 0.734323371858763, 0.25279206240942315, 6,6, 6
0.205348233885452, 0.0, 0.7688075317760584, 0.3080726944818559, 8,8, 8
0.24705647575334264, 0.0, 0.7420360070169255, 0.2623803618599214, 5,5, 5
0.2458591099580922, 0.0, 0.7420782869818143, 0.27879359706797724, 9,9, 9
0.23887447615246457, 0.0, 0.7648600008735146, 0.2808760444274997, 7,7, 7
0.17421672320894033, 0.0, 0.8586112215935678, 0.39432399650577893, 7,7, 7
0.21279850994478813, 0.0, 0.774520820440231, 0.30921622745274513, 7,7, 7
0.24126920774296548, 0.0, 0.7462784293474428, 0.2988357231650916, 6,6, 6
0.16716556908135435, 0.0, 0.8453005709957765, 0.42495212515648395, 7,7, 7
0.2037517461584514, 0.0, 0.8205524237208164, 0.3673020931362756, 6,6, 6
0.19111288498636333, 0.0, 0.8204869069002335, 0.36502844398106943, 11,11, 11
0.21978314375041574, 0.0, 0.823082432323688, 0.328385790426854, 7,7, 7
0.2632209139892237, 0.0, 0.7242375206553191, 0.2717541583210611, 8,8, 8
0.26761125523847534, 0.0, 0.7160551095938557, 0.25766636750143523, 8,8, 8
0.3099847003259496, 0.0, 0.7103456292384827, 0.2427692835740397, 5,5, 5
0.2689416616776425, 0.0, 0.7131156435153119, 0.2582372773577493, 4,4, 4
0.26508348300405776, 0.0, 0.7466636226416796, 0.2820982797169583, 6,6, 6
0.3116477083749085, 0.0, 0.7110742639682818, 0.23760137136605167, 2,2, 2
0.27506153129781147, 0.0, 0.7179877934031664, 0.25409497818806975, 6,6, 6
0.2828444089669394, 0.0, 0.6995544910448078, 0.25539428676630327, 8,8, 8
0.31337723674582585, 0.0, 0.6909877794281004, 0.24093584527111273, 7,7, 7
0.28484001862569014, 0.0, 0.6927681307912035, 0.2668573733579157, 7,7, 7
0.27366460453668595, 0.0, 0.7392709159692444, 0.2696184860311864, 7,7, 7
0.25962881660347237, 0.0, 0.7748943671965808, 0.3005318629195405, 12,12, 12
0.24545998802634206, 0.0, 0.7414883593319967, 0.32635901707592446, 4,4, 4
0.2880995144016497, 0.0, 0.7171829611888512, 0.25664004934514856, 7,7, 7
0.30672520454999, 0.0, 0.6857843193811136, 0.24483680221506457, 4,4, 4
0.2871682298942327, 0.0, 0.6944611404689031, 0.25279020024372484, 4,4, 4
0.31477416350695137, 0.0, 0.6667752114385896, 0.24087564356465482, 5,5, 5
0.2909598882458591, 0.0, 0.6926362035860317, 0.2562965996274784, 6,6, 6
0.3244196101909133, 0.0, 0.6727729283953588, 0.23603438745290023, 7,7, 7
0.2694738242533094, 0.0, 0.7130840666747809, 0.26369499194197366, 5,5, 5
0.2956163107829442, 0.0, 0.6837125090222578, 0.24856321728469832, 6,6, 6
0.22856382624891905, 0.0, 0.7507205509193692, 0.2914606022470053, 8,9, 8
0.2513137763586776, 0.0, 0.7442049743171423, 0.32151363548734424, 4,5, 4
0.2983436439832369, 0.0, 0.6900264540099392, 0.2588416613612735, 2,2, 2
0.3304729594891239, 0.0, 0.6625141296701312, 0.2354808277690047, 7,7, 7
0.34098317035854453, 0.0, 0.656140021889205, 0.22681210592661127, 7,7, 7
0.3019357413689882, 0.0, 0.7023779714025378, 0.26213455772245753, 8,8, 8
0.3719816403911395, 0.0, 0.6367581974397755, 0.21514727701345307, 6,6, 6
0.3519590234816736, 0.0, 0.6584288347510538, 0.22257976682200772, 5,5, 5
0.2958823920707776, 0.0, 0.6844553874376733, 0.26660869368210893, 7,7, 7
0.3392536419876272, 0.0, 0.6469874639781109, 0.2260974340704404, 6,7, 6
0.3175014967072441, 0.0, 0.6790747429046448, 0.24825106438733585, 6,6, 6
0.3079890906671988, 0.0, 0.6850187980591226, 0.258086654076033, 5,5, 5
0.3242200492250383, 0.0, 0.6539185765638246, 0.2545996567408055, 7,8, 7
0.29515066852923566, 0.0, 0.681080374219826, 0.246842158160411, 7,7, 7
0.32821126854253974, 0.0, 0.6553790080815806, 0.2367339094686989, 7,8, 7
0.224838688219251, 0.0, 0.7977428933452124, 0.35884270806715646, 5,5, 5
0.3359941462116677, 0.0, 0.6501204605569276, 0.23048092964808578, 5,5, 5
0.2928889775826515, 0.0, 0.6823493095462596, 0.25115131875994623, 9,9, 9
0.34430918645646247, 0.0, 0.634620272629309, 0.22682980684052986, 7,7, 7
0.26441827978447413, 0.0, 0.7236445322816152, 0.2925540223922622, 5,5, 5
0.2682764584580589, 0.0, 0.708277222186055, 0.30971974483202336, 7,7, 7
0.3369254307190847, 0.0, 0.6307668778566304, 0.24157578999361512, 10,10, 10
0.3145746025410763, 0.0, 0.6671079747744867, 0.24572615933469816, 6,6, 6
0.346637397725005, 0.0, 0.6521095978354637, 0.24180556795520927, 7,7, 7
0.32674782145945586, 0.0, 0.6697769883206648, 0.23836338395879383, 8,8, 8
0.29794452205148675, 0.0, 0.7339068297640488, 0.272795189574991, 9,9, 9
0.28656954699660747, 0.0, 0.73240108764863, 0.28639186239372627, 5,5, 5
0.2688086210337258, 0.0, 0.7443817611130815, 0.3053423496275471, 6,6, 6
0.33060600013304065, 0.0, 0.655897430912342, 0.24462740850799375, 4,4, 4
0.3789662741967671, 0.0, 0.6201703165519578, 0.21750155632513352, 7,7, 7
0.34743564158850526, 0.0, 0.6628079545798495, 0.24498831362509318, 4,4, 4
0.35289030798909066, 0.0, 0.637180390861174, 0.22617766353706167, 3,4, 3
0.3225570411760793, 0.0, 0.6798436300805005, 0.24034848471941087, 8,8, 8
0.10975853123129116, 0.0, 0.8941559238087302, 0.4248114415186785, 0,0, 0
0.12798509944788133, 0.0, 0.862735287601286, 0.39527340487303775, 0,0, 0
0.1388944322490521, 0.0, 0.8901958596722146, 0.3892170097943682, 0,0, 0
0.100445686157121, 0.0, 0.9413878436100418, 0.5760857488968086, 2,3, 2
0.16297478879797778, 0.0, 0.8297499575396291, 0.3220014257915566, 4,6, 4
0.1401583183662609, 0.0, 0.8518510013492687, 0.3974653931700625, 3,6, 3
0.1683629348766048, 0.0, 0.830754809855344, 0.3214872315437566, 3,5, 3
0.10117740969866294, 0.0, 0.9260101032472667, 0.573985007475194, 2,5, 2
0.10543471030399787, 0.0, 0.8930922326207689, 0.527079506175558, 7,7, 7
0.12758597751613118, 0.0, 0.8571159054565046, 0.3646885697624798, 4,4, 4
0.11780749018825251, 0.0, 0.8699130916415466, 0.38875046887161224, 1,4, 1
0.13337324552650834, 0.0, 0.8863811105133231, 0.38625628617776414, 3,6, 3
0.14834031796713895, 0.0, 0.8571417845604578, 0.3910894101265698, 4,5, 4
0.16111221978314375, 0.0, 0.8395212452216821, 0.32889365041916924, 5,5, 5
0.09878267810816205, 0.0, 0.9000015148416551, 0.5804881680194335, 5,5, 5
0.14554646444488792, 0.0, 0.8500560907485395, 0.39963084828668277, 5,5, 5
0.13556841615113416, 0.0, 0.8782376697570488, 0.4120833265248367, 10,10, 10
0.1531963014700991, 0.0, 0.8449370015933779, 0.3025795243267725, 4,4, 4
0.14740903345972195, 0.0, 0.8341196917566807, 0.36937005051452965, 6,6, 6
0.1414222044834697, 0.0, 0.8512043026013232, 0.3815281332715705, 5,5, 5
0.1400252777223442, 0.0, 0.8718031290550791, 0.4059965047706692, 6,6, 6
0.16530300006652032, 0.0, 0.848509052648033, 0.36155398572578096, 5,5, 5
0.1828643650635269, 0.0, 0.829456152846284, 0.31024104045247447, 8,8, 8
0.1819330805561099, 0.0, 0.8069591045335482, 0.33333126618615516, 4,4, 4
0.20754340451007783, 0.0, 0.8286068651593557, 0.2918668008561694, 6,6, 6
0.20987161577862037, 0.0, 0.8027947818131311, 0.28618709807254733, 9,9, 9
0.18938335661544603, 0.0, 0.8574465784445606, 0.35570320896384466, 6,6, 6
0.23242200492250384, 0.0, 0.7574237211321112, 0.24844958438604217, 10,10, 10
0.1868555843810284, 0.0, 0.8037821895744754, 0.2997197571497415, 4,4, 4
0.21233286769107962, 0.0, 0.7776063043017598, 0.2878349727759601, 5,5, 5
0.20401782744628483, 0.0, 0.7852542596148459, 0.340442292444843, 8,8, 8
0.16044701656356017, 0.0, 0.8677104265918656, 0.42296450219518794, 4,4, 4
0.20827512805161977, 0.0, 0.7872634174433576, 0.28642317116326593, 7,7, 7
0.22191179405308323, 0.0, 0.8094648009093888, 0.26732045517132014, 5,5, 5
0.24366393933346636, 0.0, 0.7818097719530586, 0.2605674949541106, 3,3, 3
0.16656688618372914, 0.0, 0.8347025878183624, 0.32457417761089763, 8,8, 8
0.22164571276524977, 0.0, 0.7932626188560877, 0.27624658061081125, 3,3, 3
0.21432847734983038, 0.0, 0.7825646690198101, 0.2845980535923275, 5,5, 5
0.21605800572074768, 0.0, 0.7574754441748861, 0.29468050842359456, 5,5, 5
0.17248719483802302, 0.0, 0.825356969702172, 0.3977589094146067, 8,8, 8
0.23621366327413024, 0.0, 0.7795634356941348, 0.27022774653267584, 10,10, 10
0.22477216789729262, 0.0, 0.7822897632371293, 0.3112136614264413, 6,6, 6
0.22078094857979114, 0.0, 0.7800756378666317, 0.28882096364393844, 6,6, 6
0.27140291359010177, 0.0, 0.7596256040966805, 0.25903428359311714, 5,5, 5
0.20973857513470365, 0.0, 0.7947522493206569, 0.3365840118012968, 6,6, 6
0.26654693008714164, 0.0, 0.7675836981577785, 0.24628070707303448, 4,4, 4
0.2103372580323289, 0.0, 0.777965284591047, 0.337206543277642, 6,6, 6
0.18918379564957094, 0.0, 0.7957134828439496, 0.37147296106620437, 10,10, 10
0.19703319364065722, 0.0, 0.8065825097887935, 0.36428072938499895, 8,8, 8
0.27958491319097983, 0.0, 0.7138338661702529, 0.24456265386308554, 7,7, 7
0.24180137031863233, 0.0, 0.7971815861725315, 0.315038055541163, 9,9, 9
0.21486063992549723, 0.0, 0.8103217957994038, 0.3520760845747653, 7,7, 7
0.28051619769839686, 0.0, 0.7275148524645992, 0.2488755069732151, 6,6, 6
0.23687886649371384, 0.0, 0.7806711716028457, 0.31293167344218875, 4,4, 4
0.2735315638927692, 0.0, 0.7243850728177739, 0.25146198865104763, 5,5, 5
0.2757932548393534, 0.0, 0.7322438636229974, 0.2570758091551458, 5,5, 5
0.27100379165835164, 0.0, 0.7564733239364396, 0.2721251570680566, 8,8, 8
0.22922902946850263, 0.0, 0.7628092952721076, 0.34650478062277446, 3,3, 3
0.2510476950708441, 0.0, 0.7443927463021671, 0.3007390686295502, 11,11, 11
0.27226767777556043, 0.0, 0.7252308898881212, 0.26817879351621865, 4,4, 4
0.25982837756934746, 0.0, 0.7213175291881694, 0.2656488635751172, 4,4, 4
0.30951905807224106, 0.0, 0.6896447285359301, 0.237035313493699, 5,5, 5
0.281846604137564, 0.0, 0.7138100284297901, 0.2639022386624626, 7,7, 7
0.2721346371316437, 0.0, 0.7205318475739192, 0.26623132927556203, 6,6, 6
0.2972127985099448, 0.0, 0.7352222270652545, 0.25482266407078596, 5,5, 5
0.2681434178141422, 0.0, 0.7630418790332436, 0.27848962652009734, 8,8, 8
0.2590966540278055, 0.0, 0.7187556788448853, 0.27363955109813487, 5,5, 5
0.25630280050555443, 0.0, 0.7216719116520199, 0.2725525094240807, 7,7, 7
0.31397591964345106, 0.0, 0.7085585559023403, 0.24048601129738884, 6,6, 6
0.31384287899953434, 0.0, 0.7108722302017826, 0.2366977358979879, 8,8, 8
0.29308853854852657, 0.0, 0.694106026098069, 0.25261024281501115, 7,7, 7
0.3153728464045766, 0.0, 0.6804786581850185, 0.23228564633218543, 9,9, 9
0.3120468303066587, 0.0, 0.7092761266035983, 0.25288866993434483, 5,5, 5
0.2970132375440697, 0.0, 0.7052534046837823, 0.27004304362337544, 6,6, 6
0.3196966673318699, 0.0, 0.6977856512325424, 0.246934134350633, 8,8, 8
0.30080489589569614, 0.0, 0.6935545353792043, 0.2547096488698415, 9,9, 9
0.2590966540278055, 0.0, 0.7706334475342742, 0.30455462407782524, 7,7, 7
0.2873677908601078, 0.0, 0.7355877396596555, 0.2690437839959194, 7,7, 7
0.31657021219982706, 0.0, 0.7042398372507682, 0.24199934590167754, 5,5, 5
0.29934144881261227, 0.0, 0.7217471136271014, 0.25644234949254097, 6,6, 6
0.301337058471363, 0.0, 0.7147583489379058, 0.27299476215322105, 4,4, 4
0.25969533692543073, 0.0, 0.7805482062140098, 0.3396738889208497, 9,9, 9
0.3006718552517794, 0.0, 0.7164301483900534, 0.2631944025765787, 7,7, 7
0.3222244395662875, 0.0, 0.6803508880296064, 0.2530182489109758, 4,4, 4
0.29694671722211136, 0.0, 0.7366997815890826, 0.26502230152800943, 6,6, 6
0.2796514335129382, 0.0, 0.7585188796401092, 0.29184105412915995, 6,6, 6
0.25962881660347237, 0.0, 0.7710990152542041, 0.29160153876050127, 6,6, 6
0.2983436439832369, 0.0, 0.6992107661912061, 0.25836146684205336, 6,6, 6
0.2737976451806027, 0.0, 0.7143659410866003, 0.27551902240064996, 7,7, 7
0.3075899687354487, 0.0, 0.687885247099327, 0.27617955477089867, 5,5, 5
0.3228231224639127, 0.0, 0.7033733348774532, 0.25144230093737824, 6,6, 6
0.3396527639193774, 0.0, 0.6706214404871536, 0.24294230406806774, 8,8, 8
0.2884321160114415, 0.0, 0.7046185813987986, 0.3045340004288943, 6,6, 6
0.2984766846271536, 0.0, 0.6946093329579515, 0.2726058775492314, 3,3, 3
0.290760327279984, 0.0, 0.6890836718263667, 0.2704367351138102, 8,8, 8
0.29880928623694536, 0.0, 0.6978549752139456, 0.2676310304656203, 8,8, 8
0.3144415618971596, 0.0, 0.6744081760575112, 0.2499086395540753, 2,2, 2
0.31803365928291094, 0.0, 0.682569231281835, 0.26410742339001475, 3,5, 3
0.2925563759728597, 0.0, 0.6864822146334231, 0.26376683493704367, 7,7, 7
0.2851060999135236, 0.0, 0.6969006446740739, 0.26428824071058427, 6,6, 6
0.3108494645114082, 0.0, 0.683860174312014, 0.25397602006677855, 6,6, 6
0.0991818000399122, 0.0, 0.9261576831513573, 0.3908247807825952, 0,0, 0
0.10011308454732921, 0.0, 0.8995861158411655, 0.5599232239165515, 0,0, 0
0.10077828776691279, 0.0, 0.8799968786530059, 0.5472770990281242, 0,0, 0
0.15006984633805628, 0.0, 0.8429604947788302, 0.3815508925535647, 2,5, 2
0.1517993747089736, 0.0, 0.8374011002655313, 0.3807750588336692, 4,7, 4
0.09878267810816205, 0.0, 0.9000015148416551, 0.5784426182121686, 7,11, 7
0.09878267810816205, 0.0, 0.9000015148416551, 0.581192435609205, 6,8, 6
0.10350562096720548, 0.0, 0.8769033008398673, 0.534004339878971, 2,6, 2
0.09904875939599547, 0.0, 0.8938837418790088, 0.5734816500785416, 2,5, 2
0.15599015499235017, 0.0, 0.855708130639862, 0.3164239178542377, 3,8, 3
0.13610057872680104, 0.0, 0.8585890581127532, 0.4105020085837754, 7,7, 7
0.09998004390341249, 0.0, 0.898652318017048, 0.5624930453056276, 8,8, 8
0.15918313044635135, 0.0, 0.8325004860905897, 0.35636812644777277, 10,10, 10
0.10024612519124593, 0.0, 0.88033626681359, 0.5599272152334683, 10,10, 10
0.1530632608261824, 0.0, 0.8305511469156088, 0.3610275945209942, 5,5, 5
0.21452803831570544, 0.0, 0.770130085905285, 0.2591537223239264, 7,7, 7
0.14880596022084747, 0.0, 0.8421441593735693, 0.3654598916924634, 6,6, 6
0.1334397658484667, 0.0, 0.8616926325416633, 0.45514988438299686, 7,7, 7
0.1937071775427393, 0.0, 0.7936163305350701, 0.29267041131750215, 6,6, 6
0.18419477150269406, 0.0, 0.821745354311079, 0.2895583493042865, 7,7, 7
0.16862901616443823, 0.0, 0.8178763602035514, 0.31837619383822413, 10,10, 10
0.12146610789596221, 0.0, 0.8617720355737661, 0.4835225697658129, 7,7, 7
0.1498702853721812, 0.0, 0.850590123830896, 0.4126161604388095, 6,6, 6
0.22111355018958292, 0.0, 0.7729387937830597, 0.2703620413271635, 7,7, 7
0.1734849996673984, 0.0, 0.8515333905025081, 0.3394412049597479, 5,5, 5
0.23774363067917248, 0.0, 0.7750234985599681, 0.25385629510504665, 9,9, 9
0.17973790993148406, 0.0, 0.818894187194919, 0.34361205852877097, 8,8, 8
0.2104702986762456, 0.0, 0.7914796877759173, 0.29235615947941646, 10,10, 10
0.2074103638661611, 0.0, 0.788455700012777, 0.28489669912344295, 3,3, 3
0.17867358478015033, 0.0, 0.81628416260638, 0.37337758403828714, 7,7, 7
0.1881194704982372, 0.0, 0.8166237451108713, 0.3399988410305118, 8,8, 8
0.25038249185126055, 0.0, 0.7341560936359892, 0.25483839448126644, 9,9, 9
0.20049225038249185, 0.0, 0.7985947982925435, 0.31554341270466324, 5,5, 5
0.17228763387214793, 0.0, 0.8247596422251988, 0.39817391103838334, 5,5, 5
0.2251047695070844, 0.0, 0.7828888624623687, 0.2837805308476092, 6,6, 6
0.23016031397591966, 0.0, 0.7565816314765218, 0.2785591311583475, 8,8, 8
0.23814275261092263, 0.0, 0.7553803637293202, 0.2788118038350782, 6,6, 6
0.2021552584314508, 0.0, 0.799789856880039, 0.29405888715596457, 7,7, 7
0.24319829707975787, 0.0, 0.7707196538882626, 0.2767053560188207, 10,10, 10
0.24858644315838488, 0.0, 0.7621121187182643, 0.28205135842513046, 7,7, 7
0.24432914255304997, 0.0, 0.7684357746222393, 0.26986379872218724, 4,4, 4
0.26149138561830637, 0.0, 0.7679024491789724, 0.27087955690148635, 9,9, 9
0.24725603671921773, 0.0, 0.7686826959250829, 0.2689846444242048, 6,6, 6
0.23082551719550323, 0.0, 0.7710091855576438, 0.2802788862495335, 8,8, 8
0.24685691478746757, 0.0, 0.7449359601682971, 0.2800872972121457, 5,5, 5
0.1983636000798244, 0.0, 0.8022353717738039, 0.36545931331156517, 5,5, 5
0.23461717554712966, 0.0, 0.756038277611125, 0.3017433522221691, 5,5, 5
0.25517195503226237, 0.0, 0.7380061416939045, 0.2750467924504942, 11,11, 11
0.2543071908468037, 0.0, 0.7342652127492185, 0.25457273133195213, 8,8, 8
0.20913989223707843, 0.0, 0.8167287492916807, 0.3483354497324237, 10,10, 10
0.21452803831570544, 0.0, 0.8146541371343795, 0.30732743943793045, 8,8, 8
0.25703452404709637, 0.0, 0.7791549115438474, 0.2751010686591518, 7,7, 7
0.19417281979644782, 0.0, 0.7926471976834368, 0.37666735190888523, 10,10, 10
0.296880196900153, 0.0, 0.7261375726826205, 0.24306006388430826, 7,7, 7
0.26495044236014104, 0.0, 0.7298301413571354, 0.2691851461058191, 9,9, 9
0.26694605201889177, 0.0, 0.7215940300213889, 0.26089569138378943, 6,6, 6
0.25404110955897025, 0.0, 0.7263704022737193, 0.2706787299822897, 10,10, 10
0.23255504556642054, 0.0, 0.759657238070493, 0.28714186049864776, 6,6, 6
0.21386283509612186, 0.0, 0.7841929944231646, 0.30738025719427925, 5,5, 5
0.2264351759462516, 0.0, 0.7731622271636818, 0.30345914669961066, 6,6, 6
0.2678773365263088, 0.0, 0.722931704517829, 0.27172591618379305, 6,6, 6
0.263087873345307, 0.0, 0.7210187033109469, 0.26159260931361084, 5,5, 5
0.2626222310915985, 0.0, 0.7187057958296886, 0.2691647215284803, 9,9, 9
0.31484068382890973, 0.0, 0.6728811818580311, 0.23229239117545622, 4,4, 4
0.2666799707310583, 0.0, 0.7339239049275424, 0.2722821590087526, 9,9, 9
0.27732322224439565, 0.0, 0.709071265365797, 0.2657285463245886, 10,10, 10
0.25011641056342715, 0.0, 0.7312785138519073, 0.29199312905306746, 8,8, 8
0.2418678906405907, 0.0, 0.7486017654473094, 0.33269123909890186, 8,8, 8
0.27685757999068716, 0.0, 0.7047156773776743, 0.25920571215894583, 9,9, 9
0.2882990753675248, 0.0, 0.7025461847614409, 0.2752534961844884, 7,7, 7
0.25457327213463715, 0.0, 0.7152258785012197, 0.27866700211214535, 7,7, 7
0.30020621299807093, 0.0, 0.6905559208133123, 0.2566306395308002, 3,3, 3
0.3021353023348633, 0.0, 0.6679657603977625, 0.23292495162973786, 9,9, 9
0.33665934943125125, 0.0, 0.6604755768614283, 0.23306999978076384, 3,3, 3
0.3090534158185326, 0.0, 0.6821151137486349, 0.2615727007189099, 4,4, 4
0.33014035787933216, 0.0, 0.6515357846558547, 0.23140768122058955, 4,4, 4
0.2826448480010643, 0.0, 0.6965580286782199, 0.2594685997164702, 4,4, 4
0.3196966673318699, 0.0, 0.6616259391759617, 0.24151982404200686, 7,7, 7
0.3185658218585778, 0.0, 0.6721503185924798, 0.23825478106265455, 6,6, 6
0.23581454134238009, 0.0, 0.7640935475993677, 0.31832311897835314, 10,10, 10
0.24146876870884054, 0.0, 0.7570230050401838, 0.31492128749345594, 8,8, 8
0.2926228962948181, 0.0, 0.7051674693083605, 0.2789792505704469, 8,8, 8
0.2546397924565955, 0.0, 0.7251629703049044, 0.29802551963864593, 10,10, 10
0.36586177077097054, 0.0, 0.629864866699159, 0.219724388490924, 6,6, 6
0.2741967671123528, 0.0, 0.7038997155724903, 0.2657222941708858, 10,10, 10
0.33745759329475156, 0.0, 0.6710344352548422, 0.24289549734783009, 7,7, 7
0.31783409831703585, 0.0, 0.6840427302758713, 0.2426498394734805, 3,3, 3
0.3017361804031132, 0.0, 0.6795018172264978, 0.25363637862383187, 7,7, 7
0.3459721945054214, 0.0, 0.6518881641543633, 0.22877269424741187, 7,7, 7
0.33792323554846004, 0.0, 0.6393491027804914, 0.23357904892572676, 9,9, 9
0.31237943191645046, 0.0, 0.6719712905385503, 0.265158381133223, 6,6, 6
0.3055278387547396, 0.0, 0.6776795569439663, 0.2876580142336026, 7,7, 7
0.330672520454999, 0.0, 0.6497701692262777, 0.2344976231533481, 5,5, 5
0.2989423268808621, 0.0, 0.6910671211871194, 0.28624978101006987, 10,10, 10
0.32069447216124525, 0.0, 0.6709192702117531, 0.24621693914580617, 3,5, 3
0.2949511075633606, 0.0, 0.6810920312789217, 0.2657309705978999, 10,10, 10
0.3240204882591632, 0.0, 0.6583492191366754, 0.2672923940328756, 9,9, 9
0.3161045699461185, 0.0, 0.6725087518398872, 0.2708593628681662, 7,8, 7
0.3304729594891239, 0.0, 0.6496850867268141, 0.2577726803494946, 5,5, 5
0.346637397725005, 0.0, 0.6500208901444584, 0.23875014753638563, 3,3, 3
0.3256169759861638, 0.0, 0.6673092756189435, 0.2510542494083891, 11,11, 11
0.09239672720015965, 0.0, 0.9023566008494107, 0.4244071103740961, 0,0, 0
0.09878267810816205, 0.0, 0.8928646428695238, 0.5580073558652148, 0,0, 0
0.0996474422936207, 0.0, 0.9424463317291131, 0.5861865952805402, 0,0, 0
0.1669660081154793, 0.0, 0.8751791355127895, 0.3430213871712357, 2,5, 2
0.10024612519124593, 0.0, 0.8807368469725193, 0.5129071097348886, 4,10, 4
0.11993614049091998, 0.0, 0.8792710052459728, 0.3994454229478388, 2,5, 2
0.10323953967937205, 0.0, 0.8920118918057135, 0.5356665973564635, 4,6, 4
0.0996474422936207, 0.0, 0.9424463317291131, 0.5885578471092419, 5,7, 5
0.09904875939599547, 0.0, 0.8962982717935388, 0.569808126830236, 6,7, 6
0.10390474289895563, 0.0, 0.9209515349671554, 0.5096061973944821, 7,7, 7
0.1369653429122597, 0.0, 0.8930713164974725, 0.47542175496449524, 8,10, 8
0.09991352358145414, 0.0, 0.926430848539675, 0.583319276370341, 6,6, 6
0.16969334131577196, 0.0, 0.8238179933812347, 0.3757754511213426, 7,7, 7
0.13077895297013237, 0.0, 0.8584140974738139, 0.4834376464715622, 8,8, 8
0.17900618638994212, 0.0, 0.8673665950240134, 0.3362724112234904, 7,7, 7
0.1009113284108295, 0.0, 0.92623042105644, 0.5851099286913712, 7,7, 7
0.1430186922104703, 0.0, 0.8621722800370095, 0.40824131013595566, 7,7, 7
0.15858444754872614, 0.0, 0.8244632192249699, 0.4045405100935611, 4,4, 4
0.18027007250715094, 0.0, 0.8162751904873883, 0.32161378768313525, 7,7, 7
0.16636732521785405, 0.0, 0.8525851746273658, 0.40569561829185213, 3,3, 3
0.16450475620302002, 0.0, 0.8458919211055641, 0.34922375969168, 4,4, 4
0.1584514069048094, 0.0, 0.850118693684895, 0.38267626144809336, 5,5, 5
0.16703252843743763, 0.0, 0.8151536608973831, 0.39047696492649053, 4,4, 4
0.18712166566886185, 0.0, 0.7999639041220226, 0.30670730566297516, 6,6, 6
0.17973790993148406, 0.0, 0.8044669452353207, 0.3715039217916202, 6,6, 6
0.16510343910064526, 0.0, 0.8406321015341705, 0.38356137899730974, 9,9, 9
0.17275327612585645, 0.0, 0.8387087036292223, 0.3378524275091644, 6,6, 6
0.197365795250449, 0.0, 0.8234415773372568, 0.36681033233927324, 6,6, 6
0.20867424998336992, 0.0, 0.8091026177076621, 0.3098135094157992, 6,6, 6
0.17581321093594093, 0.0, 0.811917966961665, 0.3614181489829125, 9,9, 9
0.19996008780682498, 0.0, 0.7848382898217394, 0.27879765000434487, 8,8, 8
0.22251047695070844, 0.0, 0.7833740875145269, 0.2807513691913192, 6,6, 6
0.19583582784540676, 0.0, 0.8558347825324423, 0.3246337594412953, 11,11, 11
0.20355218519257634, 0.0, 0.7972472251682738, 0.32993220933573325, 7,7, 7
0.17222111355018957, 0.0, 0.8171686462805198, 0.40426195889503447, 7,7, 7
0.1876538282445287, 0.0, 0.8222268351015649, 0.37579514964369687, 8,8, 8
0.22670125723408502, 0.0, 0.7733782125385434, 0.272822489748887, 5,5, 5
0.23714494778154727, 0.0, 0.7373020432930203, 0.262724857046636, 8,8, 8
0.23135767977117008, 0.0, 0.7421972658228572, 0.2670328874260135, 5,5, 5
0.21140158318366262, 0.0, 0.7681880906344755, 0.30916690537154573, 9,9, 9
0.2451939067385086, 0.0, 0.7845156787495743, 0.2791368826071751, 6,6, 6
0.21239938801303798, 0.0, 0.7781957906033803, 0.33408813256341896, 6,6, 6
0.16097917913922705, 0.0, 0.848193384226913, 0.39058213994726126, 10,10, 10
0.233752411361671, 0.0, 0.7563734896708653, 0.27750056679974533, 7,7, 7
0.20082485199228364, 0.0, 0.8457571030675483, 0.3480703488793148, 8,8, 8
0.1863899421273199, 0.0, 0.8144757198916233, 0.37653178152322825, 5,5, 5
0.26681301137497504, 0.0, 0.7479799290093061, 0.25217070305908673, 5,5, 5
0.2646178407503492, 0.0, 0.7605149967525761, 0.25861797573723794, 6,6, 6
0.23222244395662875, 0.0, 0.7604743209261244, 0.26730727851309993, 7,7, 7
0.22836426528304396, 0.0, 0.7454456839235246, 0.28876828743935073, 6,6, 6
0.26375307656489055, 0.0, 0.745684853908059, 0.2549651593041688, 7,7, 7
0.22124659083349962, 0.0, 0.7840653078916107, 0.31689065643307956, 3,3, 3
0.26441827978447413, 0.0, 0.7203613579044696, 0.2668489653498005, 11,11, 11
0.21512672121333068, 0.0, 0.8048979509168405, 0.3544379006478162, 4,4, 4
0.22031530632608262, 0.0, 0.7777986552413683, 0.33282869180191565, 6,6, 6
0.2200492250382492, 0.0, 0.7818379649842341, 0.34770560403858647, 5,5, 5
0.29934144881261227, 0.0, 0.7383852614613123, 0.24133860412869024, 5,5, 5
0.21745493248187323, 0.0, 0.829380048862119, 0.3632265415218813, 7,7, 7
0.2698729461850595, 0.0, 0.7342616934459744, 0.26670090996088974, 8,8, 8
0.2129980709106632, 0.0, 0.773248451541683, 0.30350503008241075, 10,10, 10
0.3051952371449478, 0.0, 0.7191183473529198, 0.24600330444993884, 4,4, 4
0.29248985565090135, 0.0, 0.7030452542097271, 0.24797586650377684, 6,6, 6
0.22204483469699993, 0.0, 0.7947290950799206, 0.34957065383742325, 10,10, 10
0.23914055744029802, 0.0, 0.774602478520627, 0.29152353436425854, 6,6, 6
0.2467903944655092, 0.0, 0.7600003570104142, 0.29917529126437525, 5,5, 5
0.25337590633938667, 0.0, 0.7324828105870327, 0.2801091952062806, 8,8, 8
0.25424067052484534, 0.0, 0.7317491207057287, 0.2860862642540096, 5,6, 5
0.2878999534357746, 0.0, 0.7547154988836304, 0.2723762531865177, 4,4, 4
0.25197897957826115, 0.0, 0.7610812715125951, 0.3149000783477218, 3,3, 3
0.18266480409765185, 0.0, 0.8159671368814108, 0.41285377795303796, 7,7, 7
0.2450608660945919, 0.0, 0.7542131083706317, 0.31605317550868944, 7,7, 7
0.2908268476019424, 0.0, 0.7020939484443456, 0.2501058528110188, 4,4, 4
0.3379897558704184, 0.0, 0.673097558245987, 0.23156158051179357, 8,8, 8
0.21625756668662277, 0.0, 0.8081793399719294, 0.3786347336112691, 7,7, 7
0.20747688418811946, 0.0, 0.8044591822800276, 0.3651601798532606, 8,8, 8
0.28098183995210535, 0.0, 0.731368544506548, 0.27882735287116484, 7,7, 7
0.2802501164105634, 0.0, 0.7745451763528146, 0.2775778823576687, 3,3, 3
0.26441827978447413, 0.0, 0.7170689987770592, 0.27263072564429774, 7,7, 7
0.2500498902414688, 0.0, 0.7666924933193832, 0.3042804864355769, 4,4, 4
0.23388545200558772, 0.0, 0.7566697300276739, 0.3411385046746699, 10,10, 10
0.2442626222310916, 0.0, 0.7582987697216775, 0.32704643989989435, 4,4, 4
0.3123129115944921, 0.0, 0.6743465833961375, 0.24626667704963365, 4,4, 4
0.2949511075633606, 0.0, 0.6981574762306758, 0.2502949763271917, 8,8, 8
0.3194971063659948, 0.0, 0.6919096367560913, 0.23037491722247277, 3,4, 3
0.27705714095656225, 0.0, 0.7331411342144429, 0.2665588402859856, 9,9, 9
0.327878666932748, 0.0, 0.6747114752580694, 0.2356677336027256, 6,6, 6
0.2625557107696401, 0.0, 0.7480451641667653, 0.29908275978491033, 9,9, 9
0.2442626222310916, 0.0, 0.7543566144984921, 0.3234373107790562, 5,5, 5
0.27938535222510474, 0.0, 0.759162919107387, 0.28352669948767717, 5,5, 5
0.27020554779485134, 0.0, 0.746413156919738, 0.27840693701106184, 10,10, 10
0.29308853854852657, 0.0, 0.6925646864992355, 0.27524706338599253, 5,5, 5
0.30220182265682166, 0.0, 0.6784698800540769, 0.23997052879271713, 9,9, 9
0.3169028138096188, 0.0, 0.6765433335615745, 0.2629296577348546, 6,6, 6
0.30991818000399124, 0.0, 0.6755277971147491, 0.2794062820532166, 4,4, 4
0.2989423268808621, 0.0, 0.6929710008210155, 0.2891408726722523, 5,5, 5
0.30486263553515597, 0.0, 0.6779137791567584, 0.25075675550253007, 8,8, 8
0.3434444222710038, 0.0, 0.6492146972969108, 0.241064101725194, 8,8, 8
0.3418479345440032, 0.0, 0.6519531825811617, 0.2482004576836287, 5,5, 5
0.327878666932748, 0.0, 0.6681776954801122, 0.24677518067551485, 7,7, 7
0.35102773897425665, 0.0, 0.6513553084485474, 0.2328248931893827, 8,8, 8
0.34357746291492053, 0.0, 0.669015894472953, 0.2388670933380774, 9,9, 9
0.0964544668396195, 0.0, 0.9040489633444458, 0.40304681462179537, 0,0, 0
0.1136832302268343, 0.0, 0.8880124737667479, 0.40157373781118044, 0,0, 0
0.0988491984301204, 0.0, 0.89993657977672, 0.5849823056545467, 0,0, 0
0.09904875939599547, 0.0, 0.8938837418790088, 0.5777596415176842, 1,5, 1
0.09904875939599547, 0.0, 0.8938837418790088, 0.5801040962039123, 3,6, 3
0.1462116676644715, 0.0, 0.852695405486153, 0.37845480641100465, 6,8, 6
0.13862835096121864, 0.0, 0.8504398615330969, 0.3193673592698692, 2,5, 2
0.13862835096121864, 0.0, 0.8723116760384264, 0.3823128626062027, 4,9, 4
0.11315106765116743, 0.0, 0.8886578122035307, 0.4465683524865707, 11,11, 11
0.09904875939599547, 0.0, 0.8938837418790088, 0.5767348539120105, 5,8, 5
0.09878267810816205, 0.0, 0.9000015148416551, 0.5812028863359489, 7,7, 7
0.09991352358145414, 0.0, 0.9273376082964652, 0.5894572288785609, 8,8, 8
0.0996474422936207, 0.0, 0.9424463317291131, 0.5888713369298209, 5,5, 5
0.15293022018226568, 0.0, 0.8765295813502586, 0.4112217974010282, 7,7, 7
0.16031397591964344, 0.0, 0.8322181328333298, 0.3520601150442741, 6,6, 6
0.11148805960220848, 0.0, 0.8839788658780431, 0.4619012594713245, 4,4, 4
0.15140025277722344, 0.0, 0.8466931142162147, 0.37606528211713774, 8,8, 8
0.18525909665402782, 0.0, 0.8034240075136598, 0.2837210449007424, 5,5, 5
0.14827379764518062, 0.0, 0.849439260538725, 0.38202791717995843, 8,8, 8
0.14667730991818, 0.0, 0.8728771089010707, 0.4443860370412949, 7,7, 7
0.15552451273864165, 0.0, 0.8275536148947136, 0.40198456667556554, 5,5, 5
0.1992948845872414, 0.0, 0.7711713153280435, 0.2717863493042125, 7,7, 7
0.1704250648573139, 0.0, 0.871417028318422, 0.3929532532487409, 8,8, 8
0.1820661212000266, 0.0, 0.823422737658769, 0.327257548290738, 8,8, 8
0.17355151998935675, 0.0, 0.8049029254672705, 0.3299079707318423, 6,6, 6
0.1770105767311914, 0.0, 0.8041351568318826, 0.35358905310666244, 7,7, 7
0.16995942260360541, 0.0, 0.8131430310651869, 0.3278318161385564, 9,9, 9
0.2085412093394532, 0.0, 0.7931381410894199, 0.28657504954975765, 7,7, 7
0.22490520854120935, 0.0, 0.7718386460768093, 0.28595737153705, 5,5, 5
0.18539213729794451, 0.0, 0.8139639519360118, 0.3292289668618564, 7,7, 7
0.24885252444621833, 0.0, 0.7862231702260312, 0.2559350631442647, 5,5, 5
0.22776558238541875, 0.0, 0.7901720363650594, 0.2911754367139739, 6,6, 6
0.22284307856050023, 0.0, 0.8248832630469808, 0.28840896241708464, 9,9, 9
0.1913124459522384, 0.0, 0.8119660651590653, 0.3058546966903305, 6,6, 6
0.21818665602341517, 0.0, 0.7900291375338604, 0.2710525508014605, 8,8, 8
0.2214461517993747, 0.0, 0.8131803966176249, 0.3035498859897255, 6,6, 6
0.21146810350562098, 0.0, 0.7772888354291418, 0.31455717342084755, 10,10, 10
0.2070777622563693, 0.0, 0.7789605582224791, 0.2908850341545991, 5,5, 5
0.2253043304729595, 0.0, 0.7851578972415656, 0.2887972536937982, 3,3, 3
0.2547728331005122, 0.0, 0.756932304186924, 0.26913666535730946, 4,4, 4
0.23408501297146278, 0.0, 0.7824305076475973, 0.27546569950476796, 8,8, 8
0.17814142220448348, 0.0, 0.8500165062827721, 0.38506207935178355, 9,9, 9
0.2356815006984634, 0.0, 0.8149816498988359, 0.29238291911155473, 4,4, 4
0.2362801835960886, 0.0, 0.7597917881482731, 0.310502462574585, 5,5, 5
0.20867424998336992, 0.0, 0.7805849671056252, 0.2803662018715679, 7,7, 7
0.21106898157387083, 0.0, 0.787106333406464, 0.2901598810751766, 7,7, 7
0.25151333732455267, 0.0, 0.7859204141096907, 0.26326094934936667, 6,6, 6
0.23508281780083815, 0.0, 0.770994971135575, 0.2894369328120966, 6,6, 6
0.19982704716290828, 0.0, 0.8128091117019729, 0.3233228201239402, 5,5, 5
0.25503891438834564, 0.0, 0.7348374591306458, 0.25808883014401657, 6,6, 6
0.20860772966141156, 0.0, 0.8267828234884209, 0.32043591375745867, 7,7, 7
0.20787600611986962, 0.0, 0.7895896642982155, 0.3040257894160961, 4,4, 4
0.24353089868954966, 0.0, 0.7831457801817185, 0.2806586213732901, 8,8, 8
0.22284307856050023, 0.0, 0.7848203391555013, 0.28534060008532425, 7,7, 7
0.2685425397458924, 0.0, 0.7171712671265658, 0.2601278914850034, 6,6, 6
0.19942792523115813, 0.0, 0.7965476315453772, 0.3242344823571612, 8,8, 8
0.22902946850262756, 0.0, 0.7714217268036765, 0.33570746828419673, 4,4, 4
0.2394731590500898, 0.0, 0.7647151330294019, 0.31962189114088796, 6,6, 6
0.22124659083349962, 0.0, 0.7656887659139407, 0.31850698400971994, 10,10, 10
0.2873677908601078, 0.0, 0.7430705389073282, 0.24659611904925366, 6,6, 6
0.25623628018359607, 0.0, 0.7551732576330589, 0.26555765912418067, 7,7, 7
0.28131444156189717, 0.0, 0.7287558018257801, 0.2667448664771136, 6,6, 6
0.2469899554313843, 0.0, 0.7580747451629724, 0.2885384719347601, 8,8, 8
0.29435242466573536, 0.0, 0.6966907896886848, 0.24596816925294315, 8,8, 8
0.272932880995144, 0.0, 0.7623679933751906, 0.26699065322450183, 9,9, 9
0.2635535155990155, 0.0, 0.7360398622630723, 0.29366294814160426, 6,6, 6
0.2926228962948181, 0.0, 0.7315606497395251, 0.27515154104718414, 5,5, 5
0.2545067518126788, 0.0, 0.7233109686282155, 0.2886058158684214, 9,9, 9
0.23641322424000533, 0.0, 0.770972435465914, 0.3202041269521026, 9,9, 9
0.22636865562429323, 0.0, 0.7480768426055278, 0.30975421833210376, 6,6, 6
0.2555045566420541, 0.0, 0.778177160788198, 0.29247687457260346, 9,9, 9
0.3125124725603672, 0.0, 0.6954443091438651, 0.22875850745178503, 8,8, 8
0.3219583582784541, 0.0, 0.7044373889237311, 0.2473011793835343, 8,8, 8
0.2600279385352225, 0.0, 0.723362556744828, 0.2741632700797368, 6,6, 6
0.24053748420142354, 0.0, 0.8075431080223678, 0.34963531818031796, 6,6, 6
0.22404044435575068, 0.0, 0.7587803515651612, 0.32884964620030827, 6,6, 6
0.29388678241202687, 0.0, 0.7023427364216377, 0.2373541188648815, 8,8, 8
0.32455265083483004, 0.0, 0.6548494101679124, 0.23012425919800963, 6,6, 6
0.23142420009312845, 0.0, 0.7450240155088594, 0.3036974483847009, 10,10, 10
0.27832102707377104, 0.0, 0.7064694759834218, 0.2609274084939251, 7,7, 7
