acuracia,loss,frr,fpr, removed, n_clf, tp_removed
0.09825051553249518, 2.3036959122288754, 0.8944041643372586, 0.40467750686587217, 0,0, 0
0.21525976185724738, 2.133749644921099, 0.8082438020289254, 0.5198604720745247, 0,0, 0
0.45000997804829374, 1.6551044292226091, 0.669650789228749, 0.4248748141938375, 0,0, 0
0.5144681700259429, 1.5327850997932184, 0.6598405948900692, 0.41741100023567407, 2,6, 2
0.5639592895629615, 1.5528963321555616, 0.6197556197885692, 0.35440188552641766, 2,6, 2
0.5306991285837823, 1.475123488676748, 0.6560355400905182, 0.4138632399327826, 3,9, 3
0.614182132641522, 1.3240318928449912, 0.5804623363343553, 0.37173384188192116, 2,7, 2
0.6586842280316637, 1.3624648611090826, 0.5438004816675177, 0.3584734472437821, 2,8, 2
0.6491053016696601, 1.1933048902508665, 0.5237868751743782, 0.3571556593780995, 4,7, 4
0.6926761125523847, 1.1724399989191436, 0.479966631603133, 0.3349889498486202, 5,9, 5
0.6624758863832901, 1.0868931489118352, 0.5286408356400689, 0.3579012820498692, 4,4, 4
0.6758464710969201, 1.0329380886900603, 0.4914999284744894, 0.3469870021334224, 4,6, 4
0.7142286968668928, 0.9674007985977983, 0.46262403431071797, 0.2968560626121254, 4,4, 4
0.6825650236147143, 0.9660580403192547, 0.521291215392083, 0.3667605866969882, 8,10, 8
0.6991951041043039, 0.9575211807246861, 0.46263324166437153, 0.32910487475394207, 3,9, 3
0.6839619503758398, 0.9172622026525091, 0.4889920410967695, 0.3418993066212383, 4,5, 4
0.7327878666932748, 0.8803047974311468, 0.46312027504331055, 0.324853623342729, 8,10, 8
0.7045832501829309, 0.8937634712379307, 0.4898865530398849, 0.3427341032179831, 4,6, 4
0.7401716224306526, 0.883459186173682, 0.39589571003316143, 0.27914061134751117, 7,10, 7
0.729860972527107, 0.8572806063969076, 0.42245998534816354, 0.283176873774786, 2,4, 2
0.7357147608594425, 0.8376222955387335, 0.4109250719249647, 0.294196881130675, 2,8, 2
0.7093061930419743, 0.8366507495199649, 0.4381459209113747, 0.3173866901963927, 3,7, 3
0.7280649238342314, 0.8266351166970409, 0.4218835604956323, 0.32636574564575616, 3,8, 3
0.7506818333000732, 0.7984579922648729, 0.39526421721704064, 0.29359483136258147, 2,3, 2
0.74230027273332, 0.7887347472966058, 0.4160576857699393, 0.3039433409730897, 8,10, 8
0.7386416550256103, 0.8008144362546893, 0.4298574841810705, 0.3086474201204017, 3,6, 3
0.7550056542273664, 0.7897684170850832, 0.37162003248215575, 0.2877671280894956, 2,5, 2
0.7583981906472428, 0.7721848957611317, 0.3688880902652021, 0.28212312543220175, 2,4, 2
0.7722344176145812, 0.7901970455169769, 0.3607252902991287, 0.2891539840157807, 2,8, 2
0.7727665801902481, 0.768237936935038, 0.37922602480743284, 0.3029129396050952, 3,3, 3
0.7454932481873212, 0.7738441887011032, 0.4044388886859711, 0.31749923084068055, 2,7, 2
0.7260027938535223, 0.7934434640807657, 0.43625468576763604, 0.31898570600824544, 2,7, 2
0.7593294751546598, 0.7909058041930594, 0.3427877182389144, 0.27328890283738516, 2,9, 2
0.7756269540344575, 0.7429899167177113, 0.35619125769918336, 0.29352997657963853, 3,3, 3
0.7569347435641588, 0.7345613878984527, 0.34358582263261167, 0.27557139793433605, 5,7, 5
0.7812146610789596, 0.710344128246808, 0.33849962053762694, 0.2738414733284842, 7,8, 7
0.7798842546397925, 0.7250194608289146, 0.3283301924648081, 0.2641128286241685, 7,10, 7
0.7768908401516663, 0.7134737556442691, 0.3385592629829101, 0.2631111091033004, 5,5, 5
0.7896627419676712, 0.6762791325738282, 0.322249498552252, 0.2667972344346419, 2,3, 2
0.7989755870418412, 0.6686694178324767, 0.3133586479404466, 0.2518212709348073, 3,5, 3
0.7883988558504623, 0.6668170557509013, 0.33478498453679834, 0.27175064995878756, 6,8, 6
0.7926561564557972, 0.6986341207778679, 0.33438882906637635, 0.2664978881287011, 8,10, 8
0.7982438635002993, 0.6672226898219926, 0.3242079309872997, 0.2590334531095462, 7,7, 7
0.8023016031397592, 0.6652552795904035, 0.29959214305757514, 0.2501385797167213, 4,5, 4
0.7985764651100912, 0.6577541915189387, 0.3076297875265634, 0.25637643892710416, 5,6, 5
0.8078893101842612, 0.6527784836718455, 0.2975682793961246, 0.2480192100728891, 7,9, 7
0.7925896361338389, 0.6693202664595053, 0.31926753757274406, 0.2661026469870689, 4,6, 4
0.798376904144216, 0.646168734386969, 0.3119894559954323, 0.254461067270918, 7,7, 7
0.8051619769839686, 0.6407526438920907, 0.30203767832404727, 0.2580361900909815, 4,6, 4
0.8115479278919709, 0.6127804912171002, 0.2851623454725778, 0.2405780103090262, 7,7, 7
0.8084214727599282, 0.6108724579665843, 0.30329257543917215, 0.23829310967484474, 9,10, 9
0.8107496840284707, 0.6017644548648358, 0.2921755077043925, 0.23785044157308352, 2,3, 2
0.8159382691412227, 0.6126632712743205, 0.2815638189532723, 0.2361376295324544, 6,8, 6
0.8067584647109692, 0.6613353453191224, 0.29537073794243474, 0.24617401697163885, 5,8, 5
0.806891505354886, 0.632403035606702, 0.29709678066876516, 0.2587449212120315, 5,6, 5
0.8163373910729728, 0.6323818752419876, 0.2797569075504056, 0.24630437265797364, 7,9, 7
0.8142752610922637, 0.6091332611994837, 0.26753441172089915, 0.2405739988952329, 6,6, 6
0.8138096188385552, 0.632979315366012, 0.2925996188503141, 0.2464751048596644, 5,8, 5
0.8156721878533892, 0.640372590301515, 0.2791630390075264, 0.24747318094343085, 4,7, 4
0.815073504955764, 0.6131870874637382, 0.2891046401708996, 0.25358933004045814, 8,9, 8
0.8048293753741768, 0.6244624212213833, 0.29282776517926784, 0.2506316975217593, 3,5, 3
0.8168695536486397, 0.6096814792172774, 0.27754257091858003, 0.24288019910093703, 2,4, 2
0.815805228497306, 0.601068962499685, 0.26860804534331384, 0.23184499600887698, 8,9, 8
0.8138761391605135, 0.6077767214664768, 0.2858919701122455, 0.24188959896992268, 5,7, 5
0.8189982039513071, 0.6050535215455707, 0.27784269760132563, 0.23904112231641833, 3,8, 3
0.8134770172287634, 0.6299594305984909, 0.28767038536186645, 0.24367197440942426, 4,9, 4
0.8125457327213463, 0.6176420640439348, 0.2659156950936355, 0.2399360019754997, 5,7, 5
0.8136765781946385, 0.6145382705164835, 0.274975658103866, 0.24266079260056153, 6,7, 5
0.8144748220581388, 0.608995263607757, 0.2863675664674482, 0.2447267504376691, 7,8, 7
0.8220581387613916, 0.5945781996230052, 0.2681642280882163, 0.23958846065703449, 7,8, 7
0.8193973258830572, 0.5934096974917453, 0.2790037495339765, 0.2500210664177044, 2,4, 2
0.8192642852391405, 0.5824137723210195, 0.27375554411500536, 0.24449929547269672, 3,7, 3
0.8166699926827646, 0.6219790911725009, 0.2712512961451211, 0.24284553349476862, 2,7, 2
0.8176677975121399, 0.5990031629359568, 0.2747233297609071, 0.24647139152297293, 6,7, 6
0.8160713097851393, 0.6109427096725749, 0.27927662143923665, 0.25165932915220934, 3,6, 3
0.8116809685358877, 0.6263432872823557, 0.28756008941143185, 0.25425386695745966, 6,9, 6
0.8086875540477616, 0.6093754424522361, 0.2955826217950634, 0.25927028632128674, 3,6, 3
0.8151400252777223, 0.6010530331470472, 0.27669567564256825, 0.2430267343668267, 1,5, 1
0.8186656023415153, 0.6045791037864509, 0.27430597287904457, 0.23950998233456558, 1,4, 1
0.8116809685358877, 0.5905707352248292, 0.28797599141977676, 0.24963632692811846, 4,7, 4
0.8180669194438901, 0.5782226788425089, 0.26655591074827945, 0.24648501121422353, 3,5, 3
0.8125457327213463, 0.6249007121548766, 0.28179125689069706, 0.2491126464417844, 1,6, 1
0.8064923834231358, 0.6438387470208633, 0.2937286526640126, 0.261833028662212, 3,8, 3
0.8114148872480543, 0.6206696801059919, 0.28192690546803284, 0.2545032839850684, 1,4, 1
0.8142752610922637, 0.6083700791297829, 0.28955003031206616, 0.25715575757385395, 5,9, 5
0.8185325616975986, 0.5846370246346345, 0.267017794812494, 0.24247189103652883, 3,5, 3
0.8098183995210537, 0.5900194503582408, 0.30349699686569254, 0.25103591167285044, 6,7, 6
0.8180003991219318, 0.5764247775581953, 0.2776854114354281, 0.25259400396014803, 4,7, 4
0.8177343178340983, 0.581999947636562, 0.2712783931376837, 0.24348723383898335, 4,7, 4
0.8213264152198496, 0.5609425038024168, 0.26981565161430887, 0.24178148441945857, 6,7, 6
0.8236546264883922, 0.5695581204793797, 0.2611304893889611, 0.2349045156645969, 3,5, 3
0.8219250981174749, 0.5715192317116802, 0.2663288378847044, 0.23946247399401102, 3,5, 3
0.8240537484201423, 0.5561864586297746, 0.2624345900153861, 0.23528073517571657, 2,4, 2
0.8242533093860174, 0.5518775387398334, 0.26986967544346624, 0.23540790947799145, 4,6, 4
0.8219916184394332, 0.5487100576155944, 0.2684354376127564, 0.23619736763462854, 4,7, 4
0.8229229029468502, 0.560627569342437, 0.2660154734286921, 0.2360908073171851, 3,7, 3
0.8216590168296415, 0.5709728031906303, 0.27431581168994834, 0.256029166589168, 3,6, 3
0.8218585777955165, 0.5593116836025657, 0.27196818836420605, 0.2401765213773603, 6,8, 6
0.8238541874542673, 0.5401267044954523, 0.2576763034311037, 0.23670893641349686, 5,7, 5
0.8234550655225171, 0.5598280377872452, 0.2637786107969924, 0.2305667993600341, 3,6, 3
0.82212465908335, 0.5594053642578282, 0.26943878088234635, 0.243202892624363, 4,7, 4
0.10077828776691279, 2.303736140292966, 0.8944213325400786, 0.36684194226088074, 0,0, 0
0.22962815140025278, 2.14829457494493, 0.823962458307578, 0.41767384955323, 0,0, 0
0.3393866826315439, 1.9415243727519989, 0.7832614869668979, 0.5022293317918802, 0,0, 0
0.5107430319962749, 1.5872522149992248, 0.6775901812535376, 0.37610023187432184, 4,4, 4
0.5665535821193375, 1.4575937823900147, 0.5950291320078016, 0.3071981896179252, 3,7, 3
0.5548460054546664, 1.411941727255721, 0.6344583550821843, 0.428942416051363, 3,8, 3
0.6189715958225238, 1.4162021108922753, 0.5637905156049836, 0.3486614661761822, 4,10, 4
0.5507217454932481, 1.4201642754644122, 0.6143505776523311, 0.41444810091104023, 5,8, 5
0.5704117607929222, 1.2817564530416194, 0.5815848771430897, 0.3369602744649536, 4,5, 4
0.6389942127319896, 1.198822417189819, 0.5575550754261753, 0.3673436277091524, 8,8, 8
0.6363999201756136, 1.1485577381676384, 0.5559984073964395, 0.3728417526753368, 8,8, 8
0.6738508614381694, 1.065297552753708, 0.5021984749993651, 0.3063208917981644, 6,7, 6
0.6797711700924632, 1.0238777571752264, 0.49398757631075907, 0.34765731775482195, 8,9, 8
0.667464910530167, 1.0271986027556088, 0.47767217782832183, 0.3154723046742491, 4,4, 4
0.7288631676977316, 0.9590693899769025, 0.4520719919439811, 0.31667573456066744, 10,13, 10
0.6999268276458458, 0.9476361458895588, 0.49702489824769036, 0.362398638228763, 6,7, 6
0.7373112485864431, 0.911802650790333, 0.4504862149671498, 0.2923316481383196, 8,9, 8
0.7466906139825716, 0.8821205890965673, 0.4062148374082377, 0.2705180040364558, 4,5, 4
0.735781281181401, 0.8675960653269906, 0.4106038596343755, 0.26239310437302044, 8,8, 8
0.7754273930685824, 0.821114465453812, 0.35743222322735946, 0.2538827078558768, 8,8, 8
0.7925896361338389, 0.8008419873982886, 0.3455978708341875, 0.25028784763628925, 8,9, 8
0.7792855717421673, 0.7897010095940443, 0.3640955153901437, 0.25431842040031105, 3,5, 3
0.7786203685225837, 0.7749989294400877, 0.35831164442720437, 0.2522730020760585, 5,5, 5
0.7630546131843278, 0.8074044810062443, 0.3873432408907736, 0.2755109784062642, 8,9, 8
0.7782212465908335, 0.7918722634717236, 0.36423819547659975, 0.27081798305742993, 8,9, 8
0.7872014900552119, 0.7488076631311529, 0.3649038096346234, 0.2641852465422999, 5,5, 5
0.7924565954899222, 0.7230278510651775, 0.34061637158302366, 0.24512510687832864, 6,6, 6
0.8001729528370918, 0.7000924018084236, 0.33062236293133346, 0.2449709670282734, 4,4, 4
0.7916583516264218, 0.694356095766317, 0.3551343350496097, 0.2590114078101391, 5,5, 5
0.8031663673252178, 0.6886402850407681, 0.32508437323205597, 0.2376561930774817, 7,7, 7
0.8091531963014701, 0.6672346095132576, 0.3234761903489134, 0.23347118844194287, 8,9, 8
0.8071575866427193, 0.7920833588205786, 0.3112794610370718, 0.24182514461266724, 1,6, 1
0.7961152131976319, 0.8291717060340863, 0.3366990425891948, 0.2670961542096811, 8,10, 8
0.7937204816071309, 0.7452062401912317, 0.3459964959007277, 0.2594604208646863, 6,6, 6
0.8023681234617176, 0.7122993382169719, 0.32644526914044547, 0.2538002095644035, 6,6, 6
0.807091066320761, 0.6770490651616567, 0.30982053216462835, 0.2372520209428022, 6,6, 6
0.8092197166234285, 0.6579987990247004, 0.31171128616707444, 0.24716332784153738, 6,6, 6
0.8171356349364731, 0.6338595169085457, 0.27791024857659696, 0.2279873464956026, 6,6, 6
0.8102840417747622, 0.6687078919545867, 0.29001894727653627, 0.23521715026246987, 8,10, 8
0.8159382691412227, 0.6429118213148818, 0.2786447786737531, 0.22320377795604285, 8,8, 8
0.8136765781946385, 0.6912243467347848, 0.3013490662405474, 0.24623313716382308, 9,12, 9
0.8085545134038449, 0.7056912804615048, 0.30677857869626707, 0.24674275252302866, 4,6, 4
0.815073504955764, 0.6532200459423683, 0.2762681875550489, 0.23183181781570933, 6,6, 6
0.8165369520388479, 0.6401700500529686, 0.2856203274341981, 0.2312545228087131, 7,8, 7
0.8193973258830572, 0.6189223987672471, 0.28683067301458715, 0.23039638555128783, 7,8, 7
0.8119470498237211, 0.6378648925835034, 0.30432448704197185, 0.2392574890555076, 6,7, 6
0.8196634071708907, 0.6143319748926472, 0.2852505174464721, 0.23404022228800359, 3,4, 3
0.8207277323222244, 0.6118924223731419, 0.28767611163695, 0.23363019344763958, 6,7, 6
0.8186656023415153, 0.6648683145997327, 0.28429713601143514, 0.24286764897046492, 5,8, 5
0.8118140091798044, 0.7013471961341219, 0.28161298106291666, 0.24916318951298566, 1,7, 1
0.8128118140091798, 0.7110559431901554, 0.2880566926586511, 0.24867588119123546, 5,7, 5
0.8118805295017628, 0.7445316219332572, 0.2804695524116223, 0.24710553412663944, 3,8, 3
0.8056941395596354, 0.7306964509693107, 0.29752190922156535, 0.24721906889713022, 6,9, 6
0.81321093594093, 0.6788051838878183, 0.2926985624436056, 0.24732090071770596, 5,6, 5
0.8114148872480543, 0.6967115315899637, 0.29387828627102286, 0.2557459235492323, 5,6, 5
0.8121466107895963, 0.721755364523808, 0.28513459298976035, 0.24860492707928394, 5,9, 5
0.7978447415685492, 0.7309900834795849, 0.30886340834662035, 0.26732201631280733, 2,7, 2
0.8020355218519257, 0.760701286054995, 0.30111401617035516, 0.26172960678100826, 5,10, 5
0.7965143351293821, 0.7820876546735389, 0.3127699364319702, 0.2781232136851812, 6,12, 6
0.7960486928756735, 0.7365667247324936, 0.31117467404603805, 0.27962100283550234, 5,8, 5
0.7967804164172154, 0.7149097874884315, 0.3124438017689435, 0.27167615830688036, 2,5, 2
0.7973125789928823, 0.7622841555665283, 0.3090783671351039, 0.2776264343601191, 3,9, 3
0.7926561564557972, 0.7501850222588334, 0.3284319415503444, 0.2852365831287867, 5,8, 5
0.792988758065589, 0.7537064684740729, 0.3228537220629481, 0.2754724831323816, 3,9, 3
0.7903279451872547, 0.7479743445256338, 0.3283804597998375, 0.2866959630556291, 2,8, 2
0.7909931484068383, 0.7256817725280723, 0.32872011522382394, 0.27968295599855975, 4,6, 4
0.7875340916650037, 0.7816490540782748, 0.32702794917087885, 0.28719295348202967, 3,10, 3
0.7906605467970464, 0.7898542473977596, 0.3092788629559223, 0.28162158880367, 3,9, 3
0.7887314574602541, 0.7357684878451387, 0.32348608257672296, 0.2902406592138801, 5,8, 5
0.7921905142020887, 0.7219533371727752, 0.31669008091520756, 0.27942772666622206, 5,8, 5
0.7851393600745028, 0.7341626740435029, 0.3334724050764016, 0.2954071513154169, 3,7, 3
0.7933878799973392, 0.7278649441351825, 0.3163293651007684, 0.2851045432741089, 1,4, 1
0.7925231158118805, 0.7328742645175811, 0.3109896084665348, 0.28454668648007414, 1,4, 1
0.7846071974988359, 0.74448097429911, 0.3442958324190293, 0.297278302849646, 6,5, 3
0.7893966606798377, 0.7363094666655006, 0.3302155867285201, 0.2844439636337544, 5,10, 5
0.7895962216457127, 0.7113126745773624, 0.3258787065218919, 0.288635837992702, 9,7, 6
0.7886649371382958, 0.7016150034428673, 0.32265715603524514, 0.29179182707149737, 9,7, 6
0.7867358478015034, 0.6805601590252789, 0.32809378422187335, 0.29150357679881295, 11,6, 6
0.7917913922703386, 0.6973096673608024, 0.32099679921351404, 0.28600696747925486, 9,7, 3
0.7854054413623361, 0.7645561408910011, 0.3383759011678966, 0.30009532554024565, 3,9, 0
0.7836759129914189, 0.7971135031235278, 0.3435631411124181, 0.29857376953997194, 6,9, 0
0.7812146610789596, 0.7876340140952115, 0.34657127119371883, 0.2993559964366906, 0,10, 0
0.7792855717421673, 0.7481908680296402, 0.35402305522216454, 0.3065720105642321, 11,8, 8
0.7878666932747954, 0.6982796395538617, 0.3358445014873282, 0.28666041426777894, 9,6, 6
0.7902614248652964, 0.6694473910550836, 0.3197638149422906, 0.2876302611990502, 9,5, 5
0.7895297013237544, 0.6588267089328228, 0.32910413614652206, 0.2903849215568857, 9,7, 7
0.790194904543338, 0.6705071795628168, 0.3284880747113771, 0.2903904428936544, 7,8, 5
0.790194904543338, 0.6594884981260549, 0.32879428501544583, 0.2916111656477852, 14,7, 7
0.790194904543338, 0.6560756172911774, 0.3299707556036811, 0.2910689257981087, 4,9, 4
0.7923900751679638, 0.6774267570749564, 0.3203149810316958, 0.2823234814250792, 5,6, 1
0.7902614248652964, 0.7073626881027238, 0.32487285272406213, 0.28964506214865887, 0,6, 0
0.792988758065589, 0.7377401358049278, 0.3201292009763063, 0.2841797851255112, 0,10, 0
0.7943856848267146, 0.6765124770444704, 0.31116847723402924, 0.2814969619097172, 6,7, 6
0.7942526441827978, 0.6867850178989499, 0.31717016073571275, 0.28048125490836506, 7,7, 0
0.7882658152065456, 0.7756533531518799, 0.33624171291848043, 0.29122997352595076, 15,9, 3
0.7939865628949644, 0.7189102820027514, 0.32123942480497675, 0.28091187312478005, 12,9, 8
0.7947182864365063, 0.7021436672632715, 0.3107348441143496, 0.28282345827165933, 0,5, 0
0.794651766114548, 0.7489329799795994, 0.3053278437606524, 0.279843478981179, 4,8, 0
0.7945187254706313, 0.7023803562657679, 0.31279331274094024, 0.28132281633674255, 8,3, 0
0.7925896361338389, 0.7199841599776722, 0.31864182085853565, 0.28588955265199517, 2,8, 0
0.7847402381427526, 0.7002567995475865, 0.3396666940006972, 0.30130083099364263, 12,9, 9
0.10077828776691279, 2.303736140292966, 0.8944213325400786, 0.36684194226088074, 0,0, 0
0.2608261823987228, 2.111678781571569, 0.7592052262465968, 0.38973977361408146, 0,0, 0
0.35368855185259096, 1.9818050481008809, 0.714761620227447, 0.35428012192071456, 0,0, 0
0.40437703718485996, 1.847300498492147, 0.6702727671843811, 0.4475174111510781, 4,11, 4
0.416816337391073, 1.8213211725962373, 0.6672239039212718, 0.434207426693588, 1,7, 1
0.5212532428656955, 1.4998623125586488, 0.617262728711581, 0.4066633110434202, 6,6, 6
0.6050023282112685, 1.4445033807174656, 0.544538464424814, 0.3446302525978635, 2,9, 2
0.5792589636133839, 1.3172595096078523, 0.5624086882661001, 0.3687351154152305, 6,6, 6
0.635535155990155, 1.2334313255839735, 0.48829773348738575, 0.2955103649364438, 5,5, 5
0.7293953302733985, 1.3605656306614504, 0.4324870307559172, 0.30906697483784723, 2,9, 2
0.6725869753209606, 1.2478183178975286, 0.4692356807414544, 0.31230714924313185, 6,8, 6
0.6514335129382026, 1.1620415812938516, 0.5190684365251752, 0.3605588765049458, 6,8, 6
0.6538947648506619, 1.1712297871949244, 0.506315405732729, 0.3590441066898205, 4,7, 4
0.6780416417215459, 1.1400834018740162, 0.4830473231908288, 0.3461983368607825, 2,6, 2
0.7150934610523515, 1.1090979280340032, 0.4293383682505956, 0.2982666741887991, 5,7, 5
0.7137630546131843, 1.067020164626061, 0.4286098689473423, 0.31862364941954463, 2,4, 2
0.6886848932348832, 1.0811975372932343, 0.4321169580563442, 0.32522813441791726, 3,6, 3
0.7502161910463646, 1.0488902119637808, 0.3795992857256345, 0.30222371566443657, 4,6, 4
0.7665136699261624, 1.0912819043056974, 0.380437918737764, 0.3003560302376141, 7,11, 7
0.6816337391072973, 1.0421218328249606, 0.43859365953461915, 0.3241040821754937, 6,8, 6
0.7445619636799042, 1.0386535220944022, 0.37719608964789847, 0.2952339103514253, 3,8, 3
0.7495509878267811, 0.9933117485031289, 0.4116115303282215, 0.324246904751428, 5,7, 5
0.7561364997006585, 0.9691340324549773, 0.3927472908621335, 0.3235635698663615, 4,6, 4
0.7428989556309452, 0.961421600229912, 0.41144273959624406, 0.32288461934809354, 1,3, 1
0.7637863367258697, 0.9945531873423088, 0.37196872159519984, 0.3036194312010406, 4,7, 4
0.769773165702122, 0.9708419310114389, 0.37972594184992703, 0.31505154427968096, 6,8, 6
0.7238741435508548, 0.9645261524762921, 0.42870778246818875, 0.32640169151998444, 4,7, 4
0.7403046630745693, 0.9676194686304244, 0.4022054229314744, 0.3136252514388692, 3,5, 3
0.7524113616709905, 0.9284889533955057, 0.393007732483962, 0.3196040693140655, 6,8, 6
0.7214128916383955, 0.9693107179098792, 0.4240430728271178, 0.3230756200535623, 7,10, 7
0.7374442892303599, 0.9599719086787712, 0.40929501770929927, 0.33084032046877754, 2,6, 2
0.7265349564291891, 0.9360048245130766, 0.4204746396169524, 0.33228394589763605, 7,8, 7
0.7490853455730726, 0.9064157713803821, 0.39773621207043275, 0.32221612870637145, 4,6, 4
0.7536752477881993, 0.8930764392387497, 0.3853695081702678, 0.3147410003773604, 8,9, 8
0.7769573604736247, 0.8779313693695107, 0.3342595383468294, 0.28690712405673197, 4,6, 4
0.7736313443757068, 0.8543747728590549, 0.3449920870165251, 0.300667397605511, 3,4, 3
0.765515865096787, 0.8432855622830947, 0.3568790789826161, 0.2956829303577297, 4,7, 4
0.7480875407436972, 0.8524071508971922, 0.37453205831493563, 0.297592324100294, 4,5, 4
0.7579325483935342, 0.8489433307144945, 0.36055152878016083, 0.29369248454768765, 9,4, 3
0.789263620035921, 0.832052674628823, 0.32575645170007334, 0.29225022003854567, 6,10, 6
0.7808820594691678, 0.8201427860812689, 0.3481129361139914, 0.2989598216496707, 7,8, 7
0.7823455065522518, 0.8079472858843277, 0.3273663749462424, 0.2977931538458064, 4,5, 4
0.7776890840151667, 0.8386687996897874, 0.34207679088666965, 0.2973458152167426, 5,3, 2
0.7806159781813344, 0.8263552529900643, 0.332818215756445, 0.29942839537771027, 4,5, 4
0.7879332135967538, 0.796465785138174, 0.3177195598159973, 0.28916012747980696, 6,7, 6
0.7883323355285039, 0.8365022446454373, 0.3182708755706724, 0.2817961417465039, 4,5, 4
0.7935209206412559, 0.7959266430038083, 0.32034714702967015, 0.28925687651379506, 6,8, 6
0.7868023681234617, 0.768121704348188, 0.34374618980130944, 0.29684270072391933, 7,4, 4
0.7960486928756735, 0.7867776265361888, 0.3242740537492288, 0.2897014708669744, 5,6, 5
0.7837424333133772, 0.7685854837478998, 0.33827345810388854, 0.29881914644800217, 13,6, 6
0.7785538482006253, 0.7590771564371456, 0.35195686567154594, 0.3056807388543869, 3,5, 3
0.789263620035921, 0.7430070943080902, 0.32306133785747826, 0.2861835177864591, 8,9, 8
0.7937870019290894, 0.7738265183924347, 0.31333953129653347, 0.2875751293466794, 7,9, 7
0.772367458258498, 0.7687553478966466, 0.33724371368069384, 0.301209873268184, 13,9, 9
0.7852058803964611, 0.8161865113044622, 0.32358025365029286, 0.29033533275323875, 11,4, 1
0.7877336526308787, 0.7521257771798099, 0.32883426318496783, 0.2938175784600329, 6,6, 6
0.7800838156056675, 0.7259164807726471, 0.3309212969235224, 0.29461473436551944, 11,8, 8
0.7868023681234617, 0.7208363385890975, 0.3245260579213808, 0.2882211454400094, 7,4, 4
0.7910596687287966, 0.7019494079274936, 0.3176608332803903, 0.2908927273981788, 12,3, 3
0.7965808554513404, 0.6664294210427997, 0.30675395192239263, 0.27793754357333406, 10,10, 10
0.7935209206412559, 0.6483925838802805, 0.31997595414059327, 0.2888924691440544, 8,8, 8
0.7967138960952571, 0.6545264945013992, 0.31008863716135804, 0.2797463049806961, 5,5, 5
0.798177343178341, 0.6260504885996718, 0.2906993858093791, 0.2709767484634316, 7,7, 7
0.7992416683296747, 0.6229821168940627, 0.29804936953301175, 0.27249396182459207, 9,9, 9
0.7988425463979245, 0.6300571090363668, 0.2953843277086334, 0.2625636651427218, 4,4, 4
0.7997073105833832, 0.6357238322141537, 0.29994347478082317, 0.2654884747384805, 6,6, 6
0.8003059934810084, 0.6370046287260636, 0.290021334886348, 0.26074057720827154, 9,9, 9
0.79538348965609, 0.6091744618661993, 0.31780349459829743, 0.28754948920611534, 11,11, 11
0.8003059934810084, 0.6070482447101972, 0.297198641442225, 0.26504541108783664, 6,6, 6
0.8028337657154261, 0.602395813536622, 0.2833301110224062, 0.26199863987228494, 3,3, 3
0.8009046763786337, 0.6023169250104583, 0.3041433634557062, 0.2729350210208436, 8,8, 8
0.7989755870418412, 0.7400915010245628, 0.31579887062856854, 0.2810490252087765, 0,8, 0
0.8028337657154261, 0.6869723484719317, 0.28277699233004727, 0.2584932975625055, 10,8, 8
0.8029002860373844, 0.6490443532752876, 0.3009925267751025, 0.27897418465902724, 5,6, 5
0.8045632940863434, 0.6273831738128783, 0.28739174558565134, 0.2677812575203813, 3,4, 3
0.8009046763786337, 0.6136003943287693, 0.2897878065705136, 0.26642405628308263, 7,7, 7
0.8030998470032595, 0.6016763738729338, 0.3039913358656575, 0.27888184669836347, 8,8, 8
0.8023681234617176, 0.5974799426149503, 0.28840475051352993, 0.2723090505184237, 5,5, 5
0.8034989689350096, 0.6154005824881644, 0.2841451142130683, 0.27283554128685955, 6,6, 6
0.8066254240670525, 0.6186098631860601, 0.28190886420477823, 0.26189528833331965, 6,6, 6
0.8034989689350096, 0.676033277740512, 0.2919631650723963, 0.26913308261572433, 5,6, 5
0.8033659282910929, 0.6070980423478108, 0.2740203561115529, 0.25709832054121834, 7,7, 7
0.8072241069646777, 0.5895028712034499, 0.2930329426517606, 0.26996423729708185, 7,7, 7
0.8074901882525112, 0.5939242345315437, 0.26840815321312217, 0.25681724905284953, 6,6, 6
0.8067584647109692, 0.5889688428783562, 0.2801814577225748, 0.2596504855160107, 3,3, 3
0.8032994079691346, 0.5846340354411147, 0.29672478796580665, 0.27218822853077657, 8,8, 8
0.7991751480077164, 0.7050817808622465, 0.2890338397876605, 0.2721768954150232, 0,5, 0
0.8038315705448015, 0.6455361384951126, 0.2915274475526722, 0.26534403355181174, 7,7, 7
0.8051619769839686, 0.6225524593617059, 0.3029166243011646, 0.2728517850376052, 10,9, 9
0.80429721279851, 0.6013215399117974, 0.2979529853246532, 0.2685401761159893, 6,6, 6
0.8030998470032595, 0.5932061079123082, 0.3070205509492464, 0.2707783749387531, 7,7, 7
0.8057606598815938, 0.5851460477306913, 0.2840373294848612, 0.2580224542981417, 8,8, 8
0.8058271802035522, 0.587905472902489, 0.2878445586235133, 0.26181669568915983, 7,7, 7
0.8046963347302601, 0.5791583044398227, 0.29137247465378846, 0.25947180054214586, 10,10, 10
0.8003725138029668, 0.5738224074146768, 0.2848011910279371, 0.258453396719097, 3,3, 3
0.8028337657154261, 0.5749829571979997, 0.29281832529816165, 0.2605561970123802, 7,7, 7
0.8097518791990953, 0.5709040315595242, 0.2744430363653087, 0.25424810978095325, 9,9, 9
0.8074901882525112, 0.5670819404011316, 0.273715301225273, 0.25648336160685, 6,6, 6
0.8074901882525112, 0.5702806145291808, 0.2746175297232631, 0.25995633084579867, 6,6, 6
0.8067584647109692, 0.5606381286671741, 0.27317561003911767, 0.25129785144398314, 6,6, 6
0.8084214727599282, 0.5689873340722557, 0.2635240251934528, 0.25117971613731316, 3,3, 3
0.10077828776691279, 2.303736140292966, 0.8944213325400786, 0.36684194226088074, 0,0, 0
0.2584314508082219, 2.1312737948743994, 0.7582612092102083, 0.38708893567638486, 0,0, 0
0.3997871349697332, 1.9140603122859152, 0.660071946830043, 0.29877547527357584, 0,0, 0
0.4762189848998869, 1.7483648589631877, 0.642280560906234, 0.3415053454458995, 3,9, 3
0.5411428191312446, 1.5948393640662195, 0.5764414039245699, 0.3186936538976892, 4,8, 4
0.5880396461118872, 1.4776379706469758, 0.5539213597505865, 0.3146160404295671, 5,7, 5
0.5332269008182, 1.4200472800908732, 0.5940238132177946, 0.3779131636567513, 3,5, 3
0.5479278919709971, 1.3614057600566967, 0.5748427874307841, 0.36979059626880795, 4,8, 4
0.7028537218120136, 1.3392025584285983, 0.45445474629267374, 0.2821474816962403, 3,7, 3
0.6596155125390807, 1.2904620024363909, 0.5465416311064599, 0.36596242054079064, 3,6, 3
0.6392602940198231, 1.235415194138611, 0.5143467600279172, 0.35278367549590384, 5,10, 5
0.7163573471695603, 1.1362363324180762, 0.44394697683399525, 0.2889784620635957, 2,5, 2
0.7063792988758065, 1.157311186334555, 0.4673905348909602, 0.3426400789505864, 2,8, 2
0.704051087607264, 1.0702428689499808, 0.4789085552464158, 0.3341835487818948, 4,6, 4
0.7077762256369321, 1.013252336807548, 0.45517542687377277, 0.299233873037027, 3,4, 3
0.7019889576265549, 1.0439802995265082, 0.46862834645459034, 0.3371422838421193, 3,10, 3
0.7075101443490986, 1.0157450403423611, 0.4511107054065625, 0.33042133813134134, 3,6, 3
0.7111687620568083, 0.9889522916039836, 0.4420267304954956, 0.3094353056262007, 3,7, 3
0.7028537218120136, 0.9990944231575423, 0.46853125907594956, 0.34168464411663335, 3,7, 3
0.7146943391206013, 0.9900663691985568, 0.4561652869985736, 0.33534918650286477, 2,3, 2
0.7223441761458126, 0.9694255960933528, 0.42040676762465473, 0.32713360986970186, 4,8, 4
0.7113018027007251, 0.9851173771981618, 0.455346856711015, 0.3464923221884345, 3,7, 3
0.7215459322823122, 0.95826902846813, 0.4378125576003725, 0.3383777048189158, 2,7, 2
0.7204150868090201, 0.9156164036274792, 0.44820730210315823, 0.3346194184781288, 4,11, 4
0.7158917049158517, 0.9184307594907384, 0.44610300150335264, 0.33179926455156455, 6,7, 6
0.7247389077363134, 0.9226892343713611, 0.4413642653641241, 0.3333351734110138, 5,6, 5
0.7140291359010178, 0.9212935616239397, 0.4551495989397397, 0.33560015460837683, 5,6, 5
0.7138960952571011, 0.9049318895138677, 0.4480385308282846, 0.33191760153794797, 1,5, 1
0.7264019157852724, 0.8827244820607458, 0.4290790941951855, 0.3347551463775566, 3,7, 3
0.7135634936473092, 0.901106048594941, 0.44640858996900157, 0.32373904860895797, 3,8, 3
0.7170890707111023, 0.8960634683832382, 0.4520403316691445, 0.33349790299871707, 4,6, 4
0.7063792988758065, 0.8938593985269846, 0.45776580474694734, 0.3364016414983395, 5,10, 5
0.7116344043105168, 0.8770102641993551, 0.42570852679625415, 0.3192722519656955, 1,5, 1
0.7247389077363134, 0.8668632530839215, 0.40013639868320205, 0.31548853239207414, 10,7, 2
0.7301270538149405, 0.8745768206221116, 0.40929853503720076, 0.31953882702813174, 4,6, 0
0.730792257034524, 0.8766544650820107, 0.40828965800553113, 0.3179273418212933, 3,6, 0
0.7345173950641921, 0.8661375624072828, 0.39371982845119097, 0.31805151765004214, 3,3, 2
0.7349830373179006, 0.8616105789282873, 0.40229419701405766, 0.313098888980734, 5,7, 1
0.7262688751413556, 0.8731365284849899, 0.41759063041307537, 0.3261169474262612, 5,7, 1
0.727067119004856, 0.8700158516498648, 0.4092519143046223, 0.3208847460321994, 4,8, 0
0.7498170691146145, 0.8577414043616778, 0.39499875235871523, 0.3147242688990918, 3,5, 0
0.7643184993015366, 0.8387159266703985, 0.3892314096537004, 0.30764400080620574, 6,4, 0
0.7434976385285704, 0.8411540424362935, 0.40897408129114476, 0.313171407626148, 10,6, 3
0.7657154260626622, 0.8380613330610438, 0.40955078879737866, 0.3114966990970205, 3,12, 0
0.7531430852125325, 0.8383852969536018, 0.39888133926241376, 0.30952907272648333, 4,8, 0
0.7631876538282445, 0.8380751651631999, 0.4028255198137644, 0.31846070668920395, 5,8, 0
0.7697066453801636, 0.8319696625584668, 0.38907625696979486, 0.309279207338479, 5,7, 0
0.7715692143949977, 0.8310035218855621, 0.37872955461642305, 0.30987301187006955, 8,6, 0
0.7407703053282778, 0.8418142598863907, 0.442866606634688, 0.33039030095663063, 13,7, 7
0.7430985165968204, 0.8287661777059714, 0.4306225686214193, 0.328504354740839, 14,9, 9
0.723741102906938, 0.7996389619828697, 0.42109886689025416, 0.33034801312999174, 15,4, 4
0.7454267278653629, 0.8003118243388457, 0.4063115669808613, 0.32328134440418066, 10,6, 6
0.7399055411428191, 0.7784406693013545, 0.4170918622452631, 0.3356764829450332, 15,7, 7
0.7658484667065789, 0.7519826102436142, 0.37134506247877225, 0.307264622618219, 13,8, 8
0.7657819463846205, 0.7390071970000375, 0.3693947865897344, 0.30986644528031226, 10,9, 9
0.7800838156056675, 0.724583124302738, 0.3528843777917053, 0.30239878335538256, 11,9, 9
0.7693075234484135, 0.705948764641078, 0.37272318672925636, 0.3037610311705249, 12,7, 7
0.7753608727466241, 0.6866685328544273, 0.35563763354384387, 0.29371896104015116, 13,9, 9
0.7822789862302933, 0.6745441477498044, 0.3571244902074533, 0.2958275511548726, 7,6, 6
0.7818798642985432, 0.6827063434243091, 0.3576543878888576, 0.29666456356498844, 9,5, 4
0.7856050023282113, 0.6771455179466828, 0.34501369524816494, 0.29901953997564645, 6,6, 6
0.7845406771768776, 0.7049884441731975, 0.34789512276373885, 0.29114396666631126, 14,6, 0
0.7842745958890441, 0.7689309097885614, 0.34663443223475565, 0.29611712259534956, 5,8, 0
0.783343311381627, 0.7775028779844576, 0.34478041001487975, 0.2979038983305152, 3,8, 0
0.7834098317035855, 0.7808496994338422, 0.3554622627790041, 0.29467292251598776, 0,9, 0
0.7827446284840018, 0.7731898531120333, 0.35287067526204347, 0.2950315591512201, 2,5, 0
0.7825450675181268, 0.7466763113077228, 0.35802548562580905, 0.2989014139341184, 3,5, 0
0.783875473957294, 0.7305628826482329, 0.3601509109868871, 0.30830770421115533, 9,4, 4
0.7809485797911262, 0.716461458681894, 0.35457113780560756, 0.30441893930964425, 11,8, 8
0.7821459455863766, 0.7077483543764722, 0.36403089101536085, 0.30475239299330203, 13,9, 9
0.7800172952837092, 0.7056603033243388, 0.36652974782304115, 0.3073861292418034, 7,5, 5
0.7850728397525444, 0.6967598827503225, 0.3461565523910221, 0.3003091327358275, 9,7, 7
0.7828776691279186, 0.7155704118691031, 0.3543943929818038, 0.30398827712085424, 0,6, 0
0.7834098317035855, 0.7077154763360461, 0.34974103163726594, 0.30690831892167897, 9,7, 5
0.7844741568549192, 0.7029624133653445, 0.3515897711330643, 0.30090156906454546, 10,9, 9
0.7835428723475022, 0.7064509745443001, 0.34579323433652753, 0.29866512862936767, 9,5, 4
0.7827446284840018, 0.6898412388622679, 0.36040754912713263, 0.30579257779522406, 10,9, 9
0.7851393600745028, 0.6851910922516204, 0.34644226667673633, 0.2950931173576685, 7,5, 2
0.7860041242599615, 0.6905424194788834, 0.3432171584516282, 0.29787725806288134, 0,7, 0
0.7848732787866693, 0.6799059251849252, 0.3497715893148825, 0.2993616465124525, 11,9, 9
0.78686888844542, 0.6687672274772611, 0.32642711825196485, 0.2905449302391215, 10,7, 7
0.7862036852258365, 0.65557249519426, 0.3383263430581664, 0.2981485716957041, 10,7, 7
0.7874010510210869, 0.6599638168923608, 0.3381244559604321, 0.29801748812557444, 11,10, 10
0.7868023681234617, 0.6604661303643795, 0.33528247548753337, 0.2978726360021437, 10,7, 7
0.7854719616842946, 0.7086420749436221, 0.3443603339036271, 0.29989584120331886, 0,10, 0
0.7863367258697532, 0.6904574530915644, 0.3468018482199139, 0.29835206082072935, 3,2, 0
0.7861371649038781, 0.6856136236421724, 0.348335494921471, 0.300122937287258, 13,8, 8
0.785937603938003, 0.7185003531044476, 0.34778227363295555, 0.30069454747214047, 4,8, 0
0.7841415552451274, 0.7060174419477722, 0.3598509354073866, 0.3048002604115127, 4,2, 0
0.7858045632940863, 0.704705359442919, 0.3333099168259399, 0.2970015118149201, 0,8, 0
0.7822789862302933, 0.685901694181929, 0.36249148036044465, 0.3072229998354157, 8,5, 5
0.7808155391472095, 0.6759741777410588, 0.3537024049372228, 0.30314741808433104, 11,7, 7
0.7851393600745028, 0.6562340577878957, 0.34339649691252, 0.3009515463045084, 9,6, 6
0.7860041242599615, 0.7158824874877342, 0.34260465713180976, 0.30122905445389486, 0,11, 0
0.7853389210403778, 0.7355214990305287, 0.3537733032371863, 0.29908001685845687, 2,9, 0
0.7878666932747954, 0.7109453557067764, 0.33558948216230045, 0.2983870264819549, 2,6, 0
0.7832102707377103, 0.6893215026833892, 0.3448377455596258, 0.29764373180524584, 0,6, 0
0.7836093926694605, 0.6816522375202424, 0.34907436497059935, 0.30051953932957454, 2,5, 0
0.7874010510210869, 0.7173669333109403, 0.33611579795177404, 0.2936958081005696, 2,7, 0
0.7824120268742101, 0.6987773799133082, 0.36287473441623436, 0.30034048651259465, 6,7, 2
0.7852724007184195, 0.6796688999631098, 0.3480779983529988, 0.2997702553077557, 2,2, 0
0.10077828776691279, 2.303736140292966, 0.8944213325400786, 0.36684194226088074, 0,0, 0
0.2559036785738043, 2.1815844707397662, 0.7461116987056944, 0.37998520332293856, 0,0, 0
0.24752211800705115, 2.0667947634389474, 0.7871698557345236, 0.5172197707689792, 0,0, 0
0.3268808621033726, 1.9377125476943629, 0.7446639351448303, 0.48975086735425694, 2,5, 2
0.38674915186589504, 1.8554749816612994, 0.6767062223448501, 0.4522858755674757, 2,5, 2
0.516530300006652, 1.7554549267332782, 0.592069942837885, 0.42502111866058273, 3,8, 3
0.47967804164172156, 1.6393059100545604, 0.6139593809489724, 0.42750173522954954, 5,8, 5
0.5398789330140358, 1.4583522037017267, 0.5739194784564261, 0.4026404116449971, 3,4, 3
0.6511674316503692, 1.3056051215713984, 0.5178059509952341, 0.36189825420798416, 3,7, 3
0.6016763121133506, 1.3167292975350944, 0.5553093414256643, 0.40983253814851683, 5,8, 5
0.6441827978447415, 1.1829418359943902, 0.4975406425901093, 0.3453161538550574, 4,5, 4
0.6469101310450343, 1.1658643630654482, 0.47760632067030045, 0.31512090274506305, 5,7, 5
0.5973524911860574, 1.203064514270016, 0.5724221881834374, 0.4125439097633683, 7,10, 7
0.6452471229960753, 1.0923537295277306, 0.4867861949451142, 0.3603036647912573, 6,8, 6
0.6487061797379099, 1.0529930831601242, 0.5196950712358258, 0.37330345943875565, 3,4, 3
0.6621432847734983, 1.0396837214394274, 0.4898531385723676, 0.3288893015663752, 6,8, 6
0.6282179205747356, 1.0105467582919074, 0.5040078361692155, 0.37867603287307605, 4,8, 4
0.675646910131045, 0.9924220865104675, 0.4584294184409763, 0.3558427756730323, 4,9, 4
0.6839619503758398, 0.9822946786002016, 0.46698250987950124, 0.3651493697202397, 4,9, 4
0.6772433978580457, 1.0002774630767024, 0.4749009839943099, 0.3690958147934201, 2,7, 2
0.6972660147675115, 0.9586560926018192, 0.44538704223230996, 0.33373117948449854, 3,6, 3
0.7394398988891107, 0.961597555966643, 0.3913030993865317, 0.3161327714460127, 2,6, 2
0.6892170558105501, 0.9632049438280694, 0.45009008600405453, 0.33170556267154905, 4,7, 4
0.6910796248253842, 0.9348071408383092, 0.4603523099378291, 0.3376699394999658, 6,8, 6
0.6848267145612985, 0.9285560017481923, 0.45397737108325104, 0.35484673078491596, 4,6, 4
0.6996607463580123, 0.9167964595438854, 0.4127456475921084, 0.3191080771780883, 2,5, 2
0.6859575600345905, 0.9383051970883223, 0.460779243880612, 0.35994902937694584, 2,5, 2
0.687886649371383, 0.9282429211797976, 0.4513638073806833, 0.3556572421088551, 2,5, 2
0.7128982904277257, 0.926948066037756, 0.39674517120409625, 0.3269423364680073, 2,5, 2
0.7182864365063527, 0.919976654798884, 0.40858008670361884, 0.3343918763694915, 2,6, 2
0.7173551519989356, 0.9141875888078446, 0.43171795885945735, 0.3301701587426914, 4,6, 4
0.7226767777556043, 0.9064852626004757, 0.3893220930087078, 0.2880265776885242, 4,5, 4
0.7098383556176412, 0.9023122115359125, 0.41817286996198094, 0.31579279901546276, 3,7, 3
0.7149604204084348, 0.8683715504384131, 0.4299407912806818, 0.3446619957249068, 3,4, 3
0.6918113483669261, 0.8935522670626187, 0.45580538067930354, 0.3589666272852371, 3,8, 3
0.7097053149737245, 0.8887965864017771, 0.4170475753749107, 0.3339880946601798, 2,7, 2
0.7035189250315972, 0.9169697994680385, 0.41236701756055105, 0.33191422596373804, 2,6, 2
0.7234085012971463, 0.8643697364140431, 0.4062758379875557, 0.33414923143788333, 2,5, 2
0.7771569214394998, 0.8716961039240264, 0.34796085620903844, 0.28714409227542687, 4,9, 4
0.7501496707244063, 0.8551173689922614, 0.3978078689715162, 0.32175790459113707, 5,8, 5
0.7430985165968204, 0.8675112191967204, 0.38867445773993914, 0.32139761729102034, 3,8, 3
0.7611920441694938, 0.8831319118942118, 0.36030262658177337, 0.3055907528502956, 5,8, 5
0.7341182731324419, 0.8778958263121532, 0.39944399195119656, 0.32438526577437465, 3,8, 3
0.7697066453801636, 0.8496865920291548, 0.3554304485431367, 0.30056648784634865, 8,9, 8
0.7734317834098317, 0.8399423369617105, 0.35457547691028046, 0.3020452484489596, 3,7, 3
0.7818798642985432, 0.8363998747286053, 0.32469261122986476, 0.28365878938285016, 1,4, 1
0.7718352956828312, 0.8274345525299899, 0.3606194000391568, 0.3019200408820479, 1,3, 1
0.7691744828044967, 0.8097504258948474, 0.36790379826745606, 0.30747505945010195, 4,4, 4
0.7791525310982506, 0.7920807630077742, 0.3421167017619799, 0.2912782585170764, 4,7, 4
0.7819463846205016, 0.7977502882339185, 0.35082739733741664, 0.29908663500236515, 3,7, 3
0.7817468236546264, 0.7755929456569106, 0.3503602297645289, 0.2943343572592617, 7,8, 7
0.7715692143949977, 0.8022620612778805, 0.3593388807791583, 0.3041072036316683, 3,7, 3
0.7874010510210869, 0.7941300722853548, 0.3225444556767271, 0.28328762102490485, 2,4, 2
0.7816137830107097, 0.7929551915100843, 0.33706263735003633, 0.2917335682108111, 7,9, 7
0.7856715226501696, 0.7958554277794408, 0.33042579125990157, 0.28003688550476125, 3,8, 3
0.7755604337124992, 0.7823488882399283, 0.3435896838327388, 0.2985920284436137, 3,7, 3
0.7826115878400851, 0.7702749613926033, 0.3255313560195317, 0.2854450009550331, 5,7, 5
0.7905940264750881, 0.7456644289459646, 0.32694349532647393, 0.2867624243243835, 4,6, 4
0.7919244329142553, 0.7347101374359252, 0.3265235129010351, 0.2840359776533708, 7,8, 7
0.7983103838222577, 0.7170937257621801, 0.31185857506054404, 0.2727518959003117, 7,8, 7
0.7985099447881328, 0.6953307859452118, 0.31306293542525765, 0.27466059990869257, 5,5, 5
0.8058937005255106, 0.6729404325072043, 0.2930946483919626, 0.2612541663265603, 5,5, 5
0.8102840417747622, 0.6620477580652223, 0.2848431108704032, 0.2614503641274661, 2,5, 2
0.8062928224572606, 0.6873880917325037, 0.29788113926234305, 0.2604500501465241, 3,7, 3
0.8087540743697199, 0.681146116022699, 0.2886151605035762, 0.25653690237969184, 1,4, 1
0.8046298144083017, 0.7075736251681792, 0.30944301651950845, 0.26928670788753195, 2,6, 2
0.8067584647109692, 0.6909148680305245, 0.29691727076485447, 0.26020487433628575, 7,8, 7
0.8022350828178009, 0.7221272491841688, 0.3012160307572062, 0.2631224334026356, 2,6, 2
0.8015698795982172, 0.6925741850188247, 0.31163416209339867, 0.27026787029015886, 6,7, 6
0.7987095057540079, 0.7039234486770966, 0.31439724577095635, 0.2742927033428983, 1,4, 1
0.8086210337258032, 0.6655966122158047, 0.2886073641221988, 0.2522405373142028, 3,3, 3
0.8117474888578461, 0.6592813102563386, 0.2869624649014767, 0.2502492318169038, 8,11, 8
0.8128118140091798, 0.6442039941885335, 0.2785344070912104, 0.24639449438924768, 3,7, 3
0.8130778952970132, 0.623013919194108, 0.2892901735073913, 0.2495306053019718, 7,8, 7
0.8156056675314308, 0.6383403544330507, 0.2741635656879537, 0.23895088181385798, 2,6, 2
0.8161378301070977, 0.6000473437390214, 0.2854906049724802, 0.2487761780656734, 8,9, 8
0.8076232288964279, 0.7147702525052877, 0.2939945032894863, 0.2654625987076154, 2,6, 2
0.8030998470032595, 0.6887550675595483, 0.3066513312852506, 0.2702796465300788, 6,9, 6
0.8071575866427193, 0.6728072365304448, 0.306249966220706, 0.26551174197766264, 2,5, 2
0.8033659282910929, 0.7005710471300519, 0.3009738990404541, 0.2680177323856309, 5,8, 5
0.7997073105833832, 0.6839665599647056, 0.31743457275610215, 0.27672675581900186, 7,9, 7
0.8071575866427193, 0.6415998716590463, 0.2841122812876757, 0.2545582240234565, 3,5, 3
0.8136765781946385, 0.6135730194813506, 0.27448998902549293, 0.24605570920297903, 5,6, 5
0.815073504955764, 0.6029266359515469, 0.2747724603950252, 0.24945065335573588, 6,7, 6
0.8147409033459722, 0.6247720564233733, 0.284478947339905, 0.2535616143327987, 2,5, 2
0.8128118140091798, 0.6149323816749036, 0.2918755441205942, 0.25820862815429513, 2,5, 2
0.8141422204483469, 0.6349915448108909, 0.26713039690026646, 0.2474402016545422, 5,8, 5
0.816004789463181, 0.5938515079442733, 0.27456890044899485, 0.24622660124671605, 2,2, 2
0.8156721878533892, 0.6091425381397519, 0.2799873157098158, 0.25130604045199734, 2,5, 2
0.8112153262821792, 0.6507801792433136, 0.3038134290033096, 0.2693271528959793, 2,6, 2
0.8138761391605135, 0.6209609086469949, 0.29655092003716743, 0.26269421717354297, 2,3, 2
0.8148739439898889, 0.6257623915256724, 0.27709915296153975, 0.24680694630589475, 3,7, 3
0.8155391472094725, 0.6106813165139595, 0.27670513520745066, 0.24568900912366495, 5,8, 5
0.8150069846338056, 0.5927438466196916, 0.280630960377196, 0.2536660454366297, 6,7, 6
0.8125457327213463, 0.6176122225624971, 0.2879682633068658, 0.2578285328839081, 4,8, 4
0.8168030333266812, 0.6185817168801468, 0.2709997788918763, 0.24311473658684907, 4,8, 4
0.8146078627020554, 0.5931229661278644, 0.28038540078973795, 0.25168166236277906, 8,9, 8
0.8175347568682232, 0.5836787071534806, 0.2734507773577262, 0.24918771025873615, 6,8, 6
0.8167365130047229, 0.6284351891790915, 0.2833260110476015, 0.25457276659225486, 2,5, 2
0.8150069846338056, 0.6105479953787356, 0.270371363038105, 0.24964657177986577, 2,5, 2
0.8120135701456795, 0.6214343666540171, 0.2925006856024779, 0.25519998840459296, 2,6, 2
0.10077828776691279, 2.303736140292966, 0.8944213325400786, 0.36684194226088074, 0,0, 0
0.28178008381560565, 2.1875869635137457, 0.7145189801274229, 0.2899106002134248, 0,0, 0
0.29428590434377705, 2.0284258647568647, 0.7488080035285841, 0.504465626531928, 0,0, 0
0.43490986496374645, 1.8996202220683929, 0.6272723712609443, 0.2997746476499707, 2,7, 2
0.4158185325616976, 1.781494935155351, 0.6630099232076977, 0.4439868429745815, 1,6, 1
0.48586443158384884, 1.5884197138456546, 0.5884873071123079, 0.3895621954534997, 1,5, 1
0.5368855185259097, 1.4178462723152474, 0.5974964400465903, 0.4038396489468795, 1,6, 1
0.5068848533226901, 1.4254192345965422, 0.6447526989178375, 0.43934514003421027, 5,8, 5
0.5264418279784474, 1.409213750620255, 0.6102111697334313, 0.41902574302101764, 2,7, 2
0.560699793787002, 1.293942733417877, 0.5864581453421632, 0.4107170908779931, 2,4, 2
0.6703918046963347, 1.1769045051018767, 0.4541758948726219, 0.28062331330546986, 2,6, 2
0.664671057007916, 1.075480777019153, 0.5116761741900426, 0.3636105540295232, 2,4, 2
0.6815672187853389, 1.1039844844966389, 0.4593090284171103, 0.31463176357891565, 3,6, 3
0.6853588771369653, 1.0441330046836739, 0.4656803262905383, 0.3458938707845977, 5,8, 5
0.6910796248253842, 0.9996142573462833, 0.46775486358126195, 0.3457706939436981, 6,9, 6
0.7023880795583051, 0.9757915811304929, 0.4437264726654805, 0.2942805962135439, 6,8, 6
0.7301935741368988, 0.9166590208634876, 0.4170926086933122, 0.29091842913243293, 2,4, 2
0.7344508747422338, 0.9075829556249752, 0.42474596236880047, 0.3157331947264027, 7,10, 7
0.7407703053282778, 0.897096407495366, 0.4137935737247062, 0.31421168093949997, 4,7, 4
0.7525444023149072, 0.8726166781690136, 0.3977254740073563, 0.31045593955102396, 5,6, 5
0.7511474755537817, 0.8677767449896135, 0.4032087244332951, 0.30931057596396355, 6,8, 6
0.7687088405507883, 0.8310909267945943, 0.38719624099805194, 0.29622710459705304, 3,5, 3
0.795583050621965, 0.8214050357861049, 0.3132491098300174, 0.2579329318919148, 6,9, 6
0.7982438635002993, 0.8502566393362491, 0.3131038766349532, 0.25501699099441655, 4,7, 4
0.7911927093727134, 0.8090207035660604, 0.3478350706326805, 0.2818526811891991, 2,3, 2
0.790194904543338, 0.8301991293868333, 0.3411429125419991, 0.2729586588020719, 2,3, 2
0.768841881194705, 0.824030105890555, 0.3677100811275345, 0.28907066168196577, 4,5, 4
0.7799507749617508, 0.7502562137218216, 0.3610555296518963, 0.2844580013914072, 9,10, 9
0.781281181400918, 0.8010513564550024, 0.3464209721236196, 0.28713837206490245, 4,5, 4
0.776824319829708, 0.7724288729837104, 0.3453699646389639, 0.2724720618004352, 7,7, 7
0.7785538482006253, 0.8103791392533578, 0.349441870938088, 0.28831814762262215, 5,9, 5
0.7847402381427526, 0.8276311208762631, 0.34206978713386854, 0.2820339959410706, 4,6, 4
0.7834763520255438, 0.8051405290929048, 0.3459974251266155, 0.29492898509230236, 4,7, 4
0.7873345306991286, 0.7664540359875502, 0.3465788513706448, 0.2941300237800234, 6,6, 6
0.7965143351293821, 0.7298273351351287, 0.3162179813425713, 0.2703050080343678, 7,8, 7
0.7856715226501696, 0.8010388470355139, 0.3366987088003058, 0.29336656871339584, 3,7, 3
0.7823455065522518, 0.8053155381265706, 0.3435751632121948, 0.29702683767120397, 3,7, 3
0.7790194904543338, 0.8226510479846385, 0.348192803592417, 0.298529545307269, 2,6, 2
0.7801503359276258, 0.7742952990816196, 0.33714769824745455, 0.27829615344576547, 5,7, 5
0.7931217987095057, 0.7432152353474628, 0.3256992711601807, 0.28368661424158076, 5,7, 5
0.792057473558172, 0.7548525513531715, 0.32817439644593016, 0.2860544390323568, 3,6, 3
0.7864032461917115, 0.7521938104836771, 0.33745138666430113, 0.29094265850075685, 2,5, 2
0.8001064325151334, 0.7169321540579583, 0.31293907901710427, 0.2620051598625602, 6,9, 6
0.8084879930818866, 0.6881134523596941, 0.29038528131223434, 0.24999770141368238, 2,3, 2
0.7963812944854654, 0.6918531250200826, 0.3157224581869247, 0.2620575594731396, 6,7, 6
0.7954500099780483, 0.703554319472644, 0.3271883097207655, 0.2705798813771088, 7,9, 7
0.7923235548460055, 0.7338958502600479, 0.31735739963060206, 0.26943116299644093, 5,8, 5
0.8022350828178009, 0.7153092387412849, 0.3100069525668033, 0.2726624825347117, 4,7, 4
0.7995077496175081, 0.7553657805790125, 0.2982887124951677, 0.26663344091332597, 2,6, 2
0.8005720747688418, 0.7468849032148476, 0.3139855354515115, 0.28224955763076937, 7,9, 7
0.8026342047495509, 0.7146328263688945, 0.3123623878446949, 0.28053905743243257, 4,7, 4
0.8027672453934677, 0.679164388685272, 0.30611909716743985, 0.2695033782499928, 5,8, 5
0.8077562695403446, 0.6675723695448487, 0.3067742466506019, 0.26928945693086986, 4,6, 4
0.7998403512272999, 0.6736401633283887, 0.30794577854377025, 0.25775886109586305, 6,8, 6
0.792257034524047, 0.7447033950701738, 0.3155467092288522, 0.2759577873829626, 4,11, 4
0.7889310184261292, 0.7685438991650165, 0.3362057165772622, 0.2962822912426419, 3,6, 3
0.7924565954899222, 0.7224468481027663, 0.32720232416844347, 0.28864531854954006, 3,6, 3
0.7887979777822125, 0.7075656247849703, 0.3274557151769462, 0.28801560147782107, 4,6, 4
0.7913922703385884, 0.6849276798645774, 0.31942055215990817, 0.26839891417615785, 2,6, 2
0.8033659282910929, 0.6494093663581159, 0.31785857276128315, 0.2756101838376847, 5,7, 5
0.8038980908667598, 0.6474523889230848, 0.3079419378126077, 0.26877265287259233, 2,4, 2
0.803565489256968, 0.7000491753492636, 0.30318380331195977, 0.27753464176982257, 3,5, 3
0.8014368389543005, 0.6578757796132004, 0.30762821004017904, 0.27875443610443584, 9,9, 9
0.800039912193175, 0.7214065944383985, 0.32151322697529416, 0.2825866615562338, 4,8, 4
0.8058937005255106, 0.6629628070952956, 0.3042956927733007, 0.2791343807286313, 5,5, 5
0.8063593427792191, 0.6338970419102263, 0.2968419778802775, 0.2655030180600379, 4,5, 4
0.807091066320761, 0.6383405865695739, 0.2953946669685006, 0.27043860925250646, 4,6, 4
0.8064258631011774, 0.6289882708390847, 0.3019056213435103, 0.2725682067318536, 1,3, 1
0.8080888711501364, 0.6261863375296478, 0.2925361799552094, 0.26201365663362614, 5,8, 5
0.7997738309053416, 0.6695337814139835, 0.31294554348586323, 0.27404517996153566, 8,12, 8
0.8028337657154261, 0.6517584537337476, 0.29824006006172654, 0.2612241369642552, 4,8, 4
0.8019690015299674, 0.654434298600459, 0.31392350919300893, 0.27607963225931587, 4,6, 4
0.809685358877137, 0.6221793419689291, 0.2840826009774913, 0.2542852997116592, 4,4, 4
0.8033659282910929, 0.68098985177277, 0.29168800446395826, 0.2607083923919483, 6,9, 6
0.8012372779884255, 0.6804937227811233, 0.29987612500132294, 0.2675364757652164, 2,6, 2
0.797977782212466, 0.6940841330214406, 0.30905738942889416, 0.2734873973895724, 3,5, 3
0.8014368389543005, 0.6241966110853095, 0.2882341271954181, 0.2678516759062882, 9,10, 9
0.8048958956961352, 0.6187668808242949, 0.29579170469995375, 0.2636014184217334, 4,5, 4
0.8056276192376771, 0.6524291244452763, 0.2929557635553686, 0.25948830773213605, 2,5, 2
0.8051619769839686, 0.6498153238195953, 0.29511086428371813, 0.2549414746347727, 1,3, 1
0.8059602208474689, 0.6116101922386477, 0.2972078190551731, 0.2644005481464873, 2,6, 2
0.8068249850329275, 0.6283568292390048, 0.28537020922207534, 0.25523420035514677, 2,6, 2
0.8103505620967205, 0.6429635597472052, 0.2875964683953736, 0.25449384778942225, 4,8, 4
0.8056276192376771, 0.6829026651606022, 0.29009348086261577, 0.2580960225602935, 2,7, 2
0.8069580256768443, 0.6398468895692826, 0.29542652573901146, 0.2611030816538075, 1,3, 1
0.8057606598815938, 0.6329248627684472, 0.29986200064034746, 0.2671457626835911, 7,10, 7
0.8054945785937604, 0.6606501462879073, 0.3010770485732982, 0.2754091738458616, 9,10, 9
0.7970464977050489, 0.6994023851345509, 0.319168829062216, 0.2885912872096498, 9,10, 9
0.7997738309053416, 0.6481360464606056, 0.3179505228362754, 0.2866623499292804, 8,9, 8
0.8040976518326348, 0.6224512729155969, 0.29515418346925454, 0.27024746600015, 4,4, 4
0.8038315705448015, 0.6270111678855359, 0.31308205099153485, 0.2838238634056469, 4,8, 4
0.8090201556575534, 0.6106667720581012, 0.2923784194426002, 0.2666714396315906, 3,5, 3
0.8111488059602209, 0.5825455237254759, 0.28762687693918826, 0.2579815702381278, 4,5, 4
0.8142752610922637, 0.5875713266828274, 0.27749549764067605, 0.24917598286755627, 1,6, 1
0.8111488059602209, 0.6136409588121359, 0.27665339836551484, 0.2530200087735634, 1,6, 1
0.8082219117940531, 0.6300995240310677, 0.2958875156722169, 0.2716007929248798, 1,5, 1
0.8134770172287634, 0.5713343030989815, 0.259591669359113, 0.2492525749949134, 8,10, 8
0.8130778952970132, 0.5672031295507354, 0.2679352633912569, 0.24794079570055072, 2,3, 2
0.8065589037450941, 0.6303476990019843, 0.29455627733584366, 0.2631476410939934, 1,6, 1
0.8058271802035522, 0.5842659597027966, 0.28379231800003135, 0.2582923950302511, 7,9, 7
0.810816204350429, 0.5635447303247975, 0.27790530389733875, 0.2567241340166032, 6,6, 6
0.10077828776691279, 2.303736140292966, 0.8944213325400786, 0.36684194226088074, 0,0, 0
0.25969533692543073, 2.0697407198905435, 0.7866960817055986, 0.5178978814701942, 0,0, 0
0.3984567285305661, 1.9186325915985967, 0.6639980846143096, 0.31141718031213766, 0,0, 0
0.4727599281580523, 1.6829500832533413, 0.6496486631582105, 0.42723485899329466, 2,5, 2
0.6053349298210603, 1.3750687310162248, 0.5508078976998594, 0.27296570454521674, 4,4, 4
0.5827180203552185, 1.3665205664248283, 0.564107739192055, 0.29443465538668556, 4,4, 4
0.622896294818067, 1.2673811781989146, 0.5464333066524585, 0.35279600609492656, 3,4, 3
0.6451806026741169, 1.2970045502513483, 0.5233402979006648, 0.31448152946217733, 1,6, 1
0.7103705181933081, 1.229641721828179, 0.4745573985241123, 0.27923370729689423, 2,5, 2
0.7011907137630546, 1.2012790100013249, 0.4773472854175268, 0.285496877766195, 4,5, 4
0.6722543737111688, 1.096017484025158, 0.512194396907301, 0.3536475659390024, 4,5, 4
0.7174881926428524, 0.9682041674974323, 0.47066351674630036, 0.3255348047100394, 4,6, 4
0.7477549391339054, 1.0032533477459158, 0.41828286967673395, 0.2788968250244067, 4,6, 4
0.7423667930552784, 0.9576266608908922, 0.41822695341923305, 0.2769240749197899, 2,4, 2
0.7444289230359875, 0.9421729300771327, 0.4127336008728703, 0.27617613265598895, 2,4, 2
0.7359143218253177, 0.8845604369295484, 0.4612554436123441, 0.3269572743377171, 2,5, 2
0.7648506618772035, 0.8385187140544832, 0.3960501527121224, 0.2824817454762407, 2,5, 2
0.7552052151932416, 0.8118705468895114, 0.41858607780282164, 0.2675265147887929, 2,4, 2
0.7673784341116211, 0.8012323913251231, 0.37538720530158864, 0.2669741763311937, 2,4, 2
0.771436173751081, 0.8730447507656499, 0.37462311335262727, 0.2983122138881996, 2,5, 2
0.7533426461784075, 0.8906177836734531, 0.3975133411967892, 0.3170823122619505, 3,5, 3
0.7464245326947383, 0.8643613758243, 0.40220653880065166, 0.31656294715567757, 1,3, 1
0.7436971994944456, 0.821959638900629, 0.4277522813757299, 0.3213893628274438, 7,9, 7
0.7575999467837424, 0.8148439363777196, 0.3852941718426879, 0.31127565434288385, 3,6, 3
0.7645180602674116, 0.7685989652663868, 0.3880165285634611, 0.3016384970970661, 3,4, 3
0.7592629548327013, 0.7928680259888993, 0.3907005271234755, 0.2980964939556723, 4,6, 4
0.7535422071442825, 0.7650708932964112, 0.398903393828276, 0.3155625356292256, 3,4, 3
0.762522450608661, 0.7558669188127672, 0.364246126568847, 0.2764397433805374, 4,5, 4
0.7685757999068715, 0.7643471899837658, 0.36251337784102133, 0.3008847453349428, 1,3, 1
0.7605933612718686, 0.7732365338759296, 0.3836670842395317, 0.3071412466037483, 3,5, 3
0.7633872147941196, 0.7830222624297596, 0.3575698834215663, 0.2878146910697003, 5,9, 5
0.7515465974855319, 0.7801949942532759, 0.3950093035807622, 0.32390429474008675, 3,8, 3
0.7539413290760327, 0.7479831318103582, 0.41023655917855273, 0.31810893743366125, 3,5, 3
0.7641189383356616, 0.7514592976012485, 0.3628159953729552, 0.30860450136481954, 4,8, 4
0.7623894099647442, 0.7435228771043134, 0.3914535003850662, 0.3148522615637176, 1,3, 1
0.7562030200226169, 0.740412905157285, 0.3915640278300811, 0.31743159414404953, 2,4, 2
0.7673119137896628, 0.7256530429710012, 0.37461910454464004, 0.3010144440646627, 3,6, 3
0.7663806292822457, 0.7227097314403125, 0.3594154798126777, 0.2981111977379635, 3,7, 3
0.766048027672454, 0.7223867863015889, 0.3844606359188606, 0.3176863839889215, 4,8, 4
0.7677775560433713, 0.7022531097436829, 0.3620453363582422, 0.30083526584092246, 3,5, 3
0.7709040111754141, 0.7172755566680863, 0.3435511919238266, 0.2895104406277497, 5,10, 5
0.7820129049424599, 0.6908284112670837, 0.3420862156004293, 0.2777856709712181, 3,3, 3
0.7869354087673784, 0.6890935537404522, 0.3234039503656511, 0.28127796559819324, 2,4, 2
0.7828776691279186, 0.7182049079007687, 0.34401510993297413, 0.28734572573200384, 3,9, 3
0.7806159781813344, 0.6998712070710366, 0.3308522616458219, 0.27762968231567364, 2,5, 2
0.7752278321027074, 0.6881967826402664, 0.3689509525764189, 0.3059565413173736, 7,9, 7
0.7883323355285039, 0.6622794271957197, 0.3404758487923244, 0.2811651766738965, 3,3, 3
0.7957160912658817, 0.6424200578838895, 0.2961237219420985, 0.255061939377073, 2,3, 2
0.803565489256968, 0.6334029919221755, 0.29971967331175486, 0.2592289697576535, 2,5, 2
0.8047628550522185, 0.62420184261865, 0.2990024280722586, 0.2515077517573421, 7,7, 7
0.7958491319097984, 0.6267967827803652, 0.32197613830191285, 0.26549291840361483, 6,6, 6
0.8036320095789263, 0.6109065502778649, 0.30211932283123366, 0.25009197368033026, 2,3, 2
0.8114148872480543, 0.59802721487283, 0.29306338474551663, 0.2474342626275946, 3,5, 3
0.8128783343311382, 0.6009664677803931, 0.2909008488438946, 0.2492506711551837, 3,5, 3
0.813410496906805, 0.5875118255151462, 0.28146012075949023, 0.2413017222244169, 3,3, 3
0.8102840417747622, 0.6228777290830387, 0.2898532893838723, 0.24897002456349088, 2,4, 2
0.8119470498237211, 0.6175616025720946, 0.28849033560783377, 0.24921980044831812, 2,5, 2
0.809685358877137, 0.603165007105526, 0.2912220862026095, 0.25276645982534535, 6,6, 6
0.807290627286636, 0.6422623788575833, 0.3019590576127763, 0.2554215281344783, 3,7, 3
0.8086210337258032, 0.6313597939231859, 0.2971505195487043, 0.25850948630065373, 2,4, 2
0.8090201556575534, 0.6481585534013128, 0.2894316150913909, 0.25106636636040675, 2,6, 2
0.8070245459988027, 0.6186849461088458, 0.29911473369726344, 0.25336766678232586, 7,7, 7
0.8082884321160114, 0.6022060064642268, 0.30334759996356037, 0.2525482113663975, 2,2, 2
0.8140091798044302, 0.5875800775176169, 0.28269749908764474, 0.24724803830069522, 6,6, 6
0.8149404643118473, 0.5880458814901909, 0.278684037004375, 0.24327747228453855, 3,5, 3
0.8207277323222244, 0.5672865856312905, 0.27055410693549675, 0.23943294240320256, 5,5, 5
0.8145413423800971, 0.6144281036982514, 0.283745818002137, 0.24463559217936218, 5,8, 5
0.8154726268875141, 0.5849873772944927, 0.27839806814131796, 0.24076704835057286, 3,3, 3
0.8146078627020554, 0.5768298136008608, 0.2955405324305711, 0.25022258336493486, 7,8, 7
0.8166034723608062, 0.5770461494142268, 0.29347221694931525, 0.24037304042949242, 4,5, 4
0.8173351959023482, 0.5768215406378221, 0.2817654810385006, 0.24127295480858763, 8,10, 8
0.8121466107895963, 0.623218282975115, 0.29544642099411655, 0.24992803887459125, 2,6, 2
0.813410496906805, 0.6111939577514139, 0.28337772146513696, 0.24866672166775497, 4,8, 4
0.8126787733652631, 0.5886503159082437, 0.29301579513728115, 0.2489002947422672, 3,4, 3
0.8128783343311382, 0.5743432668132956, 0.300042502737218, 0.25646853328786273, 3,4, 3
0.8202620900685159, 0.5616047836774866, 0.27104867833977087, 0.24319861423595523, 4,5, 4
0.8215259761857248, 0.553490137306439, 0.27575851456954115, 0.24069601335549287, 3,3, 3
0.8168030333266812, 0.6025294943125642, 0.2727178353985475, 0.24368684240542046, 0,4, 0
0.8176677975121399, 0.5714758542313501, 0.282192462404773, 0.24834459792427388, 5,5, 5
0.8212598948978913, 0.5549661380034684, 0.2723756366028712, 0.238957710196929, 4,4, 4
0.8233220248786004, 0.5388698577279984, 0.26595975251650844, 0.23233249541719656, 6,6, 6
0.8183995210536819, 0.588249624626097, 0.2760308052980247, 0.24496428509764964, 2,5, 2
0.8193973258830572, 0.5655015721500486, 0.27037364983413226, 0.24418511228681403, 2,3, 2
0.8219250981174749, 0.5427986273340051, 0.27222373354381707, 0.2437999498095349, 3,5, 3
0.8251845938934345, 0.533309064373085, 0.2575948505941041, 0.23154429106287425, 2,2, 2
0.8227233419809752, 0.5720973503313211, 0.2595197553985428, 0.23659926852185745, 0,4, 0
0.821392935541808, 0.5732051816059716, 0.2732091005540481, 0.23865568438627033, 2,5, 2
0.8243198297079758, 0.5422430976318148, 0.2610353041443171, 0.23700835083584212, 2,2, 2
0.8269141222643518, 0.5360002879817825, 0.25624736580365626, 0.23335775429094074, 4,5, 4
0.8231889842346837, 0.5441465380697073, 0.27478889027482006, 0.24000891841766614, 5,7, 5
0.8243198297079758, 0.5439228713285416, 0.2648266729072631, 0.23489491141297275, 0,3, 0
0.824718951639726, 0.5560394265722766, 0.2658549431070865, 0.2360400664512765, 2,6, 2
0.8237876671323089, 0.5411075186166763, 0.26951483307403534, 0.2371079119034617, 3,3, 2
0.8241867890640591, 0.5477348693753954, 0.27674011676449334, 0.23557576089149493, 2,4, 2
0.8227233419809752, 0.556967010905604, 0.2679382468357303, 0.2395228624332456, 3,8, 3
0.8217255371515998, 0.5596825032726983, 0.2720587805844051, 0.24544879515486936, 2,6, 2
0.816004789463181, 0.6270985651218688, 0.28013753713056855, 0.25144230738608025, 2,6, 2
0.8153395862435974, 0.5947476918571298, 0.27453903035823857, 0.24962621595388795, 6,7, 5
0.8126122530433048, 0.5702292787742421, 0.2774054576329449, 0.2578899338049053, 4,5, 4
0.816004789463181, 0.5582199950737565, 0.27008004206022984, 0.2467791948851447, 3,4, 3
0.8114814075700126, 0.5987519586576217, 0.2868186572917903, 0.2618842691581108, 6,7, 6
0.10077828776691279, 2.303736140292966, 0.8944213325400786, 0.36684194226088074, 0,0, 0
0.25603671921772103, 2.0658505370098617, 0.8143645676448783, 0.5272272265013533, 0,0, 0
0.37703718485997473, 1.871004977805651, 0.7241709446754575, 0.4692672841429907, 0,0, 0
0.4095656222976119, 1.7377978413932826, 0.6975055958601217, 0.46291357320304316, 3,8, 3
0.4683030665868423, 1.5807969004779643, 0.6629580211910334, 0.4465850803640892, 5,7, 5
0.5303000066520321, 1.452125230796032, 0.5998803692185689, 0.3907132555901734, 2,5, 2
0.6065988159382691, 1.3534949121753042, 0.5280012512331681, 0.3576982387127877, 2,6, 2
0.6251579857646511, 1.1496622629140532, 0.5513495511759463, 0.3869031016046404, 6,8, 6
0.6319430586044037, 1.1114114457009574, 0.5432072690182368, 0.3877112796114065, 4,5, 4
0.6844941129515066, 1.0785171073768927, 0.46465965054605, 0.3363280439826282, 6,9, 6
0.6825650236147143, 1.066080217044445, 0.4695743273112565, 0.29637543669507727, 6,9, 6
0.6993281447482206, 1.0452441626633495, 0.4576319723601555, 0.292025700843921, 6,8, 6
0.7433645978846538, 1.1217457057998255, 0.4478639886828184, 0.3322784720574309, 6,11, 6
0.736180403113151, 1.0054055301437295, 0.4550601771412047, 0.3350200606777949, 4,6, 4
0.6926761125523847, 0.9418392579540448, 0.4803313297287439, 0.3560786002583114, 7,9, 7
0.7176212332867691, 0.9298673006215901, 0.4707254402980191, 0.3488311011536049, 4,7, 4
0.7364464844009845, 0.9100203424391099, 0.4378269141451864, 0.2834654800368521, 4,6, 4
0.7470897359143218, 0.8878123800237642, 0.41219558359291547, 0.3023165921492678, 2,4, 2
0.7417015898356948, 0.8805320121063607, 0.41781124548509235, 0.2952665642757576, 4,7, 4
0.7468901749484468, 0.8519784018696807, 0.40780290745309, 0.2865132780364693, 1,3, 1
0.7529435242466573, 0.8250279338839387, 0.4066780423729633, 0.3212206160074797, 3,5, 3
0.7579325483935342, 0.8025264131493395, 0.4046200384296552, 0.2920821984162526, 6,9, 6
0.759928158052285, 0.8168552653294425, 0.41008649605783537, 0.30331787998456816, 2,4, 2
0.7568682232422005, 0.8101322317812919, 0.3949635341700774, 0.3032953793266553, 6,10, 6
0.7593959954766181, 0.7914456413105334, 0.39887470135283387, 0.3035150484535366, 4,5, 4
0.7750282711368323, 0.7596503443088436, 0.36554279314844884, 0.2802533307400302, 5,7, 5
0.7818798642985432, 0.7634883253158131, 0.34340535666760375, 0.26182587549671293, 5,10, 5
0.783875473957294, 0.817801088425937, 0.3500128000572109, 0.27267393833601383, 5,9, 5
0.7683097186190381, 0.83304098478475, 0.3950331089291955, 0.30168604846785113, 1,7, 1
0.7704383689217056, 0.8043716202326416, 0.365123033030347, 0.29583243868692155, 2,7, 2
0.782944189449877, 0.7954277448098865, 0.3620364154283561, 0.2955530400368121, 2,5, 2
0.774961750814874, 0.7879742919791708, 0.3657172541646804, 0.29365768009645626, 2,6, 2
0.7606598815938269, 0.7835972237960352, 0.37876721736675384, 0.3051575321215783, 2,6, 2
0.7873345306991286, 0.7757815410530368, 0.3459287681925368, 0.2852018288808117, 2,6, 2
0.7755604337124992, 0.7754109669083353, 0.37095730242279784, 0.29271138422956916, 2,6, 2
0.7794186123860839, 0.7927437846039983, 0.3630467024452767, 0.29700881537847207, 2,5, 2
0.766247588638329, 0.7777712167654626, 0.36525347312289336, 0.30886097729310097, 2,6, 2
0.7669793121798709, 0.7688541727760668, 0.3709274900600875, 0.3071313466956735, 2,5, 2
0.7715026940730393, 0.776508026428977, 0.3747564849079336, 0.3021864979316398, 0,2, 0
0.7682431982970798, 0.7646038706847306, 0.37707113284115096, 0.30955909240799195, 2,6, 2
0.771436173751081, 0.7699277729855708, 0.3699828469144748, 0.2980810111076282, 3,8, 3
0.7766247588638329, 0.7643651758373412, 0.3583791107803308, 0.3060555108655352, 2,7, 2
0.7900618638994212, 0.7339119210968194, 0.30961400836035574, 0.2709789461353022, 1,4, 1
0.7784208075567086, 0.7579420073655327, 0.3716164742283675, 0.30053726528421204, 3,9, 3
0.7814807423667931, 0.7493678262252237, 0.34171404198197775, 0.28823209666432814, 4,8, 4
0.7852724007184195, 0.7446974418494351, 0.34851120195403884, 0.2928753694871058, 2,6, 2
0.7882658152065456, 0.735416067889817, 0.33508328170859897, 0.2810038012760303, 2,5, 2
0.7826115878400851, 0.7445196913820604, 0.34654655470386303, 0.29347208432739913, 3,7, 3
0.7740969866294153, 0.7306828745719455, 0.36623829261582513, 0.29876739528303115, 2,3, 2
0.774429588239207, 0.7256920934100349, 0.3757720235266931, 0.3043874854506503, 6,10, 6
0.7852058803964611, 0.7104795265584792, 0.33494044876885, 0.28273083732414767, 1,5, 1
0.778686888844542, 0.7177688217165428, 0.35936412664875567, 0.2857965504214542, 1,4, 1
0.786669327479545, 0.6987989797457812, 0.3480847530387114, 0.28344103594718567, 2,5, 2
0.783875473957294, 0.7050438196250439, 0.35241749823138385, 0.29646495532759204, 1,6, 1
0.7850063194305861, 0.711422190441306, 0.34928699916054334, 0.2949379518082702, 1,6, 1
0.7913922703385884, 0.7119214051820785, 0.33645840277371947, 0.2887659068444873, 3,8, 3
0.7908601077629216, 0.7228334360898903, 0.334653947339311, 0.28499717899087373, 3,8, 3
0.7919244329142553, 0.7146970852914605, 0.3387625672104067, 0.28981746653963797, 3,8, 3
0.7987095057540079, 0.7186943016571693, 0.298987829107163, 0.270198362882297, 1,5, 1
0.7856715226501696, 0.7051683992673665, 0.34017624070235164, 0.2893879166977667, 5,8, 5
0.7828111488059603, 0.7159835986603097, 0.3453256537370371, 0.28966980312048274, 4,10, 4
0.78646976651367, 0.7014385125601071, 0.3498266672334824, 0.29014060608351505, 3,5, 3
0.7938535222510477, 0.6896665474200718, 0.32179379711383005, 0.2714926679026917, 3,6, 3
0.8001064325151334, 0.6723318381109528, 0.3126905324886881, 0.27705424315710486, 2,5, 2
0.7990421073637997, 0.6842188719285436, 0.2932974848637429, 0.2648621288780811, 3,7, 3
0.7963147741635069, 0.6964613099527883, 0.32496468298283787, 0.28750248287223124, 5,9, 5
0.7945852457925896, 0.676190400414736, 0.33367658939955236, 0.286822711240257, 2,5, 2
0.7939200425730061, 0.6753564243737477, 0.33038471562806415, 0.2881230624891206, 2,6, 2
0.7987095057540079, 0.6595937003257291, 0.3192338693774174, 0.2778183449204168, 1,4, 1
0.8013703186323422, 0.641741371291607, 0.3148019567471949, 0.27186503592271316, 2,4, 2
0.7919244329142553, 0.661948563518008, 0.34056019612729005, 0.28513453380988624, 3,6, 3
0.7933213596753809, 0.6526536390256469, 0.3366868229377926, 0.2837892761615313, 3,7, 3
0.7987095057540079, 0.661613835891987, 0.3029334230212612, 0.27264177622855695, 4,8, 4
0.7977782212465908, 0.6670846053482115, 0.3171030698577568, 0.28022150483051095, 3,6, 3
0.8024346437836759, 0.6480099926089549, 0.2862501586871182, 0.26372503875476055, 4,9, 4
0.8021685624958425, 0.655705574089016, 0.3047956015493083, 0.26923528094628996, 2,6, 2
0.8063593427792191, 0.6515284420545638, 0.2867150208478851, 0.259539916100942, 1,4, 1
0.7991751480077164, 0.6602785514080342, 0.304984044911331, 0.2691842311722576, 3,8, 3
0.7999733918712166, 0.647673919006612, 0.30759116708226275, 0.2715406705979982, 4,6, 4
0.7878666932747954, 0.6888797960440755, 0.33810235804563843, 0.2837257855541122, 3,7, 3
0.7873345306991286, 0.7023926085636611, 0.33253857736576203, 0.28724504421297964, 4,10, 4
0.7843411162110024, 0.6843337243761619, 0.3423804577993393, 0.2899441729171144, 2,5, 2
0.7824785471961684, 0.6843053376639792, 0.3531973153345976, 0.2892642171442141, 3,8, 3
0.7929222377436307, 0.676285723314825, 0.33801003886988906, 0.2846147058685027, 3,8, 3
0.7958491319097984, 0.6511654207181391, 0.3025526898855041, 0.2740881402459268, 2,6, 2
0.8005720747688418, 0.6348101516640214, 0.3017243066637831, 0.27202509459051577, 2,6, 2
0.797445619636799, 0.6497163506299783, 0.30421973238081373, 0.26385060437221775, 4,8, 4
0.7980443025344243, 0.6649291438471546, 0.3146374731982677, 0.27896326649084224, 2,5, 2
0.7966473757732987, 0.6757134612449374, 0.31113241842977707, 0.2745292124102455, 2,6, 2
0.7942526441827978, 0.7038286172994169, 0.3227454179284431, 0.28745691517981997, 2,8, 2
0.7964478148074237, 0.6652984719832405, 0.2953423717265044, 0.27506343449311194, 7,9, 7
0.7951174083682565, 0.6316511590962668, 0.3100361969087919, 0.27913813268342613, 5,6, 5
0.7979112618905075, 0.6235472449649615, 0.30536098727470695, 0.2794664643214377, 4,8, 4
0.8005055544468835, 0.6047016914479779, 0.304024095062509, 0.27488131505149743, 5,5, 5
0.8008381560566753, 0.6587814524876681, 0.303620806798301, 0.27677768276839587, 4,8, 4
0.7985764651100912, 0.6339975882653566, 0.3078093259361665, 0.27530105809923455, 5,6, 5
0.7999733918712166, 0.6189697783480063, 0.3009720828033972, 0.2724518402142678, 5,6, 5
0.801902481208009, 0.6112673288564128, 0.29841578309490774, 0.27288340125474836, 6,7, 6
0.804496773764385, 0.5887027957240247, 0.2926956555444978, 0.26823983790307915, 5,5, 5
0.8096188385551786, 0.5655805848497921, 0.2841195359418292, 0.25460906985838977, 7,7, 7
0.8114148872480543, 0.5562894568990949, 0.2749225289299115, 0.24940385528775866, 5,5, 5
0.10077828776691279, 2.303736140292966, 0.8944213325400786, 0.36684194226088074, 0,0, 0
0.28051619769839686, 2.1597212739137643, 0.7626142061475736, 0.3935035618205809, 0,0, 0
0.32794518725470634, 1.9474707163832172, 0.7094502748064356, 0.44649992714902964, 0,0, 0
0.3850196234949777, 1.830139916062579, 0.6766847980941643, 0.40324454688444605, 4,4, 4
0.5501230625956229, 1.5440711076825169, 0.5582923110769782, 0.35583551366121613, 2,7, 2
0.5790594026475088, 1.5802163791085149, 0.556708601111577, 0.36624645631979214, 3,8, 3
0.702920242133972, 1.5562595431338224, 0.47506983339299, 0.27948855511347226, 2,5, 2
0.7182864365063527, 1.6203412931812171, 0.46781828235177875, 0.2874116781158941, 3,8, 3
0.6840949910197566, 1.46824555816661, 0.5194106820083837, 0.3548939784051731, 2,8, 2
0.6786403246191711, 1.311518016830161, 0.5136308979901542, 0.3514407594688228, 4,9, 4
0.7042506485731391, 1.2031797600844027, 0.4826531715840487, 0.3393302089268312, 5,9, 5
0.7077762256369321, 1.1438964620218457, 0.45552829808108064, 0.3127561056193337, 3,7, 3
0.7370451672986097, 1.1321488221103546, 0.43849239322431743, 0.3214383457558263, 4,7, 4
0.718153395862436, 1.1042652719385333, 0.4479462281825637, 0.3244558944502263, 6,8, 6
0.712765249783809, 1.0576077852681154, 0.4845761001083062, 0.3369548517403104, 2,3, 2
0.7293953302733985, 1.0266279843433275, 0.4376197236081674, 0.33730869068401, 4,6, 4
0.7255371515998137, 1.0257240966338335, 0.43702275975608523, 0.3204894454911767, 3,5, 3
0.7250715093461052, 1.0353103343212515, 0.44913598145499045, 0.3420167614079357, 5,10, 5
0.7140291359010178, 1.018245968400259, 0.4559469906091634, 0.3351298210706159, 1,4, 1
0.7312578992882326, 0.9938602973460452, 0.4350826490956387, 0.3345073362847296, 1,3, 1
0.7277323222244396, 1.007005811486732, 0.43704780129632004, 0.3364497467569667, 2,5, 2
0.7159582252378102, 1.0003473845978723, 0.44297314916561137, 0.3286064450786619, 2,5, 2
0.7150269407303932, 0.9864792838670796, 0.46131561215617267, 0.3333669501005636, 2,7, 2
0.7258697532096056, 0.9849211589904026, 0.4216877954232244, 0.3276889884373076, 8,13, 8
0.7222111355018959, 0.9635886166907692, 0.4480083932687677, 0.3287728941352262, 3,7, 3
0.7297279318831903, 0.9459600269714453, 0.4281289498507235, 0.32842357406688694, 7,4, 2
0.7224772167897293, 0.9327254171904584, 0.43261539962922735, 0.326102605385902, 5,9, 5
0.7665801902481209, 0.9063241148462713, 0.3829572474320732, 0.3049577907188534, 3,7, 3
0.726135834497439, 0.9250153327680545, 0.43958980537937564, 0.3290404411723797, 2,5, 2
0.7586642719350761, 0.9061637147136025, 0.38444152476388377, 0.2980478393997685, 2,5, 2
0.7538748087540744, 0.8885638833439881, 0.3850173460014697, 0.29537430324769376, 3,6, 3
0.7273997206146477, 0.8844624131904386, 0.43950345589679235, 0.3351954713743106, 7,5, 3
0.7482871017095722, 0.8766753342719444, 0.3693077680737287, 0.3091087512250702, 6,10, 6
0.7260027938535223, 0.901962604559704, 0.42971768757672923, 0.32777485147354846, 11,8, 6
0.7467571343045301, 0.8637345573094629, 0.40418696875137244, 0.3238906581920692, 8,6, 4
0.7451606465775295, 0.8536280286443385, 0.4144414101724284, 0.33031244213302285, 7,5, 3
0.7453602075434045, 0.8689317743194106, 0.40255839435579815, 0.31970630785779197, 9,10, 6
0.7590633938668263, 0.8343370473562306, 0.3749358135118173, 0.3032516287170129, 10,7, 5
0.7577995077496175, 0.8239231759787987, 0.3737940701396664, 0.3075835114085343, 7,6, 4
0.7695070844142886, 0.8391352625504918, 0.349977614822901, 0.29690025923259616, 5,8, 2
0.7759595556442493, 0.8188163049085461, 0.3419767406279744, 0.29112915543596724, 7,6, 4
0.7577995077496175, 0.847925133606531, 0.3674369989965496, 0.306330588266459, 3,8, 0
0.736180403113151, 0.8604963963269, 0.39759741549611954, 0.3146513591178532, 0,8, 0
0.7446284840018625, 0.8632923275157539, 0.39720742408405274, 0.32206263269740193, 12,9, 9
0.7462914920508216, 0.8364683193925345, 0.3947802396180333, 0.3221423177972483, 14,6, 6
0.7444289230359875, 0.8275643039182841, 0.4057547241730263, 0.31692828207934925, 8,5, 3
0.7336526308787334, 0.8419822695091728, 0.40706155321553994, 0.31592705082587474, 4,3, 0
0.748420142353489, 0.8501041040874818, 0.3579563621050661, 0.3013813926867972, 14,8, 0
0.7862702055477948, 0.8618235775201855, 0.3189195691321118, 0.28375094443013327, 6,8, 0
0.7546730526175747, 0.845634167354019, 0.4059749831042292, 0.3031190299617899, 13,4, 0
0.7464245326947383, 0.8649871405911107, 0.4206608046573074, 0.3078742608355211, 5,9, 0
0.7426328743431119, 0.8337242846746667, 0.40323783835765503, 0.3192799297816644, 3,7, 0
0.7826115878400851, 0.8319675468966303, 0.3290541739927006, 0.28823075567613965, 0,9, 0
0.7810151001130845, 0.8290436473562444, 0.3415428381413044, 0.29042129393324273, 0,6, 0
0.7798842546397925, 0.816926963015765, 0.3356660040697232, 0.29251601495214613, 6,6, 0
0.7617242067451606, 0.8385603647337937, 0.3884855133296842, 0.303287032826294, 8,8, 0
0.7721013769706645, 0.8294607410163095, 0.36481694278753574, 0.29735035038269064, 9,9, 1
0.7693075234484135, 0.8206915356176177, 0.3673886469404036, 0.29402157536508167, 12,6, 0
0.7788864498104171, 0.8371426122528723, 0.33914101381472156, 0.29130649826500654, 14,8, 0
0.774429588239207, 0.8453103592835125, 0.35927609282784945, 0.29207063069091094, 5,8, 0
0.7889975387480875, 0.8330000082299625, 0.3255436640100547, 0.2859234461899173, 14,7, 0
0.7699727266679971, 0.8148934220928191, 0.36705369485165973, 0.2951543508737603, 4,10, 0
0.772367458258498, 0.8102456540359224, 0.34513481611514424, 0.29874541603167465, 0,6, 0
0.7728996208341649, 0.8221071284696951, 0.3539379149074581, 0.2963798852272429, 8,10, 0
0.785937603938003, 0.8297826978846974, 0.3235240040468731, 0.28537541358962687, 7,11, 2
0.783875473957294, 0.8159026324965344, 0.3285496400034982, 0.2860575117580615, 8,8, 0
0.7734983037317901, 0.8207009978848946, 0.3549117131934812, 0.2984424326632436, 0,9, 0
0.7734317834098317, 0.8144019506375466, 0.3453490701175605, 0.29263516242270865, 3,7, 0
0.7765582385418746, 0.8213386784889867, 0.3562457897975464, 0.29069703644889566, 6,8, 0
0.7715026940730393, 0.8231952124414458, 0.3661652582573527, 0.2912322835575383, 4,5, 0
0.771436173751081, 0.804686272271099, 0.35545104964745183, 0.292232927167843, 10,8, 3
0.762722011574536, 0.8217096232500738, 0.3840435536346927, 0.3090312770668395, 4,9, 0
0.7695736047362469, 0.8099467507403618, 0.36009248600083443, 0.3043255135328704, 2,8, 0
0.7794186123860839, 0.8070784358440203, 0.3416851192124855, 0.29481089218385753, 1,7, 0
0.7693740437703719, 0.8172602378874539, 0.3681134472857521, 0.2941164705394738, 12,7, 0
0.7797512139958758, 0.8170414166014988, 0.3379050965329435, 0.28849436069126233, 2,12, 2
0.7858710836160447, 0.8258750785680019, 0.32616776213415277, 0.292175155689034, 7,9, 0
