acuracia,loss,frr,fpr, removed, n_clf, tp_removed
0.09825051553249518, 2.3036959122288754, 0.8944041643372586, 0.40467750686587217, 0,0, 0
0.20494911195370186, 2.175683654770914, 0.8165178331560751, 0.5108000188151693, 0,0, 0
0.24931816669992682, 2.1199162751386673, 0.7711064351360251, 0.49479875838847304, 0,2, 0
0.36054014501430187, 2.032909208620601, 0.711427982247468, 0.4654035488330686, 0,2, 0
0.31703585445353555, 1.8868146306479325, 0.7371425341327954, 0.48426527662712743, 0,7, 0
0.5738708175347569, 1.705942756958345, 0.5855608345422048, 0.4008988950520556, 0,4, 0
0.5614315173285439, 1.462639236295452, 0.5924741136097308, 0.39680696818621414, 0,7, 0
0.6590168296414555, 1.5299461161944392, 0.5074697330730629, 0.34011379380379303, 0,3, 0
0.6921439499767179, 1.4538165375348464, 0.4827862514189438, 0.32677966936391123, 0,6, 0
0.639060733053948, 1.3003998929282183, 0.5262180264463909, 0.3656002141586429, 0,6, 0
0.703119803099847, 1.3122994183799166, 0.49334621814636775, 0.3711992627773337, 0,5, 0
0.6522982771236613, 1.2116713247393032, 0.49889139325709414, 0.3636877366630795, 0,9, 0
0.6509013503625357, 1.1994848458778724, 0.5050129401158066, 0.3611168180449621, 0,9, 0
0.6775759994678374, 1.1749420252408758, 0.45992676944678945, 0.35135631754951313, 0,6, 0
0.6502361471429522, 1.1585967005850935, 0.506393226675092, 0.3712844886575008, 0,5, 0
0.6373312046830306, 1.143197988772798, 0.50244964990288, 0.3612636773090154, 0,8, 0
0.6605467970464977, 1.1319008575555556, 0.521406253426229, 0.3710968505128994, 0,6, 0
0.6423202288299076, 1.105831488193039, 0.488761606856179, 0.3611029477112172, 0,7, 0
0.6775759994678374, 1.0706345662243861, 0.49012776805545094, 0.359126941439839, 0,8, 0
0.6656023415153329, 1.0843071095584373, 0.5087369725055114, 0.3596013033881703, 0,9, 0
0.6697266014767511, 1.0677252039850593, 0.4979402825183565, 0.3632305081584956, 0,6, 0
0.6744495443357946, 1.071155733438622, 0.49056943466059444, 0.35980911219177925, 0,10, 0
0.6946052018891772, 1.0439402694634061, 0.46708453583168574, 0.3549733505338034, 0,10, 0
0.6857579990687155, 1.0297161007934654, 0.4709023319532861, 0.34903515420793174, 0,6, 0
0.67990421073638, 1.0248030570747526, 0.4845693789404848, 0.35565309228521613, 0,9, 0
0.7071775427393069, 1.007042554914528, 0.47295183387064355, 0.33718846706201583, 0,5, 0
0.6829641455464645, 1.0197700967079977, 0.46001887464069846, 0.34993193441242015, 0,10, 0
0.6667997073105834, 1.0450468880821364, 0.48731152401798317, 0.3543793397772337, 0,9, 0
0.6749817069114614, 1.0278454042218048, 0.4571319062079508, 0.34743086839211235, 0,5, 0
0.67990421073638, 0.9941841942175055, 0.4845693789404848, 0.36011852742513384, 0,6, 0
0.6943391206013437, 1.0118298280583118, 0.48529079653220897, 0.3587081640577414, 0,8, 0
0.6863566819663407, 1.0140922104428778, 0.47614023115011717, 0.37208815808503465, 0,8, 0
0.6899487793520921, 0.9860129543459974, 0.4724770560020384, 0.3651399638050836, 0,7, 0
0.6896161777423002, 0.9898282751348121, 0.474965915182074, 0.3621574523849918, 0,7, 0
0.7375108095523182, 0.9733470159846848, 0.4233327124748872, 0.33820705838057974, 0,4, 0
0.7511474755537817, 0.9636285141779763, 0.41162309549978104, 0.33833249347378624, 0,7, 0
0.6952038847868024, 0.9585101951354781, 0.4572511665318234, 0.35406796849313127, 0,7, 0
0.7148939000864765, 0.9586292223217286, 0.46002341387293677, 0.35296353863946245, 0,9, 0
0.7099048759395995, 0.9560332786212106, 0.4632158147867568, 0.35315364135855154, 0,6, 0
0.7015898356948047, 0.9493731314574484, 0.44325135002869076, 0.3477978642139425, 0,4, 0
0.7177542739306858, 0.9395460547790638, 0.4594628306412035, 0.36672523514936806, 0,5, 0
0.7093061930419743, 0.9387605279627814, 0.436415224661012, 0.3445243674345072, 0,7, 0
0.7137630546131843, 0.9560094604501749, 0.45340859449229975, 0.337959585693674, 0,11, 0
0.7085744695004323, 0.9543023100916104, 0.4493255713821071, 0.3579552271301382, 0,7, 0
0.7144947781547263, 0.9519295823173306, 0.4419545585848405, 0.3508550969059314, 0,5, 0
0.7277988425463979, 0.9401498959283104, 0.4460181599409225, 0.3463469086462448, 0,6, 0
0.6707909266280849, 0.9414415865628112, 0.4834644869004901, 0.3656643105694652, 0,5, 0
0.7077762256369321, 0.9329642154666699, 0.4324032945543373, 0.33597308201533366, 0,7, 0
0.7476218984899887, 0.928513931741001, 0.3940193207586654, 0.32692104106641034, 0,8, 0
0.7386416550256103, 0.9375138870836033, 0.4337607558037105, 0.33555228499332296, 0,6, 0
0.6941395596354686, 0.935970406029244, 0.4761829816821627, 0.3550012373119296, 0,12, 0
0.7701722876338721, 0.9281706679402149, 0.3842557109523439, 0.3116880888372655, 0,4, 0
0.7151599813743098, 0.9266876641631564, 0.429095370034409, 0.33322054375015475, 0,12, 0
0.7480210204217388, 0.9234006537208552, 0.4039666687407668, 0.3185616428734266, 0,10, 0
0.6757799507749618, 0.9506655883283046, 0.4528071672087932, 0.3500344419766893, 0,8, 0
0.7238076232288965, 0.9381200907895367, 0.4454530675211696, 0.33232388510112626, 0,5, 0
0.752877003924699, 0.9127161953211944, 0.40949172390676436, 0.3235744357342964, 0,4, 0
0.7488857846071975, 0.8953526961169925, 0.43014413809201685, 0.3313686649380637, 0,8, 0
0.7044502095390142, 0.9190758251326603, 0.4289584105907362, 0.3361367448333513, 0,9, 0
0.7434311182066121, 0.9074020549018994, 0.4191760822637404, 0.33940736718396786, 0,5, 0
0.7342513137763587, 0.9098247042872754, 0.431255578362081, 0.3405754948375745, 0,4, 0
0.7480210204217388, 0.8917491080312038, 0.4213128715761044, 0.3302276100331843, 0,5, 0
0.750083150402448, 0.8922026743013733, 0.41909284364770466, 0.3460014295157693, 0,9, 0
0.7560034590567418, 0.9008692038203031, 0.4282934463879949, 0.3276281007718155, 0,4, 0
0.7144282578327679, 0.8986110264985899, 0.4511484748292405, 0.34235490264520513, 0,6, 0
0.7541408900419078, 0.8755172255874506, 0.40432515728056373, 0.31174462225119276, 0,7, 0
0.7623894099647442, 0.8623155256492878, 0.4096908985350407, 0.33572920480335383, 0,5, 0
0.7430985165968204, 0.8745503370283172, 0.4028778570166312, 0.323058316020165, 0,9, 0
0.7673119137896628, 0.8692501718709629, 0.3531857275401833, 0.2994684338862348, 0,5, 0
0.7466906139825716, 0.8632854444872181, 0.4241810746548339, 0.3359966080849441, 0,9, 0
0.7605933612718686, 0.8746822895949842, 0.4093483237452363, 0.324935148058174, 0,7, 0
0.7659815073504955, 0.8632394911411806, 0.4009808118588922, 0.3208562945029245, 0,8, 0
0.76012771901816, 0.8743530133701897, 0.4183981435336674, 0.33590862758049506, 0,6, 0
0.7532761258564491, 0.8664133125163842, 0.3942042827264838, 0.32867371072970003, 0,5, 0
0.759928158052285, 0.8543751603498098, 0.40364738354999924, 0.31846479210462936, 0,8, 0
0.739506419211069, 0.873315284105733, 0.41503477837427666, 0.33534478064783085, 0,6, 0
0.7133639326814342, 0.8779507510171137, 0.4114593625320343, 0.33668723432662817, 0,8, 0
0.6971329741235948, 0.8839052087741467, 0.44196743424532203, 0.3398384279809115, 0,7, 0
0.7442293620701124, 0.871871304221623, 0.4217942687904632, 0.3215329582378703, 0,6, 0
0.7287301270538149, 0.8564076418352625, 0.3957081056357366, 0.32197164421579477, 0,4, 0
0.7734983037317901, 0.8362030412695486, 0.36309785843388087, 0.309468737048824, 0,9, 0
0.7725004989024147, 0.849673013345196, 0.37180933479527156, 0.30223379232453895, 0,9, 0
0.7592629548327013, 0.8514700214804486, 0.4151006839295795, 0.3290809725385804, 0,5, 0
0.7599946783742433, 0.8433366387581144, 0.4140210749238426, 0.325755111557606, 0,6, 0
0.7605933612718686, 0.8347723585001352, 0.40379648071859825, 0.33463309846339095, 0,4, 0
0.7463580123727799, 0.8242009434727552, 0.42909914188172465, 0.3399355181416027, 0,6, 0
0.7611255238475354, 0.8129681950435166, 0.3918873328489241, 0.3175580355247484, 0,5, 0
0.7691079624825384, 0.8156851554594388, 0.3695649469359985, 0.3062307950648519, 0,5, 0
0.7699727266679971, 0.8047553867544842, 0.37395760106549475, 0.30954820034684166, 0,5, 0
0.7637863367258697, 0.8141572625993448, 0.3856946140525077, 0.3140880081146056, 0,5, 0
0.7683762389409965, 0.8308170118985057, 0.3635771564628343, 0.30001889450733976, 0,8, 0
0.7593959954766181, 0.8341988365643368, 0.37518282039407963, 0.31234406628670347, 0,7, 0
0.7754939133905409, 0.8121476222059975, 0.3538950641225433, 0.3050570379652091, 0,5, 0
0.774230027273332, 0.8067783202957496, 0.3591938545993523, 0.3036525501126441, 0,10, 0
0.7808155391472095, 0.808660828999204, 0.3487943312665728, 0.30135065122671884, 0,7, 0
0.777023880795583, 0.7937935494833297, 0.3620052943447925, 0.30611784682084286, 0,3, 0
0.7692410031264552, 0.7781400741105295, 0.3642893565133493, 0.3052486106639611, 0,4, 0
0.7657154260626622, 0.7827523076588104, 0.38280895209466115, 0.32245633521996886, 0,7, 0
0.7715692143949977, 0.7818092939794363, 0.36430445742550893, 0.30332985859009265, 0,5, 0
0.7735648240537484, 0.8062242749932976, 0.3630714871793808, 0.3047310997453576, 0,6, 0
0.7671123528237876, 0.7928152913526982, 0.3632121122150467, 0.3015983067751132, 0,7, 0
0.11301802700725072, 2.3019749113069055, 0.8845579199949613, 0.3454361249311355, 0,0, 0
0.2256369320827513, 2.1343124516866867, 0.8159652172599138, 0.546406260956431, 0,0, 0
0.3689882259030134, 2.102601583668677, 0.7205605928187316, 0.3398171748830181, 0,1, 0
0.36519656755138696, 1.8623349600985943, 0.735405695855624, 0.47049352707946723, 0,7, 0
0.4178806625424067, 1.7693827992775621, 0.6992161840063434, 0.4687490242535974, 0,3, 0
0.45972194505421404, 1.5206645011503133, 0.6879794008680772, 0.4499034306477009, 0,4, 0
0.5687487527439633, 1.4324417626059, 0.579657472178678, 0.38051938996427964, 0,6, 0
0.5359542340184926, 1.4041126467317773, 0.5929823182969313, 0.3973313080121037, 0,8, 0
0.5042240404443558, 1.447739879595066, 0.6207219243319338, 0.4241595819823685, 0,7, 0
0.6530300006652032, 1.3771621664220413, 0.5143136235324566, 0.3670469686369791, 0,8, 0
0.6243597419011508, 1.2770428530146287, 0.5279973969768849, 0.3780935120590472, 0,5, 0
0.6415219849664072, 1.170809567294869, 0.4927423110767086, 0.3663872770193809, 0,4, 0
0.6349364730925298, 1.1966945239834832, 0.5025151202003579, 0.3728506431020703, 0,6, 0
0.6764451539945453, 1.1570361058883107, 0.46838246273595224, 0.3542826378272673, 0,9, 0
0.6454466839619504, 1.1179387076826428, 0.48796695292496267, 0.35501265168303037, 0,10, 0
0.6129182465243131, 1.1152855959845247, 0.5131583253618921, 0.3727931189021275, 0,6, 0
0.655757333865496, 1.0924705714448273, 0.4805677693804998, 0.35503354651614855, 0,13, 0
0.7450276059336127, 1.0848126330899308, 0.3992697333867899, 0.3168887378196697, 0,8, 0
0.6981972992749285, 1.0817286446785965, 0.457073798813691, 0.34548029845844963, 0,8, 0
0.6755803898090866, 1.0611267441524423, 0.4821717576136719, 0.3575790913285196, 0,6, 0
0.655225171289829, 1.0250714044651017, 0.4868776399666131, 0.35941692345163767, 0,7, 0
0.6799707310583383, 1.0197473103283212, 0.4607733263520648, 0.3354913276372768, 0,10, 0
0.6109226368655625, 1.026105079931817, 0.4918443841969853, 0.35992483762555616, 0,10, 0
0.60899354752877, 1.046828987687755, 0.49939621832776687, 0.36446052377637556, 0,6, 0
0.6122530433047296, 0.9989924448959109, 0.48108211711553417, 0.3538050764243313, 0,6, 0
0.6592163906073305, 1.0148402837925246, 0.4754088514477857, 0.35838964288481967, 0,6, 0
0.6958025676844276, 0.9684653498792115, 0.43859378267857774, 0.32812312164309065, 0,11, 0
0.7464245326947383, 0.9850342274935553, 0.38367877289838015, 0.31720759397764153, 0,7, 0
0.7413024679039446, 0.9936840643184331, 0.4152758320782148, 0.3312086201906999, 0,6, 0
0.7222111355018959, 0.9753752489572581, 0.4489445106865638, 0.3375364958833039, 0,7, 0
0.6457127652497838, 1.0015385011404483, 0.47640259571000665, 0.35395308353779326, 0,7, 0
0.6743165036918779, 0.9918389965590878, 0.462829684563566, 0.34694298527142287, 0,7, 0
0.6709239672720015, 0.9981077320052937, 0.46025355234076537, 0.3435401334203307, 0,8, 0
0.6888179338788, 0.996265060386206, 0.4528634911476102, 0.3289538195710556, 0,5, 0
0.6098583117142287, 1.0139044284851408, 0.49393488803293706, 0.36678303384933464, 0,8, 0
0.6839619503758398, 0.972682278215636, 0.44659711514343764, 0.3462603708683965, 0,5, 0
0.7409698662941528, 0.9492944714315797, 0.4033234449503423, 0.3196531591814928, 0,5, 0
0.6874875274396328, 0.970291753977404, 0.45374844689982263, 0.34084353948655755, 0,7, 0
0.7042506485731391, 0.9540181807075374, 0.43092294912368007, 0.3280220637008602, 0,8, 0
0.7143617375108096, 0.9371431947335502, 0.4313487162679152, 0.3257198912325196, 0,8, 0
0.7446284840018625, 0.9383638305678148, 0.3859245292102791, 0.317321671406224, 0,8, 0
0.7377103705181933, 0.9358403452704186, 0.41569089750858085, 0.3292748934366854, 0,9, 0
0.7128317701057673, 0.950310910466174, 0.4136626253824294, 0.3293955370315251, 0,6, 0
0.7400385817867359, 0.9316493642433125, 0.3915271552895916, 0.32448190299023016, 0,4, 0
0.7358478015033593, 0.9166810361153864, 0.39211774663749843, 0.3255587427297863, 0,10, 0
0.7295948912392736, 0.9281744072662068, 0.40327784241002307, 0.3239314295113413, 0,8, 0
0.7313909399321493, 0.9287665340482913, 0.4142724689624888, 0.3280618204483157, 0,7, 0
0.7234085012971463, 0.9197291079732046, 0.4218865843380486, 0.33121931801190674, 0,7, 0
0.7405042240404444, 0.9177042123218736, 0.40525354833811245, 0.3270233051813831, 0,6, 0
0.7357147608594425, 0.916689465191304, 0.40719967370691945, 0.32616797910395584, 0,6, 0
0.7291957693075235, 0.9146142002369484, 0.40312385627417663, 0.32157062072628206, 0,6, 0
0.7365795250449012, 0.8873450692501389, 0.3796380828056003, 0.3118292943225661, 0,8, 0
0.7321226634736913, 0.9114212508245892, 0.3970065663435203, 0.316540691782137, 0,6, 0
0.7620568083549525, 0.8936993430472, 0.3733648745151948, 0.31282339151269367, 0,9, 0
0.7193507616576864, 0.9291407151210542, 0.420614519764185, 0.3202751365312582, 0,6, 0
0.7402381427526109, 0.9037656705945902, 0.38741331419570996, 0.3229384989216495, 0,8, 0
0.7345839153861504, 0.9109257890538733, 0.41107841526777256, 0.3304632007543358, 0,8, 0
0.756402580988492, 0.91314108412196, 0.3560639241290857, 0.3207313590275709, 0,7, 0
0.770704450209539, 0.8881246484861299, 0.3648828122126797, 0.3176649565415483, 0,6, 0
0.7513470365196567, 0.8799744573084944, 0.38183027814543974, 0.3297472867798675, 0,4, 0
0.726867558038981, 0.8733181484900594, 0.4105284319239491, 0.33442440767540477, 0,6, 0
0.7398390208208607, 0.8771871060324814, 0.41182697491153897, 0.33431565669620716, 0,8, 0
0.7334530699128584, 0.8683743018420994, 0.39781896674351386, 0.32916155693799515, 0,11, 0
0.7440298011042373, 0.8755355740055029, 0.38804781303636865, 0.3129920108742399, 0,4, 0
0.7502161910463646, 0.8680291367644678, 0.39460881002422665, 0.31282818143582414, 0,9, 0
0.7594625157985765, 0.8620515470244162, 0.34459556636178257, 0.2973309929080401, 0,6, 0
0.7695736047362469, 0.8582191612397672, 0.35003686702791376, 0.3052383773300603, 0,6, 0
0.7545400119736579, 0.8504268130435546, 0.3900858403685136, 0.3140610181097991, 0,8, 0
0.765515865096787, 0.8459198784039544, 0.3757154939393436, 0.311513141337093, 0,10, 0
0.7726335395463314, 0.8458125349286764, 0.3542881671594661, 0.3067105222833788, 0,4, 0
0.7650502228430786, 0.8337417621612218, 0.34442488857457415, 0.30611629123982204, 0,5, 0
0.7669127918579126, 0.8400993555640528, 0.3451495900503007, 0.3046694739296041, 0,9, 0
0.756602141954367, 0.8498877934312002, 0.3657877526642698, 0.3159134678312088, 0,9, 0
0.7866028071575867, 0.8550769339969588, 0.33476113863243756, 0.2961015002091597, 0,6, 0
0.7886649371382958, 0.8498157722173747, 0.3298452607928882, 0.29607926629926345, 0,6, 0
0.7782212465908335, 0.8295163394285161, 0.34606428421246277, 0.2997111105809321, 0,5, 0
0.7806824985032927, 0.8173815291513229, 0.3368801155629241, 0.3020680675634606, 0,6, 0
0.7813477017228764, 0.8160912877920181, 0.34103464065340744, 0.2984576980986069, 0,5, 0
0.7750947914587907, 0.8086216885331654, 0.3538120466241316, 0.31069674246108064, 0,6, 0
0.7794186123860839, 0.7962909594216548, 0.33809704467944424, 0.29454758947034865, 0,10, 0
0.7794851327080423, 0.8267141673710825, 0.33616310443668035, 0.3016568010002297, 0,3, 0
0.7667132308920375, 0.8083172189959235, 0.3691593488148747, 0.3146174047385522, 0,3, 0
0.7750947914587907, 0.7888879350543979, 0.33604352630239637, 0.30252732135487637, 0,9, 0
0.7606598815938269, 0.8441228172487053, 0.35962625445343577, 0.302836386209765, 0,8, 0
0.7815472626887514, 0.8260451490667707, 0.3494227507647086, 0.3024636244083504, 0,8, 0
0.7734983037317901, 0.8177193292828194, 0.3585875460081808, 0.3041885967657629, 0,6, 0
0.7823455065522518, 0.7944608939127824, 0.3361783094497437, 0.3014211940025078, 0,5, 0
0.7838089536353356, 0.7997427480133683, 0.34202316134046457, 0.3076284133394903, 0,6, 0
0.7839419942792523, 0.8104093645923495, 0.33329403424166165, 0.2967911036235355, 0,7, 0
0.7507483536220315, 0.8123577661405947, 0.3825068272894025, 0.3203221679110662, 0,6, 0
0.754739572939533, 0.7981584253471041, 0.3717645896998539, 0.31801544847169, 0,5, 0
0.7532761258564491, 0.7764601915564687, 0.3787832411132215, 0.3205234665374585, 0,9, 0
0.7524113616709905, 0.7904774891602105, 0.3836782129930972, 0.3206287288391294, 0,6, 0
0.7792190514202089, 0.7933853442943003, 0.34219472996791545, 0.2945129021621499, 0,6, 0
0.7725670192243731, 0.797169051369249, 0.35220169740135354, 0.3135913081233765, 0,9, 0
0.7761591166101244, 0.7800724445042485, 0.3470992850461488, 0.3082499830276397, 0,6, 0
0.7665801902481209, 0.7595474577194206, 0.3627365244046271, 0.312544239277967, 0,6, 0
0.7760260759662077, 0.7633820439106731, 0.3496220847482114, 0.30337702330868016, 0,10, 0
0.7609924832036187, 0.7957551322590586, 0.3788004672449052, 0.31758998274974937, 0,7, 0
0.785937603938003, 0.7669322778394257, 0.3273043647756243, 0.2990614889350228, 0,8, 0
0.794651766114548, 0.786337611411625, 0.32101724811435356, 0.2921297619869874, 0,8, 0
0.0932614913856183, 2.3043131264020666, 0.8893823982326361, 0.3265787638433686, 0,0, 0
0.18180003991219318, 2.200422819686223, 0.8096040211067542, 0.5308655944497699, 0,0, 0
0.31178074901882524, 2.1056283484007685, 0.7262173535764006, 0.4759126677738275, 0,6, 0
0.3579458524579259, 2.1369161130837524, 0.7119460177024604, 0.47365538401628016, 0,5, 0
0.38189316836293485, 1.965479200748137, 0.6790709782128346, 0.45887096563195906, 0,3, 0
0.4966407237411029, 1.5156459712726886, 0.6640966115472563, 0.4432588195799488, 0,5, 0
0.5027605933612719, 1.4490439642266828, 0.6307833703170784, 0.432122416343331, 0,3, 0
0.534158185325617, 1.3297821730758308, 0.6281156099650128, 0.42235299288173933, 0,9, 0
0.5507217454932481, 1.359422704997963, 0.5793356726072261, 0.39295304067717657, 0,7, 0
0.580389809086676, 1.2541804418053537, 0.5472471556245655, 0.3877269984976694, 0,5, 0
0.5669527040510876, 1.23550556303428, 0.5816439423132311, 0.4004766839801058, 0,6, 0
0.6443158384886583, 1.1706148066671564, 0.5232662584180211, 0.3779498483959627, 0,7, 0
0.6807024545998802, 1.1425727589220627, 0.47651708530254366, 0.34305885036080647, 0,7, 0
0.6597485531829974, 1.107402259906879, 0.5042887464894421, 0.3800440947847818, 0,8, 0
0.669327479545001, 1.1170454368870084, 0.4646964322510527, 0.3511272887165164, 0,5, 0
0.6494379032794518, 1.0482984575414194, 0.5340846792268198, 0.38047299060768097, 0,7, 0
0.7126322091398922, 1.0132436009184573, 0.4412508368403589, 0.34528355541268196, 0,6, 0
0.6433845539812413, 1.0334554488132963, 0.5300407849052344, 0.3831186902546436, 0,9, 0
0.6201024412958158, 1.0597957071420994, 0.5343149858529547, 0.37931098119905654, 0,4, 0
0.6077961817335196, 1.0575986914206117, 0.5729687700043875, 0.3994469480246877, 0,6, 0
0.6477748952304929, 1.043718100324343, 0.4887211696302755, 0.367552509619147, 0,7, 0
0.7303266147808155, 0.9808242665596477, 0.4198299818359498, 0.32818969081311666, 0,8, 0
0.6687287966473757, 0.9820227729015084, 0.5029395056465588, 0.3634904077173573, 0,7, 0
0.711833965276392, 0.9727508624940996, 0.4257063002684266, 0.3277538968341635, 0,6, 0
0.7187520787600612, 0.9673379904854524, 0.44541518547451986, 0.3422676214962445, 0,6, 0
0.7373777689084016, 0.9590246407094276, 0.4133314541378896, 0.3207706994579981, 0,6, 0
0.6888179338788, 0.9385572165149998, 0.43789655233562436, 0.3391991342473335, 0,11, 0
0.7381760127719018, 0.9521942852802473, 0.38801728645815275, 0.3065928928130736, 0,6, 0
0.7025876405241801, 0.9551203819449915, 0.4590653169957885, 0.3513486447648806, 0,9, 0
0.7115678839885585, 0.9344791980576105, 0.4287983160206991, 0.3259252801108588, 0,5, 0
0.6977981773431784, 0.9336280164871895, 0.40343036849304814, 0.3148382468112971, 0,7, 0
0.7300605334929821, 0.9221731503917835, 0.39592613646809743, 0.309481769907655, 0,3, 0
0.664671057007916, 0.9293797215703651, 0.460966046768742, 0.3490629971448993, 0,6, 0
0.7224772167897293, 0.9224453772087099, 0.42986183442058473, 0.33596880542411606, 0,9, 0
0.6970664538016365, 0.9447445011742811, 0.4329705377503089, 0.3307664016015993, 0,6, 0
0.7001263886117208, 0.9226928521396072, 0.44115121282228276, 0.34142353491703176, 0,6, 0
0.7044502095390142, 0.9175334849156126, 0.44224868981746535, 0.34506245192576857, 0,5, 0
0.7440298011042373, 0.8932304085116436, 0.3916721772039328, 0.31436680045210436, 0,7, 0
0.7283975254440231, 0.904602840563733, 0.4282335569868046, 0.3398244020497356, 0,9, 0
0.7582651500033261, 0.9034209337252693, 0.41032499020418095, 0.3227430348764976, 0,8, 0
0.7488857846071975, 0.9069780992022616, 0.3965000579157998, 0.3187388811577636, 0,5, 0
0.7376438501962349, 0.8960774178489206, 0.3954883994305489, 0.32730883525327237, 0,7, 0
0.7119004855983503, 0.9184362737813099, 0.42135068479836035, 0.3300041730870255, 0,7, 0
0.7383090534158185, 0.8743771824796851, 0.39958026005904557, 0.3140237537178121, 0,7, 0
0.7464910530166966, 0.8656835324301598, 0.3715673042591139, 0.3131357204837048, 0,9, 0
0.7666467105700792, 0.8847667213516587, 0.3774629928258244, 0.31298418610673556, 0,8, 0
0.7151599813743098, 0.9076915265705477, 0.46236427655006873, 0.3380540898069189, 0,8, 0
0.7579325483935342, 0.8848390964942062, 0.39277272123809065, 0.31811692241060746, 0,6, 0
0.7196833632674782, 0.8809877028032408, 0.4245650116803285, 0.3340473846510853, 0,5, 0
0.7447615246457793, 0.8768808813838284, 0.3873555321275022, 0.3111368557695783, 0,7, 0
0.7697066453801636, 0.8413827350188555, 0.372433127302143, 0.3108211468417256, 0,6, 0
0.7648506618772035, 0.858775308028134, 0.38425693224633134, 0.30527119915103545, 0,9, 0
0.7693075234484135, 0.8594714047642547, 0.3760884933964308, 0.3027525007286488, 0,6, 0
0.7641189383356616, 0.8561400752614033, 0.38284717085254755, 0.3100570098804733, 0,8, 0
0.7649171821991618, 0.8714600909075829, 0.3802022948559383, 0.3082426110156083, 0,8, 0
0.7728331005122064, 0.869764643019089, 0.35932862315852043, 0.304899749506857, 0,7, 0
0.7701722876338721, 0.8562715154456585, 0.3710148445773357, 0.3092456891823553, 0,7, 0
0.7699727266679971, 0.85797513458347, 0.3537842945090535, 0.30047784952944595, 0,4, 0
0.7703053282777889, 0.8358154281221, 0.3559694893390044, 0.29986636437309927, 0,5, 0
0.7708374908534558, 0.8006738843408542, 0.3727150625967377, 0.31128359533373523, 0,7, 0
0.7729661411561232, 0.8184686557427958, 0.3572910441530939, 0.2989075527685838, 0,9, 0
0.7717022550389144, 0.8394840750202704, 0.3580789125266655, 0.3076473525613852, 0,7, 0
0.7488192642852392, 0.847493903333191, 0.39855275878363694, 0.3215264476947812, 0,7, 0
0.7556708574469501, 0.8316882690538845, 0.3957998342887769, 0.33254960481642226, 0,10, 0
0.7598616377303267, 0.8560696782007504, 0.39102355641714404, 0.3181115685701007, 0,7, 0
0.756402580988492, 0.8633764946494159, 0.39474184935146484, 0.31940450124569164, 0,8, 0
0.7741635069513736, 0.8300738087335813, 0.35354860929697174, 0.30172260728621486, 0,9, 0
0.7617242067451606, 0.8426369615956987, 0.37667329843038994, 0.31343621812415223, 0,7, 0
0.7792190514202089, 0.8083424990293053, 0.33276296659286375, 0.3004291478434642, 0,10, 0
0.7538748087540744, 0.8077763522990665, 0.3687815222083602, 0.3124479596246075, 0,5, 0
0.772367458258498, 0.7965715591975783, 0.3636525852289936, 0.3056033457543225, 0,8, 0
0.7856050023282113, 0.8055008194521722, 0.3340924890715569, 0.2912674634374535, 0,7, 0
0.7719018160047895, 0.820284645361285, 0.35646160983748454, 0.2979847799430427, 0,6, 0
0.7727665801902481, 0.7962554979118732, 0.36437901587763394, 0.30439218961317666, 0,9, 0
0.7684427592629548, 0.8122138145499692, 0.3693044260135778, 0.30804097247635287, 0,8, 0
0.7760260759662077, 0.7882153112424961, 0.3534004882821633, 0.2963390717459632, 0,8, 0
0.7793520920641256, 0.7979560064918755, 0.34592531157912865, 0.30366613931085296, 0,7, 0
0.7766247588638329, 0.7805905847628907, 0.3467808519638213, 0.3004997365088834, 0,10, 0
0.7767577995077496, 0.7851856104491035, 0.3461275492975336, 0.29505902057659017, 0,10, 0
0.7658484667065789, 0.80901791442668, 0.37708931546519026, 0.30723172943866683, 0,8, 0
0.7677110357214129, 0.8040840882691779, 0.3700560897455239, 0.30676395092472497, 0,6, 0
0.7680436373312047, 0.7715616192574463, 0.3688151054141627, 0.3125641589270328, 0,5, 0
0.7756269540344575, 0.7538454185652431, 0.34936739745250533, 0.30110084044681645, 0,6, 0
0.7709040111754141, 0.768069337334978, 0.3626320987216824, 0.30151316241628895, 0,6, 0
0.7873345306991286, 0.7708177890513795, 0.3246936935181511, 0.28544920946088825, 0,6, 0
0.7705714095656223, 0.7854378869776757, 0.36970708943658137, 0.3023376102874203, 0,9, 0
0.7733652630878733, 0.7925594795770586, 0.35729298703225415, 0.30005382204757247, 0,7, 0
0.7768908401516663, 0.7712114144727702, 0.35805472542643046, 0.2964282501389955, 0,5, 0
0.7780882059469167, 0.7678691252760268, 0.3484016176838478, 0.29654767198762494, 0,9, 0
0.7768908401516663, 0.7725775103632986, 0.3492570627400302, 0.29957215696531186, 0,4, 0
0.788531896494379, 0.7515908589961874, 0.31573933904909074, 0.2865113569364037, 0,9, 0
0.7842080755670857, 0.7646696366448201, 0.31975894689222795, 0.29399021968424255, 0,6, 0
0.7746956695270405, 0.753611006556956, 0.3281057083170352, 0.2907564627403313, 0,5, 0
0.7780216856249584, 0.7650161965815966, 0.3264567533982802, 0.2925874198838146, 0,9, 0
0.7820794252644183, 0.8031000921261469, 0.3426038909823519, 0.2916790425604179, 0,6, 0
0.771436173751081, 0.759633037165655, 0.37493248559368053, 0.3128057552302327, 0,9, 0
0.7908601077629216, 0.771161286522598, 0.3256951043711571, 0.286363094403766, 0,7, 0
0.7839419942792523, 0.7693754291600483, 0.33128958895809013, 0.2983198767922093, 0,7, 0
0.77755604337125, 0.766139056228524, 0.3436281659597974, 0.2998431068879916, 0,8, 0
0.7776890840151667, 0.7611506172992629, 0.34572371290880155, 0.2932129447301851, 0,5, 0
0.7942526441827978, 0.744492211774023, 0.29865625725336264, 0.27363880236628707, 0,8, 0
0.10084480808887115, 2.302240183259376, 0.8844235390710238, 0.36885695026173626, 0,0, 0
0.18964943790327946, 2.196303799477815, 0.8325560711640293, 0.5225688470806292, 0,0, 0
0.31078294418944985, 2.1408676661187713, 0.7300289699815938, 0.42377154393408845, 0,3, 0
0.384886582851061, 1.9929738286916092, 0.7187793953881894, 0.4683316677745081, 0,4, 0
0.4298543204949112, 1.7457517533560165, 0.6634970621849999, 0.40449335120612273, 0,4, 0
0.4536020754340451, 1.6537036963804852, 0.6669793136149359, 0.44865921398429004, 0,8, 0
0.5168629016164438, 1.5930051112260433, 0.6190297711128973, 0.42371824384753454, 0,5, 0
0.5195902348167365, 1.5076434208921603, 0.6416226151122963, 0.4352849083607683, 0,7, 0
0.5382159249650769, 1.442288492695238, 0.603509006943846, 0.40951300644468913, 0,10, 0
0.5318964943790327, 1.4766845340513226, 0.6116842708079798, 0.4201760022555828, 0,5, 0
0.5419410629947449, 1.3538502777294033, 0.6005749768601151, 0.4223167257058564, 0,4, 0
0.5766646710570079, 1.2753821319628422, 0.5570148386583164, 0.3896658012639571, 0,3, 0
0.5653562163240871, 1.2610418711313658, 0.5576239817418026, 0.40264086733891785, 0,5, 0
0.5736047362469234, 1.2421840178778678, 0.5519172400064462, 0.388572380937914, 0,3, 0
0.6222310915984833, 1.1767950640109415, 0.5073065988122838, 0.38035297838602916, 0,6, 0
0.605068848533227, 1.1840320532330204, 0.5572615823262077, 0.3942624704210305, 0,9, 0
0.6886183729129249, 1.1056899766217223, 0.45388804317559034, 0.3499539563512562, 0,6, 0
0.7003924698995543, 1.1029836866248015, 0.45135233939330965, 0.3355778218690439, 0,8, 0
0.6471096920109093, 1.1111321420414393, 0.4672343275036539, 0.36641520924951365, 0,5, 0
0.6776425197897957, 1.0945409912823352, 0.4641421923072433, 0.3565649494553182, 0,6, 0
0.6097252710703119, 1.107204801511727, 0.5343481082882955, 0.39418874925377806, 0,4, 0
0.6257566686622763, 1.0788786510271724, 0.4917776873695944, 0.3805374583297727, 0,5, 0
0.6379964079026142, 1.0449176394720636, 0.46277415678711636, 0.36206357381616044, 0,7, 0
0.6324087008581122, 1.0804912828490163, 0.4824360303511685, 0.3694790672757542, 0,7, 0
0.6327413024679039, 1.0950731406266376, 0.48158215932693216, 0.37198470975494546, 0,4, 0
0.6567551386948712, 1.1111884081924788, 0.4447827724619088, 0.3513234439599354, 0,5, 0
0.5932282312246391, 1.0887865276416837, 0.5122842658020602, 0.3893265396301965, 0,8, 0
0.6362668795316969, 1.0391351009407626, 0.47565652342491793, 0.36964048405728234, 0,10, 0
0.6397924565954899, 1.0291411828072727, 0.47503516190376743, 0.36741535485219123, 0,4, 0
0.6796381294485465, 1.01845063710626, 0.43508376474811905, 0.34563137818388073, 0,8, 0
0.6505022284307856, 1.0576215512711882, 0.4477695201364829, 0.36053968675971093, 0,6, 0
0.6235614980376505, 1.0583376180955062, 0.4506195745654847, 0.3528017343704436, 0,7, 0
0.667464910530167, 1.0119593658633266, 0.4187314461247247, 0.34096221201255245, 0,8, 0
0.6564225370850795, 1.0290177938175884, 0.4481872935130364, 0.36241647025581486, 0,6, 0
0.6434510743031996, 1.0489996153410384, 0.4672068130174113, 0.36610663881600763, 0,6, 0
0.6451140823521586, 1.018430919869067, 0.4663949274010242, 0.36253323384745867, 0,9, 0
0.6765116743165037, 1.0066582447311425, 0.45097200854910563, 0.35214805756376694, 0,3, 0
0.7427659149870285, 0.9645680138869274, 0.3994442715690348, 0.3228299980842283, 0,4, 0
0.6912126654693008, 0.9673103992283454, 0.4190686669208651, 0.3445621701988263, 0,5, 0
0.7221446151799374, 0.965451803128074, 0.4086883260569733, 0.32921113934646334, 0,7, 0
0.6970664538016365, 0.9634326379060392, 0.40408526248908316, 0.3427135577559833, 0,8, 0
0.6719882924233354, 1.0018539118009184, 0.41653088087078843, 0.3429550679011175, 0,5, 0
0.6699926827645846, 0.9789698491749165, 0.40836434751536943, 0.3330904015384179, 0,5, 0
0.7377768908401516, 0.9311957499721506, 0.35124835307589863, 0.3028536901503151, 0,4, 0
0.6863566819663407, 0.9443263286422408, 0.41542121820003886, 0.34662291217481334, 0,6, 0
0.6847601942393401, 0.9546664325969052, 0.40708139136021204, 0.3297716228406811, 0,4, 0
0.6834963081221314, 0.946410759807641, 0.4355360996621079, 0.35971947509371593, 0,7, 0
0.7114348433446418, 0.938648006870298, 0.3836733192346109, 0.319681587446891, 0,8, 0
0.718153395862436, 0.9373605768572487, 0.41588321191453903, 0.3429362615391582, 0,4, 0
0.7606598815938269, 0.8853674634773739, 0.35466365698771585, 0.2949997338240319, 0,7, 0
0.7448280449677377, 0.8920266728570116, 0.3810450584752696, 0.30489616935229663, 0,6, 0
0.7454267278653629, 0.9167136291954382, 0.36066307137538856, 0.30270548909516826, 0,6, 0
0.7523448413490321, 0.9037568153417718, 0.3722636593739585, 0.3046615065957496, 0,7, 0
0.7490188252511142, 0.9181468756787968, 0.3587302800731251, 0.2994877871426426, 0,6, 0
0.72447282644848, 0.923912842895897, 0.38145755280039784, 0.31524071575151136, 0,4, 0
0.7643184993015366, 0.8829036070702283, 0.3251696773706485, 0.29306841098759673, 0,5, 0
0.7482871017095722, 0.8739284706410952, 0.3784752485155082, 0.3071194489486848, 0,5, 0
0.7327878666932748, 0.8777676775581167, 0.4023971914807538, 0.3226839361729368, 0,4, 0
0.751014434909865, 0.865380596000837, 0.3697833321611003, 0.303445521482894, 0,5, 0
0.7548060932614914, 0.8647932519399382, 0.3717914869129563, 0.30222212644659713, 0,7, 0
0.7766247588638329, 0.8495736428498948, 0.3298223734733912, 0.2834976565059618, 0,5, 0
0.7490188252511142, 0.891701691095323, 0.3587302800731251, 0.294749714317466, 0,6, 0
0.7490853455730726, 0.8703718818857816, 0.3578211891640341, 0.2935776905259179, 0,5, 0
0.752877003924699, 0.8345503203709553, 0.3537086350514801, 0.2912169593764285, 0,4, 0
0.7748287101709572, 0.8339107357945652, 0.3404127226452687, 0.2913202366400023, 0,3, 0
0.7790860107762921, 0.8075169520698297, 0.33640354242110676, 0.28532328002851537, 0,4, 0
0.7784873278786669, 0.8018185082298546, 0.3373870766861944, 0.2860962804421567, 0,6, 0
0.7791525310982506, 0.812990815475959, 0.3428911587779182, 0.29791852966818283, 0,5, 0
0.7810151001130845, 0.7946447475868017, 0.3337198629868745, 0.2891971502615975, 0,9, 0
0.7854719616842946, 0.8309726938275105, 0.33622078503151265, 0.2854692731556355, 0,4, 0
0.7705714095656223, 0.8183293289709991, 0.3277511738858092, 0.28902254356900436, 0,9, 0
0.791857912592297, 0.8289687968611413, 0.31708236710108906, 0.2838287227426847, 0,6, 0
0.790194904543338, 0.8018398602932237, 0.3203248280739227, 0.2789206825595, 0,8, 0
0.7863367258697532, 0.8147664783154539, 0.32101974834729385, 0.28838482862956655, 0,4, 0
0.7812146610789596, 0.8087238933261426, 0.32651553537267974, 0.28543091900025525, 0,8, 0
0.7906605467970464, 0.7892005864801469, 0.3250295981466173, 0.28091468959674065, 0,7, 0
0.7705048892436639, 0.7924647707856654, 0.32391589387087083, 0.28993521970853176, 0,7, 0
0.7606598815938269, 0.8091155323923062, 0.35269357487613107, 0.3047517400832342, 0,5, 0
0.7663806292822457, 0.8072832950651321, 0.33762049744339895, 0.29198828693986395, 0,6, 0
0.7571343045300339, 0.8200776140787956, 0.346639295821852, 0.3033105799008091, 0,7, 0
0.7906605467970464, 0.809976464646602, 0.3193078201800769, 0.28228662238939617, 0,2, 0
0.7862702055477948, 0.7939623839374087, 0.327678117581334, 0.2921456563284122, 0,5, 0
0.7891970997139626, 0.7803068112132028, 0.3203231392263557, 0.28350177372927465, 0,7, 0
0.7849397991086277, 0.8056227818401108, 0.3379744533942265, 0.2909373565949769, 0,3, 0
0.7574669061398257, 0.786519040633096, 0.3618649721380887, 0.3025060250934365, 0,4, 0
0.7916583516264218, 0.7652646452261596, 0.3109411649055269, 0.27916294836817995, 0,4, 0
0.7877336526308787, 0.761541763381975, 0.3238158548465029, 0.2824192913210387, 0,3, 0
0.7896627419676712, 0.7270900490165143, 0.3127443811963253, 0.27958377419582797, 0,6, 0
0.7891970997139626, 0.7404829454745834, 0.31568676750189506, 0.28823481952358027, 0,4, 0
0.78646976651367, 0.7201345262010678, 0.3226667554057899, 0.29130491937709363, 0,7, 0
0.7848732787866693, 0.7525008193364803, 0.3200962734095213, 0.2888146470068126, 0,6, 0
0.7925896361338389, 0.7506670565664375, 0.3132843097445986, 0.2853473088673326, 0,6, 0
0.783875473957294, 0.7304653855478275, 0.3151514457920751, 0.28589760472136305, 0,6, 0
0.7907270671190049, 0.7438200458906526, 0.31816348206205464, 0.2754291034844337, 0,4, 0
0.7914587906605468, 0.7511947757149655, 0.3171685086185552, 0.28191632138177597, 0,5, 0
0.792257034524047, 0.7696517704080872, 0.31576915822944707, 0.28638595493039104, 0,5, 0
0.7834763520255438, 0.7664995871671282, 0.3321196984455335, 0.28871794941284323, 0,5, 0
0.789463181001796, 0.7440723390078002, 0.32146329220232667, 0.28494203198204093, 0,4, 0
0.7862702055477948, 0.7556562350867141, 0.32957424390007894, 0.288074074764004, 0,8, 0
0.7907270671190049, 0.7869880511759744, 0.32053477356649096, 0.2840496836606996, 0,7, 0
0.7871349697332535, 0.7853720319134707, 0.31989696341559504, 0.2861678393108809, 0,8, 0
0.10616643384553981, 2.3033550684382114, 0.8746373528012771, 0.3677325627402089, 0,0, 0
0.19317501496707243, 2.180174456126103, 0.8118491450858285, 0.53399103820346, 0,0, 0
0.2998736113882791, 2.0139636557901373, 0.7552527919665478, 0.4852134849258205, 0,3, 0
0.37863367258697533, 1.8608386190297765, 0.7136700526876686, 0.46895507423593363, 0,4, 0
0.4549324818732123, 1.6450039809979218, 0.7278681082706361, 0.4673635645175072, 0,3, 0
0.5531829974057074, 1.5110440608306055, 0.6006289723531173, 0.41277016561255364, 0,7, 0
0.5329608195303666, 1.4678769005224757, 0.6426100213594137, 0.4270223533031874, 0,7, 0
0.6173085877735648, 1.383662047034501, 0.5476857560691475, 0.3186719880880329, 0,3, 0
0.6297478879797779, 1.2084375875868507, 0.5229733638116979, 0.3788529321915761, 0,4, 0
0.6588172686755804, 1.1586445733863455, 0.5098980124349981, 0.35812267809132053, 0,5, 0
0.7083749085345573, 1.0575654759430901, 0.45296580525412833, 0.3115614438274768, 0,9, 0
0.6975320960553449, 1.1054992716803305, 0.4668412510520569, 0.3348739448305577, 0,5, 0
0.6846271535954234, 1.075392843296654, 0.5007104933073385, 0.375619951227674, 0,6, 0
0.7024545998802634, 1.0380929964430061, 0.4758640411293642, 0.34910385625805196, 0,7, 0
0.7198829242333533, 1.026339823318037, 0.45095773455953037, 0.32810214534979854, 0,9, 0
0.7009246324752212, 0.9939827968569708, 0.449025581561226, 0.332154950206264, 0,3, 0
0.66207676445154, 0.97521921373, 0.4803349325743172, 0.3508278413423587, 0,3, 0
0.7075101443490986, 0.9647108559467088, 0.4632148323304062, 0.3425605799164546, 0,7, 0
0.7071110224173485, 0.9506961185244782, 0.4540749558627601, 0.33842069104851613, 0,8, 0
0.709239672720016, 0.919723710337337, 0.4489822290545902, 0.34858548386248045, 0,6, 0
0.6902148606399255, 0.9130130741705399, 0.4770990061939567, 0.34763133614248704, 0,10, 0
0.7234085012971463, 0.9173239643018236, 0.42654250934512233, 0.3339859527819983, 0,3, 0
0.7246058670923967, 0.890714752092322, 0.4341902061859188, 0.32213937803004533, 0,6, 0
0.7579990687154926, 0.8883562694038352, 0.3819548815810084, 0.3102859854147699, 0,11, 0
0.7584647109692011, 0.8986676263993164, 0.3943972966252429, 0.31511593342794475, 0,8, 0
0.7287301270538149, 0.9032577426199866, 0.41711398592241444, 0.32386423865228137, 0,7, 0
0.7044502095390142, 0.905655069967392, 0.4350030220729797, 0.3376753398522216, 0,6, 0
0.7086409898223908, 0.9078973823494683, 0.4453137346278547, 0.3262955822188331, 0,5, 0
0.7093061930419743, 0.9008576831291449, 0.4181391269857547, 0.326171572250711, 0,9, 0
0.7472227765582385, 0.8655482570652111, 0.39415637393756264, 0.31270576348538826, 0,9, 0
0.7281314441561897, 0.8872039968688465, 0.4281200207320876, 0.33334983556622694, 0,7, 0
0.7482871017095722, 0.862316907534153, 0.4021881892498711, 0.3213446617579748, 0,7, 0
0.7407703053282778, 0.8588339912379318, 0.4155529475007406, 0.31865119970589895, 0,7, 0
0.7431650369187787, 0.8559011291476919, 0.4132020417406793, 0.3198768689950467, 0,8, 0
0.7091066320760993, 0.8652901170742429, 0.4497921082147018, 0.34021725751431026, 0,8, 0
0.7453602075434045, 0.8640394459571733, 0.41403453632029885, 0.3244670540587857, 0,7, 0
0.7478214594558638, 0.8512895899631941, 0.40861453331660746, 0.3212427554167091, 0,4, 0
0.7613916051353689, 0.8319024459770443, 0.39121134342119596, 0.31875505729326936, 0,6, 0
0.7638528570478281, 0.8421535265625717, 0.3762746942432266, 0.31584680394197234, 0,8, 0
0.7286636067318566, 0.8541585343061534, 0.41002005403520975, 0.32708017426377917, 0,4, 0
0.7248054280582718, 0.8549604929456188, 0.4178004982571308, 0.3329880790302599, 0,8, 0
0.7406372646843611, 0.8386753527247167, 0.40100471172813024, 0.3120081551938418, 0,6, 0
0.7184859974722277, 0.8586151859298228, 0.4240830962561467, 0.33196521236086396, 0,9, 0
0.7607929222377436, 0.8180478704758074, 0.36923243009619233, 0.3079376656103968, 0,8, 0
0.7540743697199495, 0.8407407380986167, 0.3986247236733437, 0.3188114107626822, 0,8, 0
0.7507483536220315, 0.8402980754019147, 0.37653872810150646, 0.30246426250124314, 0,10, 0
0.7675114747555378, 0.8419905334190617, 0.36242558196263147, 0.3018225454784266, 0,7, 0
0.7537417681101577, 0.8259403288837042, 0.3730654849454336, 0.30748015910411924, 0,4, 0
0.7553382558371583, 0.7984898146684162, 0.37532920544301357, 0.2977180590457198, 0,6, 0
0.7289962083416484, 0.8253790293940776, 0.3988195532086028, 0.31419959481225573, 0,4, 0
0.7471562562362802, 0.8285033838199706, 0.38734152644625314, 0.3189097314723035, 0,11, 0
0.7631876538282445, 0.8347366138398937, 0.36139569968323654, 0.30328059125609635, 0,7, 0
0.7564691013104503, 0.825034857128652, 0.3746806860248185, 0.31477938758165397, 0,9, 0
0.7452936872214462, 0.8310565963566344, 0.3907580962351631, 0.3176762193816611, 0,9, 0
0.7379764518060268, 0.8391149500164765, 0.4247755532386394, 0.3305389462384396, 0,8, 0
0.7622563693208275, 0.807587989451765, 0.3735215013120468, 0.30838402147992555, 0,9, 0
0.7727665801902481, 0.7954527728060327, 0.3545304978459301, 0.3043377201559641, 0,8, 0
0.7644515399454533, 0.7965012797036731, 0.36381981803218444, 0.29925316416414605, 0,9, 0
0.7836093926694605, 0.7958553625482956, 0.33667742060183525, 0.290237142647162, 0,8, 0
0.7878001729528371, 0.8017556729350074, 0.3391087263986466, 0.2893593827876608, 0,6, 0
0.7728996208341649, 0.7930807661028665, 0.3581026782700002, 0.2997196787210878, 0,6, 0
0.7739639459854986, 0.8025151408781709, 0.34600078754033015, 0.2965684117572138, 0,6, 0
0.7768908401516663, 0.7872828224111871, 0.3569320624185619, 0.2987250195363045, 0,5, 0
0.7736978646976651, 0.7734841766132136, 0.339216493101315, 0.30046578279265956, 0,7, 0
0.7848732787866693, 0.7723743397422792, 0.33826994346358885, 0.2886326387853552, 0,3, 0
0.78646976651367, 0.7653985454665714, 0.34029215835130927, 0.29086310839602875, 0,7, 0
0.784075034923169, 0.7684973800093686, 0.3257188644521027, 0.2831990551661576, 0,6, 0
0.7863367258697532, 0.7608588118243536, 0.3333434728753536, 0.28769322184977214, 0,8, 0
0.7641189383356616, 0.7716957506369059, 0.37284401748512086, 0.3175978234372777, 0,5, 0
0.7885984168163374, 0.7557649811678632, 0.32486815143962494, 0.2886165806818886, 0,8, 0
0.7856715226501696, 0.7609952369596179, 0.32628838007830013, 0.2844628748750977, 0,8, 0
0.7818133439765849, 0.7598023883605804, 0.3355158044402191, 0.2963901931776882, 0,6, 0
0.7870019290893367, 0.7707242661950819, 0.34245373987573546, 0.2874624151496821, 0,7, 0
0.784075034923169, 0.7715198634257118, 0.34336908142823236, 0.290352873532318, 0,6, 0
0.7887314574602541, 0.7437446920605202, 0.3332597299953514, 0.2873215974826052, 0,7, 0
0.7872680103771702, 0.7650099515578116, 0.3260515833922877, 0.2884251043754463, 0,7, 0
0.7654493447748287, 0.7733084331174274, 0.36041433727992844, 0.2950867960200516, 0,3, 0
0.7610590035255771, 0.7490402477339086, 0.3644847628360028, 0.297057990178464, 0,9, 0
0.7893301403578793, 0.7387795015903124, 0.32624534777270364, 0.28345825590637813, 0,9, 0
0.7915253109825051, 0.757184311199091, 0.3187592451860432, 0.2851129697931309, 0,10, 0
0.787600611986962, 0.7647704853443197, 0.3197851039426711, 0.2808215595281255, 0,8, 0
0.7807490188252512, 0.7551278622150283, 0.33271496819606466, 0.30624405685223416, 0,3, 0
0.7813477017228764, 0.734509966516943, 0.341976285310323, 0.29720096337141144, 0,8, 0
0.7862036852258365, 0.7285775500584343, 0.3430498614325417, 0.29249247923174715, 0,5, 0
0.7854054413623361, 0.7181273037159936, 0.3326669769716029, 0.29143390551001114, 0,7, 0
0.7799507749617508, 0.7373005273270982, 0.3351024901763469, 0.29279105293687785, 0,9, 0
0.7914587906605468, 0.7340747993007166, 0.3298739668911417, 0.2832841914519375, 0,7, 0
0.7914587906605468, 0.7289557570849459, 0.3292963600319815, 0.2877689191597965, 0,5, 0
0.790194904543338, 0.7027145220489922, 0.3338087135170648, 0.28323629851505294, 0,12, 0
0.7872680103771702, 0.7405555928290769, 0.3260515833922877, 0.28676944839676854, 0,2, 0
0.785937603938003, 0.7066659327098457, 0.33940091865727967, 0.2898820131259943, 0,7, 0
0.7898623029335462, 0.7179675766343843, 0.332332708299099, 0.282506675249275, 0,10, 0
0.7862036852258365, 0.7335285817678343, 0.327945074516548, 0.28118606905803867, 0,6, 0
0.7877336526308787, 0.7146919714631995, 0.338045449631629, 0.29504813004596253, 0,5, 0
0.7921239938801303, 0.6969692096770531, 0.3223070997462203, 0.2875064632945293, 0,7, 0
0.7923235548460055, 0.7028246522134849, 0.32538533704290423, 0.2806500007661859, 0,6, 0
0.7923235548460055, 0.6941748934924387, 0.32614291280048, 0.28538480671832267, 0,4, 0
0.7932548393534224, 0.6885198469869785, 0.31538750463544873, 0.27382531405594646, 0,10, 0
0.7941196035388811, 0.756028221177562, 0.3268550664440986, 0.2811873169875046, 0,5, 0
0.7901283842213797, 0.719123895112917, 0.31894395726518665, 0.2804285225972538, 0,6, 0
0.7883988558504623, 0.6947405617563629, 0.32742875440985103, 0.2901452299498123, 0,10, 0
0.09911527971795384, 2.3027202285772184, 0.8833686770772495, 0.3994433935158248, 0,0, 0
0.210736379964079, 2.175514266098092, 0.7899746739410489, 0.5172882601245465, 0,0, 0
0.290560766314109, 2.0574831315490654, 0.714610623904441, 0.4477223789976381, 0,1, 0
0.34477482871017096, 1.8948712171428512, 0.6988427548789352, 0.45488743920124874, 0,1, 0
0.4140224838688219, 1.732680927020644, 0.6805802132729744, 0.45693428373120093, 0,2, 0
0.4999002195170625, 1.6361176676650226, 0.5922953899331089, 0.3676632566951525, 0,5, 0
0.5146012106698596, 1.620116705565937, 0.5457076832900284, 0.3748595568577715, 0,5, 0
0.46943391206013435, 1.5841576156571884, 0.598451679029404, 0.423982527276062, 0,7, 0
0.7051819330805561, 1.7170708397247116, 0.44828832884598485, 0.33149477309368713, 0,5, 0
0.6193707177542739, 1.3515541967641898, 0.5183959143781695, 0.3846226760572613, 0,7, 0
0.6671323089203752, 1.2184192725100842, 0.4695659654125518, 0.34588360253623407, 0,5, 0
0.655956894831371, 1.189812831230487, 0.4725156936759838, 0.3469573270970473, 0,4, 0
0.7132974123594759, 1.100637202087557, 0.4207222440556226, 0.31342954353741503, 0,5, 0
0.6780416417215459, 1.1160206010463933, 0.42213893307519434, 0.32878221946426384, 0,3, 0
0.7013902747289297, 1.0952669646785353, 0.42510461165846836, 0.32602723073473966, 0,10, 0
0.718153395862436, 1.1200462074089579, 0.4218205689825124, 0.31653378863107096, 0,4, 0
0.7099048759395995, 1.078029806017385, 0.3993375236523966, 0.32327716346874324, 0,4, 0
0.6278853189649438, 1.091543364316429, 0.510929061463267, 0.3617761110294087, 0,4, 0
0.6948047628550522, 1.032837201332814, 0.4531291142697945, 0.33516546273598274, 0,6, 0
0.7234085012971463, 1.022343930942397, 0.3778245740255715, 0.30953090980211967, 0,9, 0
0.6697266014767511, 1.050048265115599, 0.45794720201772604, 0.34384068163456233, 0,7, 0
0.7785538482006253, 1.012910358195665, 0.3592550811599405, 0.2999865624800201, 0,7, 0
0.7203485664870618, 0.9830679140049786, 0.4110902569826005, 0.32219292645246506, 0,9, 0
0.7486197033193641, 0.9913191429731443, 0.41950275640118, 0.3302720484160276, 0,5, 0
0.7466906139825716, 0.9719662321534596, 0.39949033066595396, 0.31432253279694927, 0,7, 0
0.7194838023016031, 0.9996270950470438, 0.42816047599681356, 0.3267178584578334, 0,6, 0
0.6962016896161778, 0.999264025148459, 0.4328329271979385, 0.3387941987363967, 0,7, 0
0.6576199028803299, 1.0113066133042452, 0.47030975881767384, 0.3525789923761576, 0,7, 0
0.7334530699128584, 0.9692137218629044, 0.41788872875600297, 0.32621720223907663, 0,8, 0
0.7400385817867359, 0.9666585295099257, 0.41447721768688595, 0.32618802787575235, 0,7, 0
0.7846737178207942, 0.9445600691165034, 0.3489903598626165, 0.29807381226842433, 0,8, 0
0.745094126255571, 0.972266727570896, 0.37988028550254227, 0.30820399610602595, 0,3, 0
0.7520122397392404, 0.931170385442243, 0.3985467953450893, 0.3214269412079577, 0,5, 0
0.757333865495909, 0.9188909874925747, 0.3913407270043801, 0.3203111786638211, 0,7, 0
0.7679771170092463, 0.9326215015602969, 0.3772763591211426, 0.31276355898880415, 0,5, 0
0.709439233685891, 0.9372697167188601, 0.41649054693681853, 0.3241320073244715, 0,3, 0
0.765316304130912, 0.9205145772122717, 0.3765185854784729, 0.2990691092928872, 0,5, 0
0.77755604337125, 0.913423433001221, 0.35952661720942586, 0.30644806007836556, 0,7, 0
0.7297279318831903, 0.9218838365055221, 0.3956020752198595, 0.3256961488595717, 0,7, 0
0.7788199294884587, 0.9058931614755057, 0.3754612781396121, 0.3069586145850815, 0,4, 0
0.7544734916516996, 0.8840317546165359, 0.36672138443226693, 0.31311039735817475, 0,5, 0
0.7556708574469501, 0.888297925275744, 0.36916915715528936, 0.31308826589024685, 0,8, 0
0.7532761258564491, 0.8961832469715756, 0.3688211281438528, 0.31057206458078795, 0,7, 0
0.7403711833965276, 0.9197445613607345, 0.3863666259298062, 0.318221348566805, 0,4, 0
0.747688418811947, 0.8929985974038892, 0.3681297282341832, 0.29986896913250444, 0,5, 0
0.7613250848134105, 0.8701975484132796, 0.37297750301093097, 0.31609101176534427, 0,9, 0
0.763653296081953, 0.8966142922745599, 0.3646410505841602, 0.30526769828722267, 0,3, 0
0.7381760127719018, 0.8738521444559444, 0.38185581131362684, 0.31702497231118953, 0,8, 0
0.730592696068649, 0.8880663634507597, 0.3830441279892707, 0.31833780615709667, 0,7, 0
0.7067784208075567, 0.9093473875167332, 0.4102035100186492, 0.3299815122072246, 0,6, 0
0.7518126787733652, 0.9046618244581609, 0.36923196307423467, 0.30861004801675773, 0,3, 0
0.7603938003059935, 0.8562310895045918, 0.3446684227214105, 0.2891891989631802, 0,6, 0
0.7365795250449012, 0.868907131503131, 0.3638659270123615, 0.29863024624320306, 0,8, 0
0.754739572939533, 0.8664003097682096, 0.33963907289163936, 0.28950821962643025, 0,4, 0
0.7684427592629548, 0.8597526606059106, 0.35309310872732497, 0.2971873074573152, 0,8, 0
0.7434976385285704, 0.8854834199487481, 0.385138520960324, 0.31002423801273343, 0,6, 0
0.7455597685092796, 0.8955277093821342, 0.375328100887486, 0.31077540199796283, 0,6, 0
0.7443624027140291, 0.8692598749818516, 0.3825650974560249, 0.3115570266014295, 0,5, 0
0.7633872147941196, 0.8599622590808503, 0.3513863168243161, 0.30269803579289994, 0,9, 0
0.7637198164039114, 0.8768954017747509, 0.35782581435275423, 0.3134736592590442, 0,9, 0
0.7438967604603206, 0.8839131824320398, 0.3881228388578797, 0.3209442690054098, 0,6, 0
0.7516796381294486, 0.8583079282321021, 0.3890378117033623, 0.32048703000577183, 0,7, 0
0.7475553781680303, 0.8542345168716805, 0.37643945658384026, 0.31628168433960285, 0,4, 0
0.7709705314973725, 0.8512141982870701, 0.336081534986796, 0.2972849507394817, 0,9, 0
0.7637198164039114, 0.8653273612165505, 0.35417903186621436, 0.3052190727271132, 0,6, 0
0.7724339785804564, 0.8564531316369006, 0.35496744454610885, 0.29403689557612533, 0,5, 0
0.7540743697199495, 0.8335647201478956, 0.35473616027028015, 0.2911336874799843, 0,6, 0
0.7438302401383623, 0.834756528068244, 0.3781245046728101, 0.3144961254015266, 0,7, 0
0.7712366127852058, 0.847315474968672, 0.3429043472217967, 0.3004207768077076, 0,7, 0
0.7800838156056675, 0.8560857325507024, 0.3570143941383793, 0.3014373284780105, 0,7, 0
0.7784873278786669, 0.8466819764413772, 0.3512768327544714, 0.3054222595498216, 0,8, 0
0.7659149870285372, 0.8667719666825497, 0.36995269121264784, 0.30428964585384116, 0,5, 0
0.7937204816071309, 0.832931852596671, 0.3193480913124534, 0.28725989891968046, 0,9, 0
0.7687088405507883, 0.852484147933743, 0.33789522702514874, 0.2968236675218144, 0,7, 0
0.7555378168030333, 0.8528147299035927, 0.3727869592801232, 0.3122257383940961, 0,7, 0
0.7514135568416151, 0.8483074429516957, 0.37407845000073836, 0.31020420645409835, 0,9, 0
0.7639193773697864, 0.8592831223485335, 0.3686841758310444, 0.3074901508407426, 0,2, 0
0.744894565289696, 0.8237571959457284, 0.37111677328252307, 0.31700968795795825, 0,5, 0
0.750083150402448, 0.8296324120476186, 0.36017494901089947, 0.3105543112805632, 0,6, 0
0.7496840284706978, 0.835546708919969, 0.36767205391346663, 0.3143237425455791, 0,3, 0
0.7499501097585313, 0.8110753149132431, 0.3632315777229904, 0.31345874697905507, 0,7, 0
0.76012771901816, 0.8126312395717861, 0.3542126701599652, 0.3069492394488087, 0,4, 0
0.7713696534291226, 0.7940325467560497, 0.3311402810481075, 0.29105353212251234, 0,5, 0
0.7746291492050822, 0.7973036995389113, 0.3285531191061068, 0.29009624372819737, 0,9, 0
0.769773165702122, 0.8468918226467278, 0.34329719704072664, 0.29675506165079013, 0,6, 0
0.7642519789795783, 0.8343319796715402, 0.3550413383818972, 0.3005997713584976, 0,8, 0
0.7790860107762921, 0.8404134843329154, 0.3442180360056833, 0.3013782656695505, 0,5, 0
0.7834098317035855, 0.8167791817737514, 0.34495472481610484, 0.29744975415466696, 0,8, 0
0.7836759129914189, 0.8113203850175713, 0.34249769964063304, 0.3008715103794803, 0,8, 0
0.7788864498104171, 0.8109065241148362, 0.34488841692461414, 0.3012374341079205, 0,5, 0
0.7847402381427526, 0.806964433173997, 0.3347440570197338, 0.28452357628236924, 0,5, 0
0.7795516530300006, 0.7932815121442549, 0.34823371285315746, 0.2978764649117497, 0,6, 0
0.7846071974988359, 0.79051488639376, 0.34227976984897057, 0.29382753769723724, 0,5, 0
0.7747621898489989, 0.803582432522691, 0.35298692303263485, 0.2961395461254897, 0,8, 0
0.7673119137896628, 0.8120867423286359, 0.36102241912256644, 0.30450764252563983, 0,4, 0
0.7576664671057007, 0.8150902419491641, 0.3733704702827966, 0.3081714912718791, 0,6, 0
0.7615246457792856, 0.8248560906112087, 0.3650847559970822, 0.30292561656289047, 0,9, 0
0.7663141089602874, 0.8277019143417194, 0.3499724197123296, 0.306284213888426, 0,7, 0
0.7856050023282113, 0.802809481155246, 0.32959466083878425, 0.29505564390252587, 0,5, 0
0.7838089536353356, 0.7971474306005882, 0.3387250433536613, 0.2905263929336904, 0,5, 0
0.786669327479545, 0.7933997053140103, 0.33034949919660456, 0.2972196060416029, 0,5, 0
0.08727466240936606, 2.3050815121646826, 0.9065395068602929, 0.40229493385652476, 0,0, 0
0.25543803632009576, 2.1279415442448277, 0.7698318232569616, 0.48538278133440843, 0,0, 0
0.3313377236745826, 1.9830870575742443, 0.7427314889754314, 0.49023514686201247, 0,2, 0
0.461384953103173, 1.8771290338809385, 0.6639253003889778, 0.4436492766952924, 0,3, 0
0.5646244927825451, 1.514385563018281, 0.6085783655287993, 0.40902330570788814, 0,5, 0
0.6041375640258099, 1.3845380507982008, 0.5775056166489352, 0.3952897063264144, 0,5, 0
0.6304796115213198, 1.4301351489632903, 0.5464870058691119, 0.33258125348153506, 0,5, 0
0.6181733519590235, 1.338230414142469, 0.5453532038732708, 0.3726478423424516, 0,6, 0
0.624027140291359, 1.2644913544019587, 0.5669271687001826, 0.39623435189638934, 0,7, 0
0.6264883922038182, 1.2204373224329201, 0.5330835998260581, 0.3778744789537239, 0,6, 0
0.6373312046830306, 1.1800065459085702, 0.5354707649049678, 0.3795490570681473, 0,5, 0
0.624027140291359, 1.169411263052023, 0.5189293673261999, 0.376270468994164, 0,6, 0
0.6600811547927892, 1.0845125964227245, 0.5083538086403516, 0.36640705483744024, 0,7, 0
0.6550921306459123, 1.0689606655666986, 0.5056572060882814, 0.3570637835988812, 0,9, 0
0.7234085012971463, 1.059318925997903, 0.4316063842322449, 0.32730626682416825, 0,5, 0
0.6673983902082086, 1.0246775226538911, 0.47907746956774594, 0.36026415152272173, 0,8, 0
0.6478414155524512, 1.0661036513679745, 0.5049683028240992, 0.37149553387881135, 0,5, 0
0.6919443890108428, 1.0331421919210533, 0.46345081572768854, 0.3507338064152187, 0,7, 0
0.6985299008847203, 0.9779821655823357, 0.44434286947683077, 0.3431888184225358, 0,6, 0
0.7159582252378102, 0.9736540766699522, 0.4315519871053551, 0.3390400889383164, 0,6, 0
0.6956030067185525, 0.9805954037863495, 0.4799150767756843, 0.35089868425747334, 0,9, 0
0.7007915918313045, 0.9656535775990418, 0.44419001832751326, 0.34762790175490876, 0,6, 0
0.662276325417415, 0.9888628384934514, 0.4869028419026302, 0.3692543656801557, 0,7, 0
0.6729195769307523, 0.9954488486602807, 0.4652162201010248, 0.3598256841854362, 0,8, 0
0.6644714960420408, 0.966033782173696, 0.4751925668835317, 0.3659716955205171, 0,9, 0
0.6685292356815007, 0.9692647374021174, 0.4767894868483956, 0.3672192975647276, 0,6, 0
0.7076431849930154, 0.9508679973159698, 0.44576552072928455, 0.33521720946721556, 0,5, 0
0.7365795250449012, 0.9261507059299929, 0.3977378833190721, 0.3251288261233107, 0,8, 0
0.6914787467571343, 0.9213007146358536, 0.45826207448247147, 0.3541113726487692, 0,7, 0
0.6985964212066786, 0.9377437840076749, 0.4232996566326655, 0.3473844535521058, 0,3, 0
0.6796381294485465, 0.9275124800919914, 0.44773677653174226, 0.35838041492408806, 0,9, 0
0.6705248453402515, 0.929992624453407, 0.47279731708337247, 0.35545051001791506, 0,5, 0
0.6738508614381694, 0.9399095450322502, 0.4802534807190498, 0.3654194831682743, 0,6, 0
0.7303266147808155, 0.8938539575481741, 0.4325131828867256, 0.3379442231024338, 0,8, 0
0.7490188252511142, 0.9057422826897822, 0.39129400584170765, 0.322780269496678, 0,2, 0
0.6905474622497173, 0.8919557935466199, 0.4372074095393771, 0.3470973381723094, 0,7, 0
0.7568017029202422, 0.8845184044999345, 0.3808630555433233, 0.3180790129188475, 0,4, 0
0.7432980775626954, 0.8933160047045199, 0.4127710554380244, 0.3248557846760511, 0,6, 0
0.7502161910463646, 0.8897841721115528, 0.3945167765047662, 0.31890874005398834, 0,7, 0
0.7610590035255771, 0.8775586361387626, 0.36956453753713125, 0.31194988087053527, 0,4, 0
0.7238741435508548, 0.8870239265229843, 0.42865121474703927, 0.33573899771615, 0,9, 0
0.7828776691279186, 0.8842152941629485, 0.3404254563561145, 0.29705765497974335, 0,5, 0
0.7584647109692011, 0.8721883125528361, 0.36544012299557516, 0.3111654377125931, 0,6, 0
0.7426328743431119, 0.8671833116076773, 0.37942119296118165, 0.32172662175642763, 0,7, 0
0.7310583383223574, 0.8678259319427828, 0.39964334459213613, 0.3279882277629311, 0,6, 0
0.7585312312911594, 0.8598337198922122, 0.36439738891303536, 0.3064668184967872, 0,8, 0
0.7323887447615246, 0.8716255190504023, 0.39763019774917585, 0.31448945977848486, 0,8, 0
0.763453735116078, 0.8790954319708753, 0.37572233975775476, 0.30471319791287116, 0,7, 0
0.7778886449810417, 0.8610156268497474, 0.36450479888618564, 0.2939184936150976, 0,6, 0
0.7597285970864099, 0.8737527387927306, 0.3860969633753446, 0.3135495691082709, 0,9, 0
0.7611255238475354, 0.8893935727012838, 0.3840584268184116, 0.314834771077274, 0,9, 0
0.7494844675048227, 0.8830093185667701, 0.39500925271368126, 0.32244088107222374, 0,10, 0
0.7766912791857913, 0.8821876873649735, 0.3476611973857593, 0.29853069185636893, 0,6, 0
0.7613250848134105, 0.8731705035171866, 0.3695203808117186, 0.3160516495810273, 0,4, 0
0.7327878666932748, 0.8539619255570262, 0.3938715999464211, 0.3229550286908767, 0,4, 0
0.7020554779485133, 0.8515356806944177, 0.44175923324340344, 0.33885709992516844, 0,7, 0
0.7254041109558971, 0.8620527898399933, 0.40577223429918524, 0.332734210213707, 0,9, 0
0.777955165303, 0.8446928926219516, 0.34213339872528586, 0.28728008705228597, 0,9, 0
0.7687753608727467, 0.8312077231800966, 0.3888987065203066, 0.31549125033168424, 0,9, 0
0.7737643850196235, 0.8402493087426032, 0.34158910006618065, 0.29344752966363036, 0,6, 0
0.7736978646976651, 0.8210828604358252, 0.34291060350242203, 0.30208907847688504, 0,7, 0
0.7655823854187455, 0.8362598178013272, 0.35371732462655603, 0.292903638069032, 0,5, 0
0.7853389210403778, 0.8054683902989179, 0.32794432104142635, 0.29485529223927065, 0,5, 0
0.7713031331071643, 0.8211991347481938, 0.3405696480180482, 0.2968454923811303, 0,4, 0
0.7810151001130845, 0.8079842066516578, 0.34618578920810916, 0.30028846196403564, 0,4, 0
0.7790194904543338, 0.7990335414479245, 0.33005390809454127, 0.2902849127078979, 0,4, 0
0.7822789862302933, 0.7924943131111781, 0.3311016143131264, 0.29210961839452937, 0,7, 0
0.7804164172154593, 0.8212981076629768, 0.3338937349343681, 0.2960143038381681, 0,5, 0
0.7766912791857913, 0.8039713780390917, 0.34426230340187997, 0.29215922418944007, 0,9, 0
0.780549457859376, 0.8255769857277314, 0.33147530887580473, 0.2906359863773035, 0,5, 0
0.7838089536353356, 0.8077335850342968, 0.3305323620310054, 0.28813063507464587, 0,8, 0
0.7834763520255438, 0.8114088162506167, 0.32641407640263187, 0.286523112735123, 0,8, 0
0.7899288232555045, 0.807688177428133, 0.31880773073010293, 0.285710826641981, 0,6, 0
0.7907270671190049, 0.7948708440007736, 0.31468137795683254, 0.280878666406016, 0,4, 0
0.7808820594691678, 0.7878476309905749, 0.32713642927600595, 0.2960349101089274, 0,6, 0
0.762522450608661, 0.7962215493565538, 0.3476386725922139, 0.30028000026002244, 0,9, 0
0.7901283842213797, 0.7846969331826301, 0.31024702571138774, 0.2832266661202401, 0,6, 0
0.7771569214394998, 0.7919175536009194, 0.34380449650289663, 0.2949978526367518, 0,8, 0
0.7807490188252512, 0.7880194829958402, 0.3336930246414247, 0.29854526171242807, 0,6, 0
0.7529435242466573, 0.7831785361282094, 0.35103650689155125, 0.3028070220543821, 0,5, 0
0.7728996208341649, 0.7879665996631996, 0.3660983654246726, 0.31259972894873694, 0,8, 0
0.7799507749617508, 0.7989584668325421, 0.33410144954984966, 0.29114924831481637, 0,10, 0
0.780549457859376, 0.8014131306100897, 0.3470496788171624, 0.29820302558482975, 0,6, 0
0.7862036852258365, 0.7925028899079247, 0.3095664992060759, 0.28412562514234774, 0,7, 0
0.7957826115878401, 0.7768128118567902, 0.31271128627683825, 0.28044986623951257, 0,9, 0
0.7904609858311714, 0.7843327063536569, 0.31344403906533796, 0.2804325832162899, 0,5, 0
0.7903944655092131, 0.7605302195889737, 0.3239800353271407, 0.2790865484700241, 0,1, 0
0.7943191645047561, 0.706138797082811, 0.302810976466515, 0.28177719747763635, 0,10, 0
0.7952504490121732, 0.7619768677244102, 0.30691767060047925, 0.28053334914769035, 0,10, 0
0.7907270671190049, 0.802163975542342, 0.310718245531292, 0.2831705776258114, 0,5, 0
0.7898623029335462, 0.7744580243410837, 0.3221526855854942, 0.28186142284669696, 0,5, 0
0.7945187254706313, 0.7356181795043425, 0.31101475797912004, 0.2796608781992959, 0,3, 0
0.7933213596753809, 0.7301613614399229, 0.31399750253325237, 0.2829420711059876, 0,7, 0
0.7891970997139626, 0.7375082552121799, 0.3194383433885707, 0.28190496560025585, 0,4, 0
0.7919909532362137, 0.7250911249638425, 0.31161648649047163, 0.2777850710366064, 0,6, 0
0.7819463846205016, 0.7530483802807953, 0.33933728441544764, 0.29496499641939, 0,4, 0
0.7921239938801303, 0.7140037479882606, 0.31194797363078225, 0.28099050326310326, 0,9, 0
0.7968469367391738, 0.7501961368701171, 0.3053941867097387, 0.27377382561029484, 0,6, 0
0.7961152131976319, 0.7234450561501491, 0.3081860761928047, 0.27607909854840573, 0,9, 0
0.7939200425730061, 0.7513582891703172, 0.2964031518808077, 0.2772314238633097, 0,6, 0
0.792057473558172, 0.7315182809527591, 0.30427449823886027, 0.2772324603437264, 0,7, 0
0.10011308454732921, 2.3050001549528862, 0.9097361186199774, 0.5784699751862238, 0,0, 0
0.25763320694472164, 2.086693419439068, 0.8134510513272731, 0.5294394289331756, 0,0, 0
0.3568815273065922, 1.987760177282233, 0.7439745068573863, 0.40361577411709854, 0,4, 0
0.42785871083616045, 1.8278711360327808, 0.6844135776844279, 0.43107494597054624, 0,5, 0
0.5002328211268543, 1.69797442128366, 0.6232840236688674, 0.3257824777416054, 0,7, 0
0.5595024279917514, 1.5955069171343943, 0.5999362858512068, 0.4077783789043211, 0,7, 0
0.6035388811281847, 1.4869741168159858, 0.5229299464339742, 0.30827498454708957, 0,4, 0
0.6327413024679039, 1.3230491115139256, 0.5543353124336954, 0.38845025691630075, 0,8, 0
0.6947382425330939, 1.2278338321628044, 0.4695054683153579, 0.3566463841116061, 0,10, 0
0.6779751213995876, 1.1958032250358515, 0.5124743297002547, 0.37311210060526584, 0,7, 0
0.6490387813477018, 1.1278893582990357, 0.5219629106802356, 0.37610317804107896, 0,4, 0
0.6478414155524512, 1.0746925521616197, 0.5155519148014973, 0.37238171880774346, 0,8, 0
0.6577529435242466, 1.0900280286414181, 0.5334023764652295, 0.38525301190436, 0,8, 0
0.6372646843610723, 1.0618193701038723, 0.525238289276269, 0.386994132422694, 0,7, 0
0.6541608461384953, 1.0413307365815476, 0.5066878233671717, 0.3711074738066589, 0,7, 0
0.6549590900019956, 1.0087754441893437, 0.5268142113261433, 0.3746595940457247, 0,11, 0
0.6868888445420076, 0.9954920935983577, 0.49538995551756476, 0.3640711283265206, 0,7, 0
0.6620102441295815, 1.006639193342081, 0.5047107539452496, 0.3729495367571553, 0,6, 0
0.6503026674649105, 1.018612124608603, 0.5114459217256881, 0.374492837493881, 0,9, 0
0.6481740171622431, 1.0327907768494156, 0.5146838186543711, 0.36914044667703244, 0,4, 0
0.6771103572141289, 1.0261473108270043, 0.4813356260592453, 0.35931976139365657, 0,6, 0
0.641854586576199, 1.0386567715248025, 0.5253381117244076, 0.3922281735538993, 0,6, 0
0.6443823588106167, 1.0197103251577941, 0.5167237556276981, 0.37937729090769556, 0,6, 0
0.6576199028803299, 1.015315495947823, 0.48290512238302696, 0.37642942027092424, 0,9, 0
0.6573538215924966, 1.008136862860806, 0.4903214835080204, 0.36848006939487965, 0,6, 0
0.7291292489855651, 0.9344621246620772, 0.4429975601928776, 0.3279476487532396, 0,8, 0
0.7019224373045966, 0.9361688975703948, 0.46216050685145477, 0.3481004101548869, 0,9, 0
0.6928091531963014, 0.9439880767609214, 0.46697901225075233, 0.35777811764782164, 0,6, 0
0.7017893966606799, 0.9291107316226388, 0.448660187503204, 0.35077172168872117, 0,8, 0
0.652630878733453, 0.9694446144904529, 0.5054060498549413, 0.3775372113363226, 0,10, 0
0.6544269274263288, 0.9514239467862903, 0.4732336050066152, 0.35914586800656556, 0,6, 0
0.6662010244129581, 0.9315183237148087, 0.4930925226741575, 0.3669411765080916, 0,8, 0
0.7170225503891439, 0.9127812481178552, 0.4215572510760094, 0.34839335915078623, 0,4, 0
0.7240737045167298, 0.9097844370237229, 0.4310234175135546, 0.3388209020187354, 0,6, 0
0.7097053149737245, 0.8872222225177344, 0.4738544712612556, 0.35188904356665274, 0,9, 0
0.7317235415419411, 0.8944300407539938, 0.42129925003764734, 0.338020402201847, 0,9, 0
0.6747821459455864, 0.8879352943545958, 0.47699334192498904, 0.3557254410551167, 0,7, 0
0.7047162908268476, 0.8873109770427728, 0.4677384616591874, 0.35232156977159007, 0,9, 0
0.7519457194172819, 0.8676458791030575, 0.4008506893471383, 0.3179764845462367, 0,7, 0
0.6898822590301337, 0.8830314820617331, 0.4645362536078884, 0.3414874734939239, 0,12, 0
0.7130978513936007, 0.8921813379737229, 0.44538206842907174, 0.33243001271265854, 0,5, 0
0.6544269274263288, 0.910357717545778, 0.4732336050066152, 0.36700672410671137, 0,8, 0
0.6767777556043372, 0.8892061638805416, 0.4643722356635313, 0.35960577405615574, 0,5, 0
0.7206811680968536, 0.8590536124300735, 0.44226466917207746, 0.3486930197755654, 0,5, 0
0.7146943391206013, 0.8689780594711469, 0.4391401997621074, 0.34693357615251913, 0,6, 0
0.7238741435508548, 0.8644997792603814, 0.4428084933335215, 0.3386038432937776, 0,9, 0
0.7131643717155591, 0.8619740586993322, 0.45045959698699045, 0.3534484458782429, 0,5, 0
0.7567351825982838, 0.8432386300179412, 0.3820756782182613, 0.31816851818677394, 0,8, 0
0.7008581121532628, 0.8664546519965687, 0.4672083760428097, 0.35192545061812397, 0,4, 0
0.7462914920508216, 0.8400696182927627, 0.39788482984089113, 0.3204017049082889, 0,7, 0
0.75121399587574, 0.8104558875084067, 0.412102676508878, 0.33348568590070854, 0,7, 0
0.7556708574469501, 0.8186601553415553, 0.3890625418671668, 0.3316908283006675, 0,9, 0
0.7468901749484468, 0.8441883914819055, 0.4059370411124922, 0.3367145304434939, 0,8, 0
0.7299940131710237, 0.848321024987282, 0.4306890750286273, 0.3440439619942131, 0,10, 0
0.7414355085478613, 0.8269882532907653, 0.41828012387313024, 0.3335281897078653, 0,5, 0
0.7455597685092796, 0.8095112401383994, 0.3947739108571693, 0.3178998968334206, 0,8, 0
0.7477549391339054, 0.8159735908418094, 0.39827282931125013, 0.3202962800583798, 0,7, 0
0.7425663540211535, 0.8009468753579483, 0.39875238203260344, 0.32159390753478223, 0,9, 0
0.7488192642852392, 0.7929023078355546, 0.3811659110722564, 0.3150506006660419, 0,5, 0
0.7508813942659482, 0.797482598191826, 0.3829694483543849, 0.3232685236607276, 0,9, 0
0.7482871017095722, 0.8143931893639375, 0.4022884255621734, 0.3275627631271047, 0,5, 0
0.7411029069380696, 0.8081265536573314, 0.39749767297340044, 0.3274670226334971, 0,8, 0
0.7478879797778222, 0.8071317650262954, 0.3943239230127187, 0.3253239911817497, 0,6, 0
0.7490188252511142, 0.8125487248718873, 0.3837014206890885, 0.3228964123612313, 0,6, 0
0.7575999467837424, 0.7955254808768084, 0.3532700135313178, 0.31500748931527084, 0,8, 0
0.7441628417481541, 0.7950379186565611, 0.4102830939976934, 0.3330942036149459, 0,5, 0
0.7549391339054081, 0.7858065207413671, 0.3754200131345776, 0.31731847238852473, 0,9, 0
0.7418346304796115, 0.7915258680943817, 0.39937722268310233, 0.3305605692599979, 0,6, 0
0.7549391339054081, 0.7827148032650676, 0.381762966477531, 0.3245864840406819, 0,7, 0
0.7552717355151999, 0.8069271055783596, 0.37390486161942604, 0.31525339373569156, 0,3, 0
0.7557373777689084, 0.7792117211399283, 0.384660964102494, 0.3218995268392989, 0,6, 0
0.7589303532229096, 0.7661161438671646, 0.381844005582592, 0.32375036493643733, 0,9, 0
0.7687753608727467, 0.7699787068448806, 0.3954648006012284, 0.32497329246652695, 0,7, 0
0.7505487926561565, 0.7844445430128637, 0.4203082436782388, 0.3365659356092583, 0,8, 0
0.7687088405507883, 0.7879521801226078, 0.38822586970300776, 0.3265192183592815, 0,7, 0
0.7709040111754141, 0.774600632749452, 0.3662159468843031, 0.3059418561102385, 0,6, 0
0.7651832634869953, 0.7609894705962735, 0.36735021309840726, 0.30805813800181164, 0,8, 0
0.791126189050755, 0.7712296915721271, 0.3225717565361185, 0.28179793588777885, 0,7, 0
0.7788199294884587, 0.7532993129761277, 0.36318649104731826, 0.30033696039162744, 0,8, 0
0.762522450608661, 0.7544102447520514, 0.36733291504747945, 0.31162371561751223, 0,9, 0
0.7508148739439899, 0.7709561013925761, 0.3920901889432092, 0.33185324427108753, 0,6, 0
0.7677775560433713, 0.7616522902747374, 0.37559003897434956, 0.3129655837418122, 0,5, 0
0.7562695403445753, 0.7516173555415638, 0.3815460352605997, 0.32558643070594656, 0,6, 0
0.7659815073504955, 0.744479050396649, 0.3642771559917204, 0.3042804418575465, 0,8, 0
0.756602141954367, 0.7563420560528586, 0.3857423140846487, 0.32350406275002974, 0,6, 0
0.7539413290760327, 0.7568834701620887, 0.38937322418015746, 0.32842074437195906, 0,6, 0
0.768110157653163, 0.7528393337954659, 0.3854851280767558, 0.3141611663345516, 0,10, 0
0.7656489057407038, 0.7562979434343409, 0.36261308203496356, 0.31178702868080493, 0,8, 0
0.7785538482006253, 0.7586192102610255, 0.3572126385314904, 0.2997941025205722, 0,5, 0
0.7741635069513736, 0.7469392814424901, 0.3568344568042835, 0.29684979766921527, 0,9, 0
0.7645845805893701, 0.7681132163198396, 0.36424186421169097, 0.3132203325498477, 0,6, 0
0.775161311780749, 0.7547217979445315, 0.34895856313399404, 0.30222737275360795, 0,10, 0
0.7585312312911594, 0.755507058785459, 0.37190350680985207, 0.30898434466078295, 0,8, 0
0.7866028071575867, 0.7357946086774919, 0.34555006598287463, 0.2876358340982519, 0,8, 0
0.7846737178207942, 0.7250418399885387, 0.3593857770436453, 0.29682069841623826, 0,4, 0
0.7790860107762921, 0.7132656526977275, 0.3474164092772365, 0.3074893019803739, 0,8, 0
0.7793520920641256, 0.7352668787908294, 0.3690071383371197, 0.30411930919013586, 0,7, 0
0.7776225636932083, 0.7367264429697059, 0.3659746236245842, 0.30934450998182167, 0,10, 0
0.7677775560433713, 0.7414232146128624, 0.36103337388068163, 0.307213053272551, 0,6, 0
0.7846737178207942, 0.7372876045002452, 0.33088020756439157, 0.2869423574080686, 0,11, 0
0.7704383689217056, 0.7617297609646465, 0.36010946014854883, 0.308496332533219, 0,7, 0
0.11627752278321027, 2.3036143271451874, 0.8669225231519035, 0.3426952349266957, 0,0, 0
0.3145746025410763, 2.108398702693685, 0.71788189759803, 0.3145277197587197, 0,0, 0
0.39100645247122995, 1.8355699165739148, 0.6996861187450256, 0.42437804286231157, 0,1, 0
0.5225171289829043, 1.652497754343484, 0.6076102058920317, 0.2960748632275212, 0,1, 0
0.5310982505155325, 1.4875124043301873, 0.624463762803739, 0.4027521455247086, 0,3, 0
0.5924299873611388, 1.3653757480500162, 0.5797418172230593, 0.3812379769146451, 0,3, 0
0.6293487660480277, 1.3204513778598423, 0.5337307875336842, 0.3006601120995817, 0,5, 0
0.6476418545865762, 1.3462381496919429, 0.5469892603713413, 0.37326414537947405, 0,3, 0
0.6692609592230426, 1.2218134306202206, 0.5069897248709399, 0.35640841652774324, 0,5, 0
0.6527639193773698, 1.196463226092222, 0.5096059720113355, 0.34094104533295927, 0,6, 0
0.6695935608328344, 1.0797728881318447, 0.5030206873842774, 0.3617686358899262, 0,6, 0
0.6476418545865762, 1.0479714957040698, 0.530855444218918, 0.37247097227418136, 0,5, 0
0.6811680968535888, 1.0467161794475528, 0.5066831185766345, 0.3682439599689736, 0,7, 0
0.6988625024945121, 1.052558040824874, 0.46168674149159683, 0.33686477093098993, 0,4, 0
0.6643384553981241, 1.0080471698879372, 0.4840794028145831, 0.35055097495352205, 0,5, 0
0.6745825849797114, 0.964678057300872, 0.48149211370075096, 0.3516179129761517, 0,3, 0
0.6894166167764252, 0.96345161836676, 0.4784218170830104, 0.3507286496486827, 0,8, 0
0.7336526308787334, 0.9569494815641549, 0.440260551103923, 0.33414618897812537, 0,4, 0
0.6920109093328012, 0.9102560346033259, 0.48165963740581985, 0.35251762443096324, 0,7, 0
0.7449610856116543, 0.8913264877953937, 0.430453568999418, 0.3408928342309387, 0,6, 0
0.6925430719084681, 0.8950837964196617, 0.4608121034603426, 0.34057391495547695, 0,4, 0
0.7060466972660148, 0.8791499712351983, 0.4617334167953113, 0.3451569382280148, 0,7, 0
0.723741102906938, 0.8868499623026372, 0.4426698903522413, 0.3336017431441087, 0,4, 0
0.6957360473624692, 0.8727346143559767, 0.4505095902306519, 0.3373409974873076, 0,5, 0
0.7130313310716424, 0.8734121338520944, 0.4398082662213655, 0.3374309431851151, 0,4, 0
0.6968668928357613, 0.8612196114418106, 0.48645859169510447, 0.3547064025519657, 0,9, 0
0.6985964212066786, 0.8523449377194089, 0.4612339150057629, 0.3407977020291591, 0,4, 0
0.7333200292689417, 0.8291345068978971, 0.42113086920278436, 0.31902398119805087, 0,5, 0
0.760859442559702, 0.8294361487526691, 0.3662275921529683, 0.2956007442124302, 0,4, 0
0.7364464844009845, 0.8363172300205466, 0.41692645641476467, 0.3152680649941656, 0,5, 0
0.7221446151799374, 0.8282205502243724, 0.4347742888327935, 0.3352079879672909, 0,2, 0
0.730792257034524, 0.82318553074348, 0.43608441348690796, 0.33563679816782466, 0,4, 0
0.7424333133772367, 0.8225524155920054, 0.4079595047245044, 0.3180747343534828, 0,7, 0
0.7341847934544004, 0.8164395702928035, 0.44032735434995984, 0.3379466339764142, 0,5, 0
0.7456928091531964, 0.8129203311505419, 0.42045712752444503, 0.3347161373496387, 0,6, 0
0.7208142087407703, 0.8150584212222323, 0.43445063119284993, 0.3281520777214551, 0,5, 0
0.7448280449677377, 0.8066712772542428, 0.4092720441210137, 0.3282159462926584, 0,4, 0
0.7189516397259362, 0.7925115642377734, 0.45073808856559483, 0.33434978465716286, 0,7, 0
0.7389077363134438, 0.7956726635844177, 0.40533494869594605, 0.3239280436930978, 0,7, 0
0.7559369387347835, 0.8051722627201587, 0.38018815540162004, 0.314807792790184, 0,3, 0
0.73784341116211, 0.7831409685486702, 0.37253231434269274, 0.3132649372482252, 0,6, 0
0.7226767777556043, 0.7907211317212869, 0.38230478506417254, 0.3172529186217347, 0,8, 0
0.7266679970731058, 0.8064181462287365, 0.4104722909431108, 0.3232696516385695, 0,10, 0
0.6954699660746358, 0.8146224747296552, 0.4545610621055573, 0.34438541198008776, 0,6, 0
0.7195503226235614, 0.7980374024657381, 0.4114169597353352, 0.3312559681351203, 0,7, 0
0.6950708441428857, 0.8011422799691706, 0.4456876095693165, 0.34078538546419046, 0,8, 0
0.752877003924699, 0.7869154449817855, 0.3712400490904084, 0.31097531632075914, 0,4, 0
0.7570012638861172, 0.7788096292439209, 0.3673206809104215, 0.31238037943057795, 0,6, 0
0.7565356216324087, 0.7839284389244191, 0.3573104896148671, 0.30252898811846785, 0,4, 0
0.7544734916516996, 0.7802575763562437, 0.37616795717759133, 0.310525310001437, 0,5, 0
0.7546730526175747, 0.7675519531237835, 0.36257982710651354, 0.3138442299174268, 0,8, 0
0.7530100445686158, 0.768662152831059, 0.3794881229942439, 0.31989218877803166, 0,5, 0
0.7567351825982838, 0.7576794173864664, 0.3740265254932293, 0.3197612604835496, 0,4, 0
0.7593294751546598, 0.7566754482074047, 0.3847947570477254, 0.3166264697332217, 0,5, 0
0.7518791990953236, 0.7527842815964532, 0.36538624950326015, 0.3213032932613748, 0,6, 0
0.7641189383356616, 0.7451750599010954, 0.35615643618095577, 0.31058451014575444, 0,4, 0
0.780549457859376, 0.7267680348028551, 0.33551276040184175, 0.2932939719415797, 0,10, 0
0.7685092795849132, 0.7472029287625748, 0.3425884014487251, 0.2940752978740661, 0,6, 0
0.7626554912525777, 0.7575087602241946, 0.3569213046053574, 0.29612621842693004, 0,6, 0
0.7534091665003658, 0.7729431587907297, 0.37939613721293347, 0.2994881785817511, 0,5, 0
0.7601942393401184, 0.7542004496594545, 0.37979114937493086, 0.31543203992120417, 0,5, 0
0.7664471496042041, 0.7182698269003082, 0.35552479121617625, 0.3058718404591911, 0,6, 0
0.7611255238475354, 0.7128607290388208, 0.37462456257304916, 0.3174022160527213, 0,7, 0
0.769773165702122, 0.7241592196334627, 0.35387561385708133, 0.2998924583323597, 0,8, 0
0.7788864498104171, 0.7351807983342362, 0.32748468553553167, 0.2982441656039998, 0,4, 0
0.7637863367258697, 0.7424230737072546, 0.3554024686291435, 0.30346293734514646, 0,8, 0
0.7545400119736579, 0.759600348341772, 0.3698891300588674, 0.3023344524599761, 0,6, 0
0.7661810683163707, 0.7269300519587054, 0.34078732382335636, 0.30196096434579617, 0,6, 0
0.7771569214394998, 0.7328778315740956, 0.3247165405125502, 0.2881415113926661, 0,8, 0
0.7715026940730393, 0.7455689409791365, 0.34996137298470487, 0.3102600111032349, 0,4, 0
0.7696401250582052, 0.73752983770409, 0.35177656129505686, 0.31400864930022876, 0,9, 0
0.7670458325018293, 0.7365286570637698, 0.3522983973021869, 0.3124675148344013, 0,6, 0
0.7754939133905409, 0.7203963337916465, 0.31409894479391093, 0.2979077751414971, 0,6, 0
0.7697066453801636, 0.7396746328505991, 0.342020707497227, 0.30946692391161373, 0,9, 0
0.7780882059469167, 0.7208460918636508, 0.3251066357069892, 0.28366088588837246, 0,6, 0
0.7703053282777889, 0.7278148004354336, 0.34515471987948815, 0.30824272285355375, 0,3, 0
0.7677110357214129, 0.7112646841847754, 0.35937733796936294, 0.31619957128672754, 0,7, 0
0.7529435242466573, 0.728793307663266, 0.39577806545085154, 0.3237431860759263, 0,3, 0
0.7671123528237876, 0.7024451497561701, 0.33919753247625417, 0.3033325692271838, 0,5, 0
0.7713696534291226, 0.6868623943422537, 0.3363664497431046, 0.30095150044577407, 0,5, 0
0.7729661411561232, 0.687086133453569, 0.3428939023663826, 0.3088221182508112, 0,4, 0
0.7721013769706645, 0.6831905603421041, 0.3578561202310773, 0.3163812207179003, 0,2, 0
0.7754939133905409, 0.6655506235877799, 0.3450210466859401, 0.3066437987924815, 0,7, 0
0.7792855717421673, 0.6975426819234151, 0.325629297923585, 0.30390981890131974, 0,6, 0
0.7735648240537484, 0.6819727945766341, 0.32917915869765424, 0.29705473969532137, 0,6, 0
0.7739639459854986, 0.6920580081099672, 0.3279024207297397, 0.30123453664973343, 0,6, 0
0.7849397991086277, 0.705978250074294, 0.3073344422186872, 0.2879767830882589, 0,6, 0
0.7865362868356283, 0.6916478844595476, 0.31090310278921196, 0.28301411242421814, 0,5, 0
0.7708374908534558, 0.6945791888094573, 0.34718879688763643, 0.31206592789048454, 0,5, 0
0.7642519789795783, 0.691158973174027, 0.3491652286086502, 0.3123007172426166, 0,5, 0
0.7790194904543338, 0.6869986793926992, 0.32070513581400817, 0.2995067390999889, 0,7, 0
0.7699062063460387, 0.6809556974929256, 0.34989220411872085, 0.30280274958046305, 0,7, 0
0.767910596687288, 0.6911681731014477, 0.34413087729073655, 0.2966359296591118, 0,10, 0
0.7683097186190381, 0.6972169044879373, 0.3439747429158742, 0.29814009611072406, 0,9, 0
0.7766247588638329, 0.7039832765816397, 0.33878580458181434, 0.3039770156401411, 0,4, 0
0.7840085146012107, 0.6860467859905178, 0.3209721041889844, 0.2885710861901946, 0,6, 0
0.7778886449810417, 0.6794189371179594, 0.3377743671041285, 0.3008465279701885, 0,5, 0
0.7760925962881661, 0.686883136037357, 0.3288918542681273, 0.2938265184125257, 0,9, 0
0.7759595556442493, 0.702694937610481, 0.3363952709103079, 0.30293355766292157, 0,6, 0
0.7790860107762921, 0.6919352288884211, 0.30668806852197517, 0.29104444405175384, 0,3, 0
0.7724339785804564, 0.6647676201071993, 0.3407043495785459, 0.3112258706583883, 0,8, 0
0.09931484068382891, 2.303668016335259, 0.895612058693215, 0.3843151712758031, 0,0, 0
0.28883123794319165, 1.9815853762387168, 0.8022657481515687, 0.5007858987425654, 0,0, 0
0.37776890840151667, 1.9587771647991332, 0.6932298909331263, 0.4637209944894938, 0,4, 0
0.4324486130512872, 1.7955137688679221, 0.6700227698410606, 0.4384316216769154, 0,5, 0
0.570744362402714, 1.6394073343240103, 0.5526487071497871, 0.29888771295585914, 0,6, 0
0.5630945253775028, 1.4756031448812905, 0.602564787621521, 0.40410311986850117, 0,6, 0
0.6255571076964013, 1.2743288336738896, 0.54394432330644, 0.38110683088128466, 0,9, 0
0.650768309718619, 1.3061181295757038, 0.5376665832563495, 0.3785077534680555, 0,5, 0
0.6445819197764917, 1.1820509131444097, 0.5664459537020567, 0.3838495231412626, 0,6, 0
0.7111687620568083, 1.0353550810679586, 0.46063514099326097, 0.3189010088753881, 0,5, 0
0.703119803099847, 1.0219697907607153, 0.49394289465982877, 0.3410126867097534, 0,5, 0
0.6983968602408036, 1.0004480679397878, 0.4966262843565844, 0.35901242169505915, 0,5, 0
0.7380429721279851, 0.9272775671890019, 0.46010874178299516, 0.3455444930340596, 0,5, 0
0.704051087607264, 0.9290077971226963, 0.473392227681731, 0.35138415897810743, 0,6, 0
0.7170890707111023, 0.9097662464296157, 0.4473165997275402, 0.3035315235212537, 0,8, 0
0.7327213463713165, 0.9267657593812694, 0.43321187749759427, 0.332757439069605, 0,7, 0
0.7466906139825716, 0.8885454789859962, 0.4268469815931282, 0.34029024713074507, 0,5, 0
0.7640524180137032, 0.8659927067938125, 0.4201820443911318, 0.33006222118842915, 0,4, 0
0.7572008248519922, 0.8258375989917629, 0.4252155303729714, 0.3336737837731116, 0,7, 0
0.7583316703252844, 0.8333029136485295, 0.42671850715375437, 0.3463128232573093, 0,3, 0
0.758996873544868, 0.8098901600183713, 0.416797287131196, 0.31795510717432973, 0,6, 0
0.7579325483935342, 0.8160470178358968, 0.4355427015269101, 0.3392476686980844, 0,6, 0
0.7280649238342314, 0.8134640206947881, 0.4346795208665846, 0.3342092039833616, 0,2, 0
0.7275992815805229, 0.8131349546337538, 0.44428275466790723, 0.3466725877099053, 0,5, 0
0.7646511009113284, 0.7776998755971022, 0.3957393455908108, 0.3180633966724253, 0,5, 0
0.7683762389409965, 0.7701683745226495, 0.38713458834089226, 0.3154763034749426, 0,7, 0
0.7797512139958758, 0.7813660313589895, 0.3709611476905198, 0.31561189189723177, 0,4, 0
0.7713031331071643, 0.7650017336739239, 0.36823462871187473, 0.3167029169308025, 0,10, 0
0.774429588239207, 0.7879198678185244, 0.3757902344394571, 0.3133202564075728, 0,7, 0
0.7579325483935342, 0.7898426056408154, 0.4018538020911784, 0.3118637595774658, 0,7, 0
0.7468901749484468, 0.7938043123386134, 0.42193660546666467, 0.3285821258476823, 0,5, 0
0.7722344176145812, 0.765747894439772, 0.36655386891074293, 0.31459271953555473, 0,6, 0
0.7560034590567418, 0.7618760865778498, 0.41674458321590874, 0.34159004389137826, 0,8, 0
0.7728331005122064, 0.7615594649066652, 0.34637950621416813, 0.3098935811753883, 0,8, 0
0.7723009379365396, 0.7628034279207625, 0.3620478241274279, 0.30897476762366977, 0,6, 0
0.7623228896427858, 0.7528078045226982, 0.40369362594853087, 0.33618854337346593, 0,5, 0
0.7694405640923302, 0.7578534298504906, 0.3911843224941067, 0.3288277810074418, 0,9, 0
0.7487527439632807, 0.7708070416370747, 0.40573394642257576, 0.3297525410539648, 0,8, 0
0.7767577995077496, 0.7573596586507964, 0.34865847682042983, 0.3038190297337018, 0,10, 0
0.7738309053415818, 0.7527671450034688, 0.366378365148868, 0.316673783406303, 0,7, 0
0.767910596687288, 0.7544786288006142, 0.38205221489749663, 0.3217814255309237, 0,6, 0
0.773298742765915, 0.7443930583471429, 0.35333958319645725, 0.300425538826277, 0,4, 0
0.7633206944721612, 0.738982330679103, 0.39507105147476645, 0.3280196908912694, 0,3, 0
0.7685092795849132, 0.7367596687081892, 0.37268739368688586, 0.3136597781550339, 0,6, 0
0.7718352956828312, 0.7339679880041934, 0.35682851546750677, 0.30610705931182003, 0,6, 0
0.7740969866294153, 0.7470135020004018, 0.36690608435294486, 0.31142911839688125, 0,6, 0
0.7760925962881661, 0.717147859487577, 0.34773162817964587, 0.3086983482945716, 0,5, 0
0.7744961085611655, 0.7054179942827634, 0.35665654673885605, 0.31533323829382004, 0,9, 0
0.7923235548460055, 0.7124300499866864, 0.3232862997041389, 0.29588155702960645, 0,5, 0
0.7838089536353356, 0.6914583705406042, 0.3345467133318092, 0.3040178702248895, 0,6, 0
0.7847402381427526, 0.7008798014100224, 0.3360833685005398, 0.30852055295287395, 0,10, 0
0.7644515399454533, 0.7443279006528739, 0.3955009127665793, 0.3285202379326389, 0,7, 0
0.7741635069513736, 0.7242967720244138, 0.3616888246629554, 0.3112431053176584, 0,7, 0
0.774230027273332, 0.7318045786744216, 0.3777290873352934, 0.3148233620955979, 0,5, 0
0.7823455065522518, 0.698681213143305, 0.34754826080394485, 0.29498718613641445, 0,5, 0
0.7932548393534224, 0.6869598020105434, 0.3166931624492369, 0.28116606015759155, 0,7, 0
0.7824120268742101, 0.6922801046753175, 0.33311706927445606, 0.29935532692939665, 0,7, 0
0.7854719616842946, 0.6981641270286352, 0.3379536551971533, 0.30471668291786086, 0,6, 0
0.7897292622896295, 0.6852575852264974, 0.3189490162470668, 0.2873678492792871, 0,7, 0
0.7904609858311714, 0.7002975286960953, 0.3265585980971803, 0.29555143252255595, 0,6, 0
0.794851327080423, 0.6760413809706708, 0.30432474139660537, 0.28799788031020823, 0,7, 0
0.794651766114548, 0.6823007282379158, 0.3143247413966054, 0.28995585003212726, 0,10, 0
0.7934544003192976, 0.6999812124175969, 0.312612609770177, 0.28985598213849006, 0,7, 0
0.7926561564557972, 0.6949631301087248, 0.3207619604195277, 0.293629832306466, 0,4, 0
0.7925896361338389, 0.6792952900928121, 0.31295722129899906, 0.2954043963496057, 0,6, 0
0.7949843677243398, 0.6671409473199101, 0.31395709433778185, 0.2875055901698821, 0,3, 0
0.7938535222510477, 0.6472416228174653, 0.30893295918090335, 0.28493775770387236, 0,6, 0
0.7895962216457127, 0.6665882192124943, 0.3283548512898164, 0.29510882228861945, 0,4, 0
0.7744961085611655, 0.6841223853267958, 0.35933076744829706, 0.3123742042668799, 0,6, 0
0.7757599946783742, 0.6847731310199785, 0.3620996470021277, 0.3102852559725787, 0,10, 0
0.789263620035921, 0.689921513017025, 0.33619352001037917, 0.28763743007022635, 0,4, 0
0.7904609858311714, 0.6560932703460234, 0.31251732982037383, 0.2855864890444516, 0,2, 0
0.7921905142020887, 0.6331634616181372, 0.3247302318669673, 0.2916897258157076, 0,7, 0
0.7929222377436307, 0.6650191024334905, 0.3216575922402921, 0.2950540500097595, 0,7, 0
0.7911927093727134, 0.6628950392790499, 0.32490672741723586, 0.29525654213572544, 0,6, 0
0.7937870019290894, 0.6747408101608778, 0.31141162937802014, 0.2893924054548794, 0,7, 0
0.794651766114548, 0.6701773567074005, 0.29841767060047925, 0.28190372871902, 0,6, 0
0.7915918313044635, 0.6525722858386704, 0.33225249218289554, 0.29670291430130336, 0,4, 0
0.789463181001796, 0.6488786305924886, 0.34236465034931657, 0.29635825527274834, 0,5, 0
0.7945852457925896, 0.656735756988954, 0.30175100393381254, 0.2848828509091486, 0,8, 0
0.7941196035388811, 0.6907992874724138, 0.31818397535246856, 0.29066939550295456, 0,7, 0
0.7925231158118805, 0.6909280782054914, 0.309509182677008, 0.2979050271834592, 0,7, 0
0.7944522051486729, 0.6859295373435399, 0.3214384748518663, 0.2889509264437299, 0,5, 0
0.7945187254706313, 0.6567195929440146, 0.32134138747322544, 0.2899132083700472, 0,6, 0
0.7952504490121732, 0.6660594993715183, 0.3152123696121594, 0.2947975021597369, 0,7, 0
0.7959821725537152, 0.6575922974436347, 0.3119807667963188, 0.29370036012503076, 0,7, 0
0.7952504490121732, 0.6539597642841088, 0.29985674932111134, 0.27734550664739344, 0,8, 0
0.792789197099714, 0.6559808340816208, 0.3187706215185656, 0.29243199985461904, 0,7, 0
0.7939200425730061, 0.6588823661910308, 0.3080563358042799, 0.2882407157164871, 0,5, 0
0.7947182864365063, 0.6508723000201839, 0.313864788145874, 0.28853133444390083, 0,7, 0
0.79538348965609, 0.6652061709185232, 0.30272904369340575, 0.2795864117717005, 0,6, 0
0.7915918313044635, 0.638207378624124, 0.31281632829364503, 0.29525447360117973, 0,7, 0
0.7927226767777557, 0.6321339026200649, 0.3180185140269937, 0.296254517708055, 0,9, 0
0.7933878799973392, 0.6350179645846064, 0.3137874184996389, 0.2885678878621843, 0,8, 0
0.7947848067584647, 0.6350527872883246, 0.3031692952657328, 0.2845154364969286, 0,8, 0
0.794851327080423, 0.649272249926697, 0.3038719008362629, 0.27524457540266534, 0,7, 0
0.7939200425730061, 0.6555336569199025, 0.3072230024709466, 0.29055814345158054, 0,8, 0
0.7941861238608395, 0.6533748278628899, 0.302280422139521, 0.27398132618160015, 0,3, 0
0.7965143351293821, 0.6223813957380749, 0.2937012307983362, 0.27405253632664495, 0,3, 0
0.7951174083682565, 0.614378384979072, 0.30428775809218056, 0.2860514505930211, 0,7, 0
0.7958491319097984, 0.6260167851593216, 0.2962138921782542, 0.27793549526862166, 0,7, 0
