acuracia,loss,frr,fpr, removed, n_clf, tp_removed
0.09825051553249518, 0.0, 0.8944041643372586, 0.40467750686587217, 0,0, 0
0.8242533093860174, 0.0, 0.26558674691917394, 0.21962226629416606, 0,0, 0
0.8288432116011442, 0.0, 0.25103148317298074, 0.21819140773642517, 1,2, 1
0.8289097319231025, 0.0, 0.2591941408219586, 0.2169448375665627, 1,2, 1
0.23934011840617309, 0.0, 0.811210107770391, 0.53185267082639, 0,0, 0
0.8344309186456462, 0.0, 0.2540982622710501, 0.22381108443121409, 0,1, 0
0.4232688086210337, 0.0, 0.6717108826929024, 0.352920031004964, 0,0, 0
0.8346304796115214, 0.0, 0.2575394890120052, 0.2255022787606229, 0,0, 0
0.4239340118406173, 0.0, 0.6826050280415586, 0.4308353396634567, 0,0, 0
0.8367591299141888, 0.0, 0.25771012341375604, 0.22071329544725127, 1,2, 1
0.535089469833034, 0.0, 0.5742378729322989, 0.2852710790052802, 0,0, 0
0.8356948047628551, 0.0, 0.24427480867557702, 0.2163213007898555, 0,0, 0
0.5875740038581787, 0.0, 0.5194188172531147, 0.28867682476937045, 0,0, 0
0.8334331138162708, 0.0, 0.24939226075602872, 0.22261085259084384, 1,3, 1
0.6095257101044369, 0.0, 0.5203493973264421, 0.27736992907844144, 0,0, 0
0.8331670325284375, 0.0, 0.2698543596012845, 0.23456844728935053, 0,1, 0
0.6332069447216124, 0.0, 0.5031598581975644, 0.30545871150887266, 0,0, 0
0.8348965608993547, 0.0, 0.24776800370264, 0.21946957470871095, 0,1, 0
0.6984633805627619, 0.0, 0.42952313305552, 0.25431653793560005, 0,0, 0
0.8358278454067718, 0.0, 0.2662063596388549, 0.22180317874219013, 0,1, 0
0.6864232022882991, 0.0, 0.4663873945952359, 0.29175286325313077, 0,0, 0
0.836426528304397, 0.0, 0.25833794987888187, 0.2232450668741057, 1,3, 1
0.7252045499900219, 0.0, 0.4035663553001268, 0.24804868202554076, 0,0, 0
0.8320361870551454, 0.0, 0.266076768173457, 0.23720882205624164, 1,3, 1
0.7015898356948047, 0.0, 0.43138226059852713, 0.2612116488654307, 0,0, 0
0.8360274063726468, 0.0, 0.25756831856737794, 0.2284060872847906, 0,0, 0
0.7556708574469501, 0.0, 0.3765966202635835, 0.23426724630422163, 1,3, 1
0.8374908534557307, 0.0, 0.2603937931568332, 0.22055418634273796, 0,0, 0
0.745094126255571, 0.0, 0.40982518307008975, 0.2519933478826076, 0,1, 0
0.8383556176411894, 0.0, 0.24942694505939234, 0.21962583768141286, 0,1, 0
0.7396394598549857, 0.0, 0.38241497630904797, 0.2486919358027666, 0,1, 0
0.7806824985032927, 0.0, 0.35741884123095374, 0.24599824581223328, 1,2, 1
0.834763520255438, 0.0, 0.269264035422262, 0.23331908593409662, 1,3, 1
0.7538748087540744, 0.0, 0.37770401986888386, 0.2515158258013376, 2,3, 2
0.837158251845939, 0.0, 0.2464680641592146, 0.21576010024824288, 0,1, 0
0.7579990687154926, 0.0, 0.3748145438874607, 0.24693912232962478, 1,2, 1
0.8402181866560234, 0.0, 0.2509547085107339, 0.21913564812721767, 0,1, 0
0.7852058803964611, 0.0, 0.341063991272069, 0.2397859934943472, 2,3, 2
0.841814674383024, 0.0, 0.24099439241321322, 0.22269729614159037, 0,0, 0
0.7943191645047561, 0.0, 0.344487320949454, 0.24445837984315177, 1,3, 1
0.8377569347435642, 0.0, 0.2522567644383601, 0.22667013927392238, 0,2, 0
0.7919909532362137, 0.0, 0.3506924462247652, 0.24922924045292563, 1,3, 1
0.8384886582851061, 0.0, 0.24763038943862523, 0.22440600720308548, 0,1, 0
0.8382890973192311, 0.0, 0.25347497205971725, 0.21932821412912185, 1,2, 1
0.804496773764385, 0.0, 0.2903069910811458, 0.2252952367929703, 1,2, 1
0.8384886582851061, 0.0, 0.26080237928021205, 0.21998020386569223, 1,2, 1
0.8048293753741768, 0.0, 0.32453819558162794, 0.24013611113988645, 1,2, 1
0.8094857979112619, 0.0, 0.2924696573775753, 0.23703661672032147, 0,1, 0
0.8374908534557307, 0.0, 0.2518453718526973, 0.2256062402632915, 0,2, 0
0.8147409033459722, 0.0, 0.29812280604589725, 0.23561986389800815, 1,3, 1
0.8398190647242733, 0.0, 0.24325604796904232, 0.22170211157153275, 0,1, 0
0.8174017162243066, 0.0, 0.29104823357490955, 0.23571684822403555, 1,2, 1
0.8406838289097319, 0.0, 0.24918294251653045, 0.21580666625989042, 13,2, 2
0.8179338787999734, 0.0, 0.2921918997767292, 0.22791454391994315, 1,2, 1
0.8431450808221912, 0.0, 0.24004668336164428, 0.20812587648393766, 0,1, 0
0.8172021552584314, 0.0, 0.3016451998283922, 0.2350688747988155, 1,2, 1
0.841814674383024, 0.0, 0.23619353689789446, 0.21124458229678048, 0,1, 0
0.8170025942925564, 0.0, 0.2902552755716236, 0.23180093881340955, 1,3, 1
0.8415485930951906, 0.0, 0.2402383015839808, 0.2146849904848814, 0,1, 0
0.8171356349364731, 0.0, 0.2979973523536408, 0.2386098758429722, 1,2, 1
0.8426129182465243, 0.0, 0.24993666932187864, 0.21323106293644412, 2,2, 2
0.8182664804097651, 0.0, 0.2878020130931728, 0.23383885927897213, 1,3, 1
0.8426129182465243, 0.0, 0.2488120648269357, 0.2150347346612146, 0,0, 0
0.8151400252777223, 0.0, 0.2778827194913739, 0.22182643709725924, 1,3, 1
0.8444754872613583, 0.0, 0.2396090239765593, 0.2133583666067241, 0,0, 0
0.8151400252777223, 0.0, 0.2798934572747132, 0.23599455397605085, 1,3, 1
0.8472693407836094, 0.0, 0.23701781119520673, 0.2088365513915283, 2,2, 2
0.8115479278919709, 0.0, 0.290278198950943, 0.23367181892575548, 1,3, 1
0.8472693407836094, 0.0, 0.23778332942373873, 0.20806073123308808, 0,0, 0
0.8175347568682232, 0.0, 0.28375643732212397, 0.2335694969449159, 0,0, 0
0.8464045765981507, 0.0, 0.2305184967255232, 0.20766679410715114, 0,0, 0
0.8170691146145147, 0.0, 0.2801795892398365, 0.23446318323512702, 2,3, 2
0.8500631943058604, 0.0, 0.22408422113931106, 0.1985665051617699, 0,0, 0
0.8208607729661411, 0.0, 0.28084854306927276, 0.23229056737867573, 0,1, 0
0.8509944788132775, 0.0, 0.22062356908041486, 0.1969688037326861, 0,0, 0
0.8227898623029335, 0.0, 0.27615397401149366, 0.2323470603482453, 0,1, 0
0.8511940397791525, 0.0, 0.2276421275425888, 0.19824540987513067, 0,0, 0
0.8201955697465576, 0.0, 0.2745590185455366, 0.2350450347748838, 0,1, 0
0.8497305926960687, 0.0, 0.2358576116536033, 0.19938707075890186, 0,0, 0
0.8191312445952238, 0.0, 0.2664896067691708, 0.22912449449010047, 2,2, 2
0.8532561697598616, 0.0, 0.22641051470868884, 0.1943843410700783, 1,1, 1
0.8172686755803898, 0.0, 0.28152704600093, 0.22951138167748064, 2,2, 2
0.8532561697598616, 0.0, 0.238744575203312, 0.2059269110300351, 0,0, 0
0.8207942526441828, 0.0, 0.26206504567135985, 0.22085050629967223, 0,1, 0
0.8539878933014036, 0.0, 0.23246069101006006, 0.20216852379246614, 0,0, 0
0.8306392602940198, 0.0, 0.25639309810876815, 0.2114084165821888, 7,2, 2
0.8547196168429455, 0.0, 0.2298011375619092, 0.20069078917942282, 1,1, 1
0.8311714228696867, 0.0, 0.2608986591919971, 0.21400098677049934, 0,1, 0
0.8559169826381959, 0.0, 0.2259493576613773, 0.19841509828214776, 0,0, 0
0.8545865761990288, 0.0, 0.23087735834619857, 0.19915186806753787, 0,0, 0
0.8274462848400186, 0.0, 0.2672818324422818, 0.2250568146843693, 1,3, 1
0.8569147874675713, 0.0, 0.21926598656258553, 0.19043164410934385, 0,0, 0
0.8297744961085611, 0.0, 0.26227792665650546, 0.2223317471474668, 5,2, 2
0.8297079757866028, 0.0, 0.2630607828806125, 0.21756009708305984, 0,0, 0
0.8583782345506552, 0.0, 0.20994963596629657, 0.18801630294398283, 0,0, 0
0.8333000731723541, 0.0, 0.2627154682198994, 0.2190482398408442, 2,3, 2
0.8569147874675713, 0.0, 0.2101076514628238, 0.18514065904717356, 0,0, 0
0.8316370651233952, 0.0, 0.2513469025377207, 0.21810254414751054, 0,1, 0
0.8589769174482804, 0.0, 0.207087756891918, 0.1883074011747341, 2,1, 1
0.8327679105966873, 0.0, 0.2505020787107244, 0.20952324799355806, 0,0, 0
0.8558504623162376, 0.0, 0.20924380578928145, 0.18894820904700566, 0,0, 0
0.8344309186456462, 0.0, 0.25375315352690486, 0.21363409342359416, 0,0, 0
0.8579125922969467, 0.0, 0.2092357051500572, 0.18678170197481567, 0,0, 0
0.8348300405773964, 0.0, 0.25495833740619267, 0.21088064425380756, 0,1, 0
0.8586443158384887, 0.0, 0.20812842143581178, 0.1839664657281197, 1,1, 1
0.8597086409898224, 0.0, 0.22627179691110266, 0.19230957909436125, 0,0, 0
0.8332335528503958, 0.0, 0.25599936030484816, 0.21668314735831826, 0,0, 0
0.834563959289563, 0.0, 0.25607208067234116, 0.2114266317520524, 0,1, 0
0.8605068848533227, 0.0, 0.20654450514922662, 0.18009345499143783, 0,0, 0
0.8613716490387814, 0.0, 0.20531494475877146, 0.18097135654121868, 0,0, 0
0.8349630812213131, 0.0, 0.2523609675752608, 0.2078731989410297, 0,0, 0
0.8379564957094392, 0.0, 0.2561030274278054, 0.21306907022231575, 0,0, 0
0.8615712100046564, 0.0, 0.2005667630039148, 0.17801847704071885, 0,0, 0
0.8420142353488991, 0.0, 0.24947801620552773, 0.21080195784689346, 0,0, 0
0.860573405175281, 0.0, 0.2080225312385426, 0.18382813839074827, 1,1, 1
0.8606399254972394, 0.0, 0.20771708872083192, 0.1767894838192183, 0,0, 0
0.8375573737776891, 0.0, 0.2553284229575277, 0.2174171562055899, 10,3, 2
0.836626089270272, 0.0, 0.2490425015866978, 0.21960744831313583, 2,2, 2
0.8615712100046564, 0.0, 0.2026459534574508, 0.17579798441208802, 0,0, 0
0.8400186256901483, 0.0, 0.24033605528485244, 0.21267141026755604, 3,2, 2
0.86223641322424, 0.0, 0.20610364428316352, 0.17459661297702234, 1,1, 1
0.8617707709705315, 0.0, 0.20441935814806583, 0.17795774570108994, 0,0, 0
0.8370917315239805, 0.0, 0.25321768139322587, 0.21700670821735724, 0,1, 0
0.10077828776691279, 0.0, 0.8944213325400786, 0.36684194226088074, 0,0, 0
0.8391538615046897, 0.0, 0.24777103491861738, 0.21895588719523254, 0,1, 0
0.8325018293088539, 0.0, 0.2548735776177267, 0.2178808821501516, 1,3, 1
0.8303731790061863, 0.0, 0.2549517993227814, 0.22476898869623776, 0,1, 0
0.8307723009379365, 0.0, 0.2604501057816201, 0.2267642708033835, 0,1, 0
0.22284307856050023, 0.0, 0.8082316243665345, 0.5284256668522714, 0,0, 0
0.8331670325284375, 0.0, 0.2542375284528667, 0.22117028996061394, 0,1, 0
0.38781347701722874, 0.0, 0.6769910304857718, 0.3420636111476144, 0,0, 0
0.836626089270272, 0.0, 0.2509183023498128, 0.22250516403416618, 0,1, 0
0.4241335728064924, 0.0, 0.654394651104994, 0.3494358333168225, 4,4, 4
0.8378234550655225, 0.0, 0.2472988053512896, 0.22206882349272863, 0,0, 0
0.48380230160313975, 0.0, 0.6030029788147999, 0.376883636831757, 0,2, 0
0.8411494711634404, 0.0, 0.24351900752484418, 0.21571278622219828, 0,0, 0
0.5346903479012839, 0.0, 0.5974590497335245, 0.3785026886705643, 0,1, 0
0.839020820860773, 0.0, 0.24734730222570062, 0.2172326235191828, 0,1, 0
0.596554247322557, 0.0, 0.5345720614537496, 0.3749898734204663, 3,7, 3
0.8394864631144815, 0.0, 0.24196788872913924, 0.21148513798898746, 0,1, 0
0.6363999201756136, 0.0, 0.544845034766155, 0.37218132770202095, 1,2, 1
0.8364930486263553, 0.0, 0.2516950170717384, 0.22010322033645316, 0,1, 0
0.6612120002660813, 0.0, 0.4949675394235835, 0.33786055094808254, 1,2, 1
0.8422803166367325, 0.0, 0.24161877125646822, 0.21217515129118966, 0,1, 0
0.6735182598283775, 0.0, 0.48224660900265964, 0.3321481303873109, 1,2, 1
0.840883389875607, 0.0, 0.24564940159485288, 0.2132925322268867, 0,1, 0
0.6864232022882991, 0.0, 0.456216771140749, 0.3003726957410283, 1,2, 1
0.8327013902747289, 0.0, 0.24748131947395727, 0.21705044324336484, 10,4, 2
0.6940730393135103, 0.0, 0.4567637386039183, 0.31649158577766573, 1,2, 1
0.8344974389676046, 0.0, 0.241467774853545, 0.21377689125885255, 0,0, 0
0.712765249783809, 0.0, 0.4398572194150779, 0.3165332665865976, 0,1, 0
0.834031796713896, 0.0, 0.2538211656275616, 0.22706371918159884, 2,4, 2
0.7246723874143551, 0.0, 0.4060484843523903, 0.253299257626596, 1,2, 1
0.8304396993281448, 0.0, 0.2548572352885795, 0.23026959020060997, 0,1, 0
0.7422337524113617, 0.0, 0.3924308663159389, 0.2513670396496366, 2,3, 2
0.8337657154260627, 0.0, 0.2509108145137652, 0.2200355746671891, 0,0, 0
0.7400385817867359, 0.0, 0.4118900189790031, 0.28079409466507643, 0,0, 0
0.8361604470165636, 0.0, 0.2531707938529007, 0.22681216523866948, 0,0, 0
0.783143750415752, 0.0, 0.3612309875856453, 0.2518947727095432, 1,2, 1
0.8331670325284375, 0.0, 0.2515182600057587, 0.22391418608321467, 0,1, 0
0.7789529701323754, 0.0, 0.37107676648741966, 0.259716461833848, 0,1, 0
0.834031796713896, 0.0, 0.2570382793098456, 0.22326613287185557, 3,1, 1
0.7769573604736247, 0.0, 0.3526840453954562, 0.24743818186867778, 1,2, 1
0.8356948047628551, 0.0, 0.2471653309469246, 0.22213875787223494, 1,2, 1
0.7563360606665336, 0.0, 0.3846836629038436, 0.26876142591044705, 0,1, 0
0.8358278454067718, 0.0, 0.24696663237640842, 0.21900077718629038, 0,1, 0
0.7672453934677044, 0.0, 0.3471199346478288, 0.2502624284986176, 0,1, 0
0.8383556176411894, 0.0, 0.24471695666158755, 0.21758155422369993, 1,0, 0
0.7848732787866693, 0.0, 0.33113248823703195, 0.24856886766232186, 2,4, 2
0.8369586908800638, 0.0, 0.253924925813158, 0.22104609037928416, 0,1, 0
0.7702388079558306, 0.0, 0.34496661008821006, 0.2548916349711167, 0,1, 0
0.8372247721678973, 0.0, 0.25287717358068124, 0.21934319165112764, 0,0, 0
0.7725670192243731, 0.0, 0.3390094732194605, 0.25506208055354174, 2,3, 2
0.8370917315239805, 0.0, 0.24949761661262035, 0.21970343212517623, 0,1, 0
0.7710370518193308, 0.0, 0.34209249820648324, 0.2580468101626433, 1,2, 1
0.8382890973192311, 0.0, 0.24736020129705044, 0.2135652016905681, 0,1, 0
0.7858710836160447, 0.0, 0.31159155520544773, 0.24904591257790337, 0,1, 0
0.8381560566753143, 0.0, 0.24781666643858977, 0.21208828259366475, 0,0, 0
0.7909931484068383, 0.0, 0.2982608376357472, 0.2462143442843449, 0,1, 0
0.8406173085877736, 0.0, 0.2434137621819834, 0.21194069088869733, 0,0, 0
0.790194904543338, 0.0, 0.3212728405288265, 0.24605493180111254, 1,2, 1
0.840883389875607, 0.0, 0.24498061861000156, 0.212903896147611, 0,1, 0
0.7982438635002993, 0.0, 0.306535316804718, 0.24628864082741614, 0,1, 0
0.8414155524512739, 0.0, 0.24255611943186853, 0.20994966204644644, 0,1, 0
0.7933878799973392, 0.0, 0.3060999240146093, 0.24683253357141058, 0,1, 0
0.8412159914853988, 0.0, 0.2323936201370542, 0.2082351580628918, 0,1, 0
0.8005055544468835, 0.0, 0.30809121016765983, 0.24289929824149456, 0,0, 0
0.8422803166367325, 0.0, 0.248334089715792, 0.2095640740785451, 0,1, 0
0.8016363999201757, 0.0, 0.30103321714975484, 0.2376536228476736, 1,2, 1
0.8412825118073571, 0.0, 0.24282071359747284, 0.20971541909543012, 1,3, 1
0.8053615379498437, 0.0, 0.2847153419595006, 0.23798701188276997, 0,1, 0
0.8396195037583982, 0.0, 0.2507964747568845, 0.21597639848832828, 0,1, 0
0.8072241069646777, 0.0, 0.28677653146763865, 0.2350421532650413, 0,1, 0
0.8431450808221912, 0.0, 0.23466504057433724, 0.2099709498418161, 0,1, 0
0.8114814075700126, 0.0, 0.2799601928748029, 0.2333898839974629, 1,2, 1
0.8441428856515666, 0.0, 0.23831902416043832, 0.21107068742061938, 1,2, 1
0.8202620900685159, 0.0, 0.27364067321428404, 0.23425426898526894, 2,4, 2
0.8440098450076499, 0.0, 0.24080684791115736, 0.20920926402894127, 0,0, 0
0.8446750482272334, 0.0, 0.23088507570693242, 0.20653838579007014, 0,0, 0
0.8172686755803898, 0.0, 0.2819870916545489, 0.23517402527126652, 2,3, 2
0.10077828776691279, 0.0, 0.8944213325400786, 0.36684194226088074, 0,0, 0
0.8168030333266812, 0.0, 0.2832356064900462, 0.2285230492370842, 0,0, 0
0.8218585777955165, 0.0, 0.2745714782336891, 0.23135112863584703, 0,0, 0
0.8224572606931417, 0.0, 0.27779917890238665, 0.22925420669576468, 0,1, 0
0.8241202687421008, 0.0, 0.27137792895027607, 0.23038702833353092, 0,0, 0
0.2743963280782279, 0.0, 0.710075256628999, 0.3757172187513585, 0,0, 0
0.8239207077762256, 0.0, 0.2685182037294317, 0.2311945493894265, 1,2, 1
0.3562163240870086, 0.0, 0.6631730132264622, 0.3203533556767246, 0,0, 0
0.8241867890640591, 0.0, 0.27394647152481677, 0.2303099889256941, 1,2, 1
0.4597884653761724, 0.0, 0.6404606787845998, 0.3883932199125029, 0,0, 0
0.8263819596886849, 0.0, 0.25748141546942066, 0.2237919227916807, 0,1, 0
0.5216523647974456, 0.0, 0.5874395272738955, 0.3213744587405649, 0,0, 0
0.8273132441961019, 0.0, 0.2592674905099727, 0.22930585872469592, 0,1, 0
0.6431849930153662, 0.0, 0.5322879449493477, 0.33521505930860707, 0,0, 0
0.8243198297079758, 0.0, 0.2684385221226272, 0.22584984733583846, 3,3, 3
0.7030532827778887, 0.0, 0.47735794542373045, 0.2516176766414968, 0,0, 0
0.8269806425863101, 0.0, 0.26370308549424093, 0.22812934953694608, 0,1, 0
0.7071775427393069, 0.0, 0.4545891792176122, 0.28785715780657406, 0,0, 0
0.8269806425863101, 0.0, 0.26928079865696314, 0.23306783384440646, 1,2, 1
0.7264019157852724, 0.0, 0.44726221646806813, 0.24590365083051988, 0,0, 0
0.8308388212598949, 0.0, 0.26283285312114346, 0.2298979205875094, 0,0, 0
0.7345173950641921, 0.0, 0.4421512583706636, 0.2592000285519013, 0,0, 0
0.8275793254839353, 0.0, 0.26119151649427064, 0.23190894006130044, 0,1, 0
0.7585312312911594, 0.0, 0.4094564528012109, 0.24649043662676318, 0,0, 0
0.8290427725670192, 0.0, 0.25514852095056645, 0.22490254987099217, 0,1, 0
0.7633872147941196, 0.0, 0.3924562438406784, 0.2335983380225745, 0,0, 0
0.8327013902747289, 0.0, 0.2546301763329367, 0.22591250098245572, 0,1, 0
0.7618572473890773, 0.0, 0.4021945935932749, 0.2712029759432851, 0,1, 0
0.8295084148207277, 0.0, 0.2579762890209615, 0.22851098352832164, 0,1, 0
0.7987095057540079, 0.0, 0.3376762841693084, 0.24203269909894284, 0,1, 0
0.8337657154260627, 0.0, 0.25028123532228586, 0.21961109987977154, 1,3, 1
0.7794851327080423, 0.0, 0.3733379847240838, 0.24757190446548347, 0,2, 0
0.8279119270937272, 0.0, 0.2635104959783354, 0.23357645836204446, 5,2, 1
0.7978447415685492, 0.0, 0.330543893043181, 0.23260764382702181, 0,2, 0
0.8304396993281448, 0.0, 0.2613262174230281, 0.23206385890297124, 1,2, 1
0.8025011641056343, 0.0, 0.3226672215168596, 0.2298081317112222, 0,1, 0
0.8323687886649371, 0.0, 0.2444221123379369, 0.21715768091959967, 0,0, 0
0.7943856848267146, 0.0, 0.34417890832721654, 0.24560328898839967, 0,3, 0
0.8303731790061863, 0.0, 0.24967843091271125, 0.22315085022157738, 1,2, 1
0.7908601077629216, 0.0, 0.35973900077289317, 0.24885434588716923, 1,5, 1
0.8321027073771037, 0.0, 0.2550767672083595, 0.22437938116690506, 0,0, 0
0.8056941395596354, 0.0, 0.32815282305859533, 0.23151334056971926, 4,4, 4
0.8292423335328943, 0.0, 0.25933001321414945, 0.23043155943632382, 0,1, 0
0.7975786602807158, 0.0, 0.33677370859309674, 0.23924629986006912, 2,3, 2
0.8332335528503958, 0.0, 0.250208025479801, 0.22627678312802804, 0,0, 0
0.8023016031397592, 0.0, 0.3456051644962925, 0.24853300926700825, 0,1, 0
0.8337657154260627, 0.0, 0.25306151157324225, 0.22773446168595388, 1,2, 1
0.7953169693341315, 0.0, 0.34429177167308234, 0.24019912821007405, 1,2, 1
0.8329674715625623, 0.0, 0.2556840570840407, 0.22419184760520344, 3,1, 0
0.8008381560566753, 0.0, 0.34080505623527735, 0.25837126944729044, 2,3, 2
0.8334331138162708, 0.0, 0.2542414839549739, 0.22289123935143998, 1,2, 1
0.7947182864365063, 0.0, 0.3464078593854213, 0.2710977273485248, 2,3, 2
0.834763520255438, 0.0, 0.24977835878990237, 0.22025514576725633, 0,1, 0
0.8036985299008848, 0.0, 0.3080213196201904, 0.23313826074828742, 2,3, 2
0.8360939266946052, 0.0, 0.24994626089379154, 0.21912398903535887, 0,1, 0
0.8093527572673451, 0.0, 0.31067262936614964, 0.23803633604917449, 0,1, 0
0.8374243331337724, 0.0, 0.2451158886964888, 0.2155765152379913, 5,1, 0
0.8182664804097651, 0.0, 0.30404186504829944, 0.22941085495146474, 2,3, 2
0.8404177476218985, 0.0, 0.2389580210018594, 0.21108603902055914, 0,0, 0
0.8135435375507217, 0.0, 0.3052819439302933, 0.22921877825300657, 2,3, 2
0.8398855850462317, 0.0, 0.24042644308547714, 0.2113657745623546, 3,2, 1
0.8155391472094725, 0.0, 0.29697356479893117, 0.22536535180998246, 0,1, 0
0.8403512272999402, 0.0, 0.22748891922205888, 0.20988652350199222, 0,1, 0
0.8131444156189715, 0.0, 0.3103573928114575, 0.23566579335749954, 1,2, 1
0.8405507882658152, 0.0, 0.2385393094331469, 0.20956594544133267, 0,1, 0
0.818599082019557, 0.0, 0.29099278624999686, 0.23509832276497972, 1,2, 1
0.8414820727732322, 0.0, 0.2356527255444933, 0.20537556932663928, 3,1, 0
0.8201290494245992, 0.0, 0.2826225182508869, 0.21987888665151994, 2,3, 2
0.8428124792123994, 0.0, 0.24052707877977178, 0.21355821961607335, 4,3, 2
0.8253841548593095, 0.0, 0.2717452196608119, 0.2233143917822035, 0,1, 0
0.8428789995343577, 0.0, 0.23901158322297086, 0.20770203256239828, 0,1, 0
0.8218585777955165, 0.0, 0.28883550313125683, 0.23447205214348232, 0,0, 0
0.8434111621100246, 0.0, 0.2416912336178352, 0.20767352405807799, 6,2, 1
0.8300405773963946, 0.0, 0.2703536208646044, 0.217669588319532, 0,1, 0
0.8422137963147741, 0.0, 0.23449073845755472, 0.21153840418129563, 1,2, 1
0.8286436506352691, 0.0, 0.27163978548710016, 0.2229154562192625, 0,1, 0
0.8443424466174416, 0.0, 0.23610422395449338, 0.21560788545295645, 0,1, 0
0.8223907403711834, 0.0, 0.2851879036641951, 0.23970860193880983, 1,4, 1
0.8447415685491918, 0.0, 0.235623427600022, 0.20696253979850393, 0,1, 0
0.8188651633073905, 0.0, 0.29474700682707744, 0.23793071081171469, 0,1, 0
0.8448080888711501, 0.0, 0.23255296769814632, 0.20756403941610643, 4,3, 2
0.8226568216590169, 0.0, 0.28690255434055617, 0.23465510147160856, 0,1, 0
0.8458724140224839, 0.0, 0.23154080692380208, 0.20254425278390012, 0,1, 0
0.8322357480210204, 0.0, 0.2546402737259591, 0.2217278697235312, 1,2, 1
0.8483336659349431, 0.0, 0.21916589109479115, 0.19926708090689924, 0,1, 0
0.8362269673385219, 0.0, 0.24338140233774216, 0.2131252125817431, 1,2, 1
0.8477349830373179, 0.0, 0.23323969828429267, 0.20102060371955965, 1,2, 1
0.8480675846471097, 0.0, 0.21899366177188706, 0.19952753635170967, 0,1, 0
0.8329674715625623, 0.0, 0.26256425120579796, 0.2231008277866013, 0,1, 0
0.8470032594957759, 0.0, 0.2177225968376458, 0.20055339475812894, 0,1, 0
0.8316370651233952, 0.0, 0.26308207640724646, 0.21856214143330813, 1,3, 1
0.8489988691545267, 0.0, 0.22069799022167888, 0.19841077238253788, 0,1, 0
0.8382225769972727, 0.0, 0.25861125754937, 0.21663455911403276, 1,2, 1
0.8502627552717356, 0.0, 0.22669040386445174, 0.19845126720201645, 0,1, 0
0.8387547395729396, 0.0, 0.2530028287241176, 0.22304192962566563, 2,5, 2
0.849797113018027, 0.0, 0.22042249161337624, 0.19551858352285284, 0,0, 0
0.833632674782146, 0.0, 0.27176623017342366, 0.21955123533358992, 0,1, 0
0.8515266413889443, 0.0, 0.2209987344394581, 0.19727003042214375, 0,0, 0
0.8353622031530633, 0.0, 0.25880959825893757, 0.2132823511864358, 0,1, 0
0.8517927226767777, 0.0, 0.22085305841208977, 0.20084148031054613, 0,1, 0
0.8360939266946052, 0.0, 0.2617156579447823, 0.21333128616486732, 1,2, 1
0.8532561697598616, 0.0, 0.21252054734965659, 0.1961972693757742, 0,0, 0
0.8358943657287301, 0.0, 0.26889332713701336, 0.21690564099576634, 1,1, 1
0.8522583649304862, 0.0, 0.21548060095056334, 0.19044518753818981, 0,0, 0
0.8406173085877736, 0.0, 0.25269864246418206, 0.20344215760814716, 1,2, 1
0.854054413623362, 0.0, 0.22288842004246173, 0.1915660795543611, 0,1, 0
0.842546397924566, 0.0, 0.25498326873858795, 0.20992675846062542, 0,0, 0
0.8545200558770705, 0.0, 0.22178311571602674, 0.1904017335002634, 0,0, 0
0.8472693407836094, 0.0, 0.25295986360280615, 0.20857442406723564, 0,0, 0
0.8545200558770705, 0.0, 0.22298949842279178, 0.19429488486156601, 0,1, 0
0.8459389343444422, 0.0, 0.25677427511091055, 0.21854311498339932, 1,2, 1
0.8533892104037784, 0.0, 0.2260002944678186, 0.1942457004638365, 0,0, 0
0.8463380562761924, 0.0, 0.24693661697707772, 0.20744465883007987, 0,0, 0
0.8549191778088205, 0.0, 0.20897176064032316, 0.19004163143843905, 0,0, 0
0.8475354220714428, 0.0, 0.2529287489631359, 0.21368512101192483, 1,1, 1
0.8545200558770705, 0.0, 0.21554880713581814, 0.19201307489725675, 0,1, 0
0.8473358611055678, 0.0, 0.26132949145528533, 0.2116837140950453, 0,0, 0
0.8535887713696534, 0.0, 0.20880484178797956, 0.19537071630514424, 0,1, 0
0.8497305926960687, 0.0, 0.23927399240671224, 0.20120388775948406, 2,2, 2
0.854453535555112, 0.0, 0.2179579493759155, 0.1906342445592112, 0,0, 0
0.8501297146278188, 0.0, 0.2344927374349667, 0.19419158075309334, 0,0, 0
0.8543204949111953, 0.0, 0.22361527650898172, 0.19286170154394372, 0,0, 0
0.8495310317301936, 0.0, 0.25107651021014105, 0.1998049997218807, 1,1, 1
0.8511940397791525, 0.0, 0.22529389663776023, 0.20000056035031485, 0,1, 0
0.8491319097984434, 0.0, 0.24612167214635294, 0.19664121344776672, 2,2, 2
0.10077828776691279, 0.0, 0.8944213325400786, 0.36684194226088074, 0,0, 0
0.8489988691545267, 0.0, 0.25372973199708015, 0.2054375795674962, 1,1, 1
0.850728397525444, 0.0, 0.24257280352988342, 0.19370701564786574, 0,0, 0
0.8519922836426528, 0.0, 0.23556992462718948, 0.19262130726820723, 0,0, 0
0.8541874542672786, 0.0, 0.2331640560791126, 0.18901863139734676, 0,0, 0
0.2547063127785538, 0.0, 0.7605258040957635, 0.4029492614104208, 0,0, 0
0.8537218120135701, 0.0, 0.23214467218461593, 0.19019714865569648, 0,0, 0
0.36266879531696933, 0.0, 0.6912099484029172, 0.3100474919836398, 0,0, 0
0.8535887713696534, 0.0, 0.23941546876999834, 0.20097820736957922, 2,3, 2
0.49783808953635333, 0.0, 0.6097899205254982, 0.3039572441531199, 3,3, 3
0.8555843810284042, 0.0, 0.22848442719058235, 0.1898453287536449, 2,2, 2
0.5527838754739572, 0.0, 0.5841617882444221, 0.33202402822363547, 0,1, 0
0.8563161045699461, 0.0, 0.22318209804982236, 0.19252183739759943, 0,0, 0
0.6032727998403512, 0.0, 0.5538820313514597, 0.3631649247394258, 0,2, 0
0.8569813077895297, 0.0, 0.2165780695995844, 0.18581073265499395, 0,0, 0
0.5999467837424333, 0.0, 0.550817671264993, 0.31914887993580154, 2,3, 2
0.8576465110091133, 0.0, 0.2207536151598071, 0.18364848305403186, 0,0, 0
0.6999933479678042, 0.0, 0.47576110516208137, 0.28011637618647306, 0,1, 0
0.8593095190580723, 0.0, 0.22284698543317785, 0.1866384148249204, 0,0, 0
0.7078427459588904, 0.0, 0.4514611470019493, 0.2659262965570408, 2,3, 2
0.8576465110091133, 0.0, 0.22797495654947866, 0.1951250815145018, 1,1, 1
0.719084680369853, 0.0, 0.4458274420752199, 0.29832682086301854, 0,2, 0
0.8595756003459056, 0.0, 0.2287507471590425, 0.18417722326706795, 0,0, 0
0.7486862236413224, 0.0, 0.3992374534777769, 0.2549310596820928, 0,2, 0
0.8595090800239473, 0.0, 0.220183532478729, 0.1830799311234602, 1,1, 1
0.7393733785671522, 0.0, 0.4186879661312799, 0.3013777313346207, 1,6, 1
0.8585112751945719, 0.0, 0.2358205327294042, 0.18946431534236022, 0,0, 0
0.7789529701323754, 0.0, 0.35406014388066603, 0.25392344356279845, 1,3, 1
0.8603073238874476, 0.0, 0.2284160805493643, 0.1920375078139472, 1,1, 1
0.7693075234484135, 0.0, 0.3738691527760843, 0.29176613696186793, 2,5, 2
0.8610390474289895, 0.0, 0.23461100207578092, 0.19617400069782515, 0,0, 0
0.7717687753608727, 0.0, 0.38120475247176117, 0.2838269983470732, 1,2, 1
0.8582451939067385, 0.0, 0.23068418557436968, 0.19045577808446443, 0,0, 0
0.7728331005122064, 0.0, 0.3598614926458011, 0.2591122608474933, 1,2, 1
0.860573405175281, 0.0, 0.21672800513577492, 0.18229494882719724, 0,0, 0
0.7769573604736247, 0.0, 0.35594326283741523, 0.26012079125516635, 1,2, 1
0.8612386083948647, 0.0, 0.22207077603731715, 0.180124068472648, 0,0, 0
0.7722344176145812, 0.0, 0.3629365301698676, 0.26030980014408855, 1,2, 1
0.8617042506485731, 0.0, 0.22298479227920723, 0.18184665017977378, 0,0, 0
0.7789529701323754, 0.0, 0.345927424064991, 0.2513945896475278, 4,4, 4
0.8608394864631145, 0.0, 0.21495351130953677, 0.17969539660424766, 0,0, 0
0.8067584647109692, 0.0, 0.31282674005498196, 0.2547103995038442, 0,1, 0
0.8607729661411562, 0.0, 0.22630806205067117, 0.1859332733435008, 2,2, 2
0.806159781813344, 0.0, 0.3113530207378229, 0.24111138122331538, 0,0, 0
0.8630346570877403, 0.0, 0.22186812586806032, 0.18121692463242248, 1,1, 1
0.7996407902614249, 0.0, 0.3216068982488592, 0.24238168846173042, 1,2, 1
0.8633007383755738, 0.0, 0.2107511987699162, 0.1756769536409326, 0,0, 0
0.7923900751679638, 0.0, 0.34706884917513475, 0.2535205874511171, 1,3, 1
0.8614381693607397, 0.0, 0.22138570970507765, 0.18107730649639053, 0,0, 0
0.8051619769839686, 0.0, 0.3054743301508431, 0.24359320479704816, 0,0, 0
0.8039646111887182, 0.0, 0.30067539501159257, 0.23710037006993961, 0,0, 0
0.8631011774096987, 0.0, 0.21532311429366696, 0.17839444928310627, 0,0, 0
0.8100179604869288, 0.0, 0.2898160137605259, 0.22842379522247597, 0,0, 0
0.8638329009512407, 0.0, 0.21469456243891616, 0.17849942958516596, 0,0, 0
0.818599082019557, 0.0, 0.28250958187802333, 0.23217302953919203, 1,2, 1
0.8659615512539081, 0.0, 0.20272662692876645, 0.17089105603350765, 0,0, 0
0.8098183995210537, 0.0, 0.30115410526082953, 0.23979040859666093, 1,2, 1
0.8644981041708242, 0.0, 0.20489865567118062, 0.17670596791808393, 0,0, 0
0.8040311315106765, 0.0, 0.31079881181230545, 0.25256556428188626, 1,4, 1
0.8658285106099913, 0.0, 0.2064441615253175, 0.17739747518265328, 0,0, 0
0.8151400252777223, 0.0, 0.27846633143416477, 0.24794145362366005, 1,2, 1
0.8665602341515333, 0.0, 0.2024190634624973, 0.17199258153002878, 0,0, 0
0.8091531963014701, 0.0, 0.3051105074060444, 0.24470880858860916, 1,2, 1
0.8640324619171157, 0.0, 0.22518689634115788, 0.18301871975661718, 1,1, 1
0.8146743830240138, 0.0, 0.2824132797385421, 0.2352362679495695, 1,2, 1
0.8672254373711169, 0.0, 0.20591932210995195, 0.16911534939894401, 1,1, 1
0.8034324486130513, 0.0, 0.29790431607841783, 0.25583635038800273, 1,3, 1
0.8655624293221579, 0.0, 0.21248707547096443, 0.1753457213611219, 0,0, 0
0.8166034723608062, 0.0, 0.26397666259682173, 0.23435582896949725, 1,2, 1
0.8662276325417415, 0.0, 0.20037780087481366, 0.17096631267427587, 0,0, 0
0.8147409033459722, 0.0, 0.2910145367786554, 0.25145894359397547, 0,1, 0
0.867624559302867, 0.0, 0.20338142417289398, 0.16871166128526013, 0,0, 0
0.8237211468103506, 0.0, 0.2659141173741209, 0.22796146198778688, 0,0, 0
0.8676910796248254, 0.0, 0.20352628323976593, 0.1711307290452575, 0,0, 0
0.8222576997272667, 0.0, 0.2743090197522313, 0.2360083695257256, 1,2, 1
0.8682897625224506, 0.0, 0.19908036597921694, 0.16677218136072075, 0,0, 0
0.8176677975121399, 0.0, 0.28947222079289187, 0.24781149560850785, 0,1, 0
0.8693540876737843, 0.0, 0.19746471155686474, 0.16738198455901251, 0,0, 0
0.8215259761857248, 0.0, 0.2798773532753992, 0.23836391064859794, 1,2, 1
0.10077828776691279, 0.0, 0.8944213325400786, 0.36684194226088074, 0,0, 0
0.8201290494245992, 0.0, 0.27797161376950497, 0.23777105387508804, 1,2, 1
0.8245193906738508, 0.0, 0.2580005522989061, 0.23073727529207788, 0,1, 0
0.8243198297079758, 0.0, 0.2639648120825609, 0.22971447907765946, 0,0, 0
0.29069380695802566, 0.0, 0.8067550896447899, 0.5095070912362317, 0,0, 0
0.827712366127852, 0.0, 0.25383240104768334, 0.22172261229401283, 0,1, 0
0.4030466307456928, 0.0, 0.7202694545097502, 0.37365994465337565, 0,0, 0
0.827512805161977, 0.0, 0.25483395069234777, 0.22397515215862718, 1,2, 1
0.5030266746491053, 0.0, 0.6243091170683893, 0.3562695535410219, 0,0, 0
0.8297744961085611, 0.0, 0.25073768816952685, 0.22381595980486044, 0,0, 0
0.583915386150469, 0.0, 0.5612793951551105, 0.3127320628000885, 0,0, 0
0.8313044635136034, 0.0, 0.2557053988751489, 0.221329853638301, 1,2, 1
0.611388279119271, 0.0, 0.5690813164816092, 0.31135199347773074, 0,0, 0
0.8295749351426861, 0.0, 0.26200322516635655, 0.22238190723938625, 1,2, 1
0.6805694139559636, 0.0, 0.4881529129557219, 0.31944474927942074, 0,0, 0
0.8316370651233952, 0.0, 0.25008015393110367, 0.22133640237839192, 0,1, 0
0.7145612984766846, 0.0, 0.4030811789632795, 0.23737844707043493, 0,0, 0
0.8298410164305196, 0.0, 0.25568352360719454, 0.22666177900500553, 1,3, 1
0.7230758996873545, 0.0, 0.4086471163450863, 0.25140232960210074, 0,0, 0
0.8296414554646444, 0.0, 0.2445526729401575, 0.2239969862901663, 1,2, 1
0.7173551519989356, 0.0, 0.43875049332150623, 0.27530847830328087, 0,0, 0
0.8298410164305196, 0.0, 0.254385121111731, 0.2224835464941836, 1,2, 1
0.7226767777556043, 0.0, 0.43606616872553994, 0.26116895374990556, 0,0, 0
0.8287101709572274, 0.0, 0.25930903823727935, 0.22731624490074798, 0,1, 0
0.75121399587574, 0.0, 0.37733632135548484, 0.24225860620312012, 0,0, 0
0.8289762522450609, 0.0, 0.2676526505694238, 0.2301612233806869, 0,1, 0
0.7773564824053748, 0.0, 0.3678079850062969, 0.24627820658367305, 0,2, 0
0.8317701057673119, 0.0, 0.25693770231692314, 0.22448276366421901, 0,0, 0
0.7765582385418746, 0.0, 0.35048457236779995, 0.2421718930858755, 0,3, 0
0.8321692276990621, 0.0, 0.25140625850378384, 0.2271490322117616, 0,0, 0
0.7675779950774961, 0.0, 0.38377675725640875, 0.2579293404003453, 1,5, 1
0.8324353089868956, 0.0, 0.2569796232098488, 0.22643080918879235, 0,1, 0
0.7744961085611655, 0.0, 0.36685829635442696, 0.26281897277414457, 3,3, 3
0.8333665934943125, 0.0, 0.2542641279017605, 0.22159492801718272, 0,0, 0
0.7687088405507883, 0.0, 0.33973859249832783, 0.24663993501125556, 4,4, 4
0.8331670325284375, 0.0, 0.251200981935831, 0.22134629750956922, 3,2, 1
0.769773165702122, 0.0, 0.34136164750718734, 0.24955804559143974, 0,0, 0
0.8336991951041043, 0.0, 0.2554624140395282, 0.22506327678852983, 0,1, 0
0.7943856848267146, 0.0, 0.31667207299544137, 0.2401013849333267, 0,1, 0
0.8340983170358545, 0.0, 0.2498337620100809, 0.22311596925371993, 0,1, 0
0.8082884321160114, 0.0, 0.31114923431962166, 0.23805101210827748, 3,3, 3
0.8364930486263553, 0.0, 0.2545973003622637, 0.21568727535827395, 1,2, 1
0.8143417814142221, 0.0, 0.27357521949992025, 0.21869650192812423, 0,0, 0
0.8339652763919377, 0.0, 0.25283694421590946, 0.21960036272407824, 0,1, 0
0.8060932614913856, 0.0, 0.2927897984720192, 0.2328706449696385, 4,4, 4
0.8341648373578128, 0.0, 0.25897624436919686, 0.22419196509601985, 2,2, 1
0.815805228497306, 0.0, 0.271410423283675, 0.21813106956337422, 0,1, 0
0.8333665934943125, 0.0, 0.24511679254022029, 0.2226283382568153, 0,1, 0
0.8216590168296415, 0.0, 0.27109024056269015, 0.21601696377787735, 2,2, 2
0.8325683496308122, 0.0, 0.25198448071987534, 0.22326263408092653, 5,3, 2
0.8257832767910597, 0.0, 0.26404563259278424, 0.2159597155679507, 2,2, 2
0.8326348699527706, 0.0, 0.24348411640408077, 0.22422722124582214, 0,1, 0
0.8253176345373512, 0.0, 0.2608212098880859, 0.21279173453382885, 0,0, 0
0.8323022683429788, 0.0, 0.2537527817146132, 0.22363364040496822, 0,1, 0
0.8257832767910597, 0.0, 0.26800545957268723, 0.2110000664542646, 0,1, 0
0.8331005122064791, 0.0, 0.25105474056622357, 0.2312648219191965, 0,1, 0
0.816936073970598, 0.0, 0.2873748067644321, 0.2171566858089115, 4,4, 4
0.8315705448014369, 0.0, 0.2610177624803417, 0.22439245588678186, 0,1, 0
0.8261823987228099, 0.0, 0.2631178638328504, 0.21750149808638658, 0,0, 0
0.832900951240604, 0.0, 0.2565640078698771, 0.22449570301579744, 4,0, 0
0.8201955697465576, 0.0, 0.27483614738565576, 0.21480788231220382, 2,2, 2
0.8344974389676046, 0.0, 0.2490034523829039, 0.220334564117202, 0,1, 0
0.8352956828311049, 0.0, 0.25447732028403786, 0.20914440509114177, 2,2, 2
0.8343643983236879, 0.0, 0.25239771034825975, 0.2227655127384917, 1,2, 1
0.8320361870551454, 0.0, 0.25712054856379557, 0.2133117299822514, 1,1, 1
0.8333665934943125, 0.0, 0.25513318626825227, 0.22363395976891187, 3,2, 1
0.8339652763919377, 0.0, 0.2502201631139664, 0.20854216220250732, 0,0, 0
0.8342978780017295, 0.0, 0.25586962137819036, 0.22382849746964914, 0,1, 0
0.833632674782146, 0.0, 0.25163675965104465, 0.20564291794289125, 0,0, 0
0.833832235748021, 0.0, 0.24825549104300174, 0.222680334789698, 0,1, 0
0.8364930486263553, 0.0, 0.23649381578369671, 0.19803785628905213, 0,0, 0
0.8352956828311049, 0.0, 0.24130154871803666, 0.21504488958101298, 0,1, 0
0.8440098450076499, 0.0, 0.2310524303092335, 0.2018308464171671, 0,0, 0
0.8336991951041043, 0.0, 0.24448686118717475, 0.21864971176004616, 4,1, 0
0.8434111621100246, 0.0, 0.2310791888501349, 0.19724338674527225, 2,3, 2
0.834763520255438, 0.0, 0.25078223469767436, 0.21924346435570538, 4,2, 1
0.842546397924566, 0.0, 0.23691989262268787, 0.19806398481083026, 1,1, 1
0.8354287234750216, 0.0, 0.2549308819095356, 0.22512040231717076, 0,0, 0
0.8396860240803565, 0.0, 0.2317976505510238, 0.19696033302692795, 1,1, 1
0.8372912924898557, 0.0, 0.23824089145535812, 0.2147529873293466, 0,0, 0
0.8414155524512739, 0.0, 0.23397208040364006, 0.20607827560584763, 2,3, 2
0.8376904144216059, 0.0, 0.23967240482378624, 0.21542570657389745, 0,1, 0
0.8424798776026076, 0.0, 0.24583781738664232, 0.20590476591630932, 0,0, 0
0.8369586908800638, 0.0, 0.2446902260642518, 0.21723170424777954, 3,1, 0
0.8483336659349431, 0.0, 0.22734964877406905, 0.19681780883077848, 1,1, 1
0.8379564957094392, 0.0, 0.24849336983261897, 0.21962786877793947, 0,0, 0
0.845539812412692, 0.0, 0.23251937524374816, 0.19882362121456595, 0,0, 0
0.8368256502361472, 0.0, 0.24756746472181834, 0.21705824789649003, 12,2, 1
0.8517927226767777, 0.0, 0.22705757290895975, 0.19858646216752138, 1,1, 1
0.8376238940996474, 0.0, 0.24166329525715405, 0.218070461079853, 0,1, 0
0.8530566087939866, 0.0, 0.22925026205143711, 0.19602975927036512, 0,0, 0
0.834763520255438, 0.0, 0.2509976740097906, 0.2243341960136441, 0,1, 0
0.8512605601011108, 0.0, 0.22448544264380796, 0.19116980683567697, 0,0, 0
0.8315705448014369, 0.0, 0.26125903263252714, 0.22604891148996917, 6,2, 1
0.8551187387746957, 0.0, 0.21392929888622883, 0.18430165643188923, 0,0, 0
0.8358943657287301, 0.0, 0.24195444959827117, 0.21846574018341466, 0,0, 0
0.8567152265016963, 0.0, 0.22037005049185374, 0.19283511657293315, 2,2, 2
0.837357812811814, 0.0, 0.23311383097183141, 0.21520418022650975, 0,1, 0
0.854054413623362, 0.0, 0.23099334745786979, 0.18924129040379603, 2,2, 2
0.836626089270272, 0.0, 0.2347123047945215, 0.2173288724962745, 1,2, 1
0.8557839419942792, 0.0, 0.22261015405571727, 0.1856795408879667, 0,0, 0
0.8342978780017295, 0.0, 0.24632566266947706, 0.22375314126946766, 3,2, 1
0.8584447548726136, 0.0, 0.2134956379537149, 0.18849104131756003, 0,0, 0
0.8340983170358545, 0.0, 0.24364926641186013, 0.22409227979430732, 2,1, 0
0.857979112618905, 0.0, 0.2104350813758588, 0.18091196790897343, 0,0, 0
0.8355617641189383, 0.0, 0.24599306150392278, 0.2167937615075981, 1,0, 0
0.8589103971263221, 0.0, 0.22113159611339625, 0.18822935711074662, 0,0, 0
0.8362269673385219, 0.0, 0.23824729174211437, 0.21938207161201867, 1,2, 1
0.8607064458191978, 0.0, 0.21581898468362504, 0.18694262126252817, 0,0, 0
0.834563959289563, 0.0, 0.2319683615299897, 0.21794855114399006, 0,1, 0
0.8615046896826981, 0.0, 0.20762362731711356, 0.1784770922626397, 0,0, 0
0.8380895363533559, 0.0, 0.22867019908990652, 0.21225927683511703, 2,0, 0
0.8606399254972394, 0.0, 0.21001933996352296, 0.18095560361321653, 1,1, 1
0.8378234550655225, 0.0, 0.23758267148863507, 0.2169190129886388, 0,1, 0
0.8615046896826981, 0.0, 0.21685468934215582, 0.1772169299158212, 1,1, 1
0.837158251845939, 0.0, 0.24568628605101495, 0.22112671269918585, 0,1, 0
0.8627685757999068, 0.0, 0.20344324918224987, 0.1754259995115148, 2,2, 2
0.8370917315239805, 0.0, 0.2407132707094884, 0.22117979625006323, 6,1, 0
0.8635668196634072, 0.0, 0.20424122961954008, 0.17682369537526377, 0,0, 0
0.8644981041708242, 0.0, 0.20193628928441015, 0.17528929064145266, 1,1, 1
0.8362934876604803, 0.0, 0.2414374423929294, 0.22102355707825322, 0,1, 0
0.8635668196634072, 0.0, 0.20546545350417708, 0.17132991697312755, 0,0, 0
0.834563959289563, 0.0, 0.24214845761021309, 0.22275323814080283, 2,3, 2
0.10077828776691279, 0.0, 0.8944213325400786, 0.36684194226088074, 0,0, 0
0.864098982239074, 0.0, 0.19899742948832244, 0.17412313635933946, 0,0, 0
0.8658950309319497, 0.0, 0.20207026138116604, 0.17263313352939758, 0,0, 0
0.8665602341515333, 0.0, 0.20952045713599385, 0.169519095151749, 0,0, 0
0.8658285106099913, 0.0, 0.20730578307560527, 0.17325511786559186, 2,2, 2
0.23162376105900354, 0.0, 0.7769803498218135, 0.5105160038638901, 0,0, 0
0.8672254373711169, 0.0, 0.2077151202874662, 0.17680185540719612, 2,3, 2
0.3051287168229894, 0.0, 0.7525661149706836, 0.49434314823154096, 0,0, 0
0.8671589170491585, 0.0, 0.19691528631209074, 0.17323237714117984, 0,0, 0
0.4856648706179738, 0.0, 0.6133760685059714, 0.299386898425223, 4,4, 4
0.8663606731856582, 0.0, 0.1966325460528611, 0.17363641644536035, 0,0, 0
0.5827180203552185, 0.0, 0.5430635908919268, 0.31818345960154254, 0,1, 0
0.8684228031663673, 0.0, 0.1924618363595046, 0.16924539845838688, 0,0, 0
0.5521186722543737, 0.0, 0.5753063085833109, 0.37576373297603494, 1,4, 1
0.8694206079957427, 0.0, 0.1910054232701709, 0.16945002035248324, 0,0, 0
0.6975320960553449, 0.0, 0.4569876744017281, 0.28494245338787416, 3,3, 3
0.8676910796248254, 0.0, 0.19614564792526423, 0.16725681835752526, 0,0, 0
0.5849797113018027, 0.0, 0.5396738352193574, 0.36941478075583134, 0,1, 0
0.869287567351826, 0.0, 0.1962400391890939, 0.16874412753523743, 0,0, 0
0.7262688751413556, 0.0, 0.46069500256403073, 0.31975281646385434, 2,2, 2
0.8684228031663673, 0.0, 0.2014850934763197, 0.168120267619288, 0,0, 0
0.7058471363001397, 0.0, 0.45829578887300854, 0.32894110245965225, 0,1, 0
0.869487128317701, 0.0, 0.19069773278649105, 0.16756036483945055, 1,1, 1
0.7482205813876139, 0.0, 0.41391238166578603, 0.27001735049544284, 2,2, 2
0.869487128317701, 0.0, 0.19450415593944026, 0.16724921146081845, 0,0, 0
0.7647176212332868, 0.0, 0.3789207016981827, 0.27388770958369546, 0,1, 0
0.8712166566886184, 0.0, 0.18550428806822905, 0.16474698001165378, 0,0, 0
0.7632541741502029, 0.0, 0.3758156445460024, 0.27285841738391353, 1,2, 1
0.8716157786203685, 0.0, 0.1897125392667247, 0.1640090962064764, 0,0, 0
0.7527439632807823, 0.0, 0.3865285870821723, 0.2895634752359465, 1,2, 1
0.8712166566886184, 0.0, 0.18867167577747182, 0.16115929709819696, 0,0, 0
0.7816137830107097, 0.0, 0.34927166708956897, 0.286729090706275, 0,1, 0
0.872081420874077, 0.0, 0.1891686702196666, 0.1618663793076503, 0,0, 0
0.7770904011175415, 0.0, 0.35411112582327986, 0.27313401596122444, 2,3, 2
0.8738774695669527, 0.0, 0.18696524760655653, 0.1623554197637283, 0,0, 0
0.780549457859376, 0.0, 0.35126904569512335, 0.2584127036018564, 1,2, 1
0.8731457460254107, 0.0, 0.18811565343592718, 0.16271827428300475, 0,0, 0
0.7868023681234617, 0.0, 0.3272918060169501, 0.2627900769823824, 0,1, 0
0.8746091931084946, 0.0, 0.1839667682797449, 0.16186682219119133, 0,0, 0
0.7816137830107097, 0.0, 0.357354019035572, 0.28980844817367507, 2,3, 2
0.8740770305328278, 0.0, 0.1891490549007049, 0.1641099702441948, 0,0, 0
0.8740105102108694, 0.0, 0.185740447605946, 0.16357409252369087, 0,0, 0
0.7997073105833832, 0.0, 0.3290299317035916, 0.2670244217083953, 0,1, 0
0.872813144415619, 0.0, 0.18554105933962106, 0.16107583543031667, 0,0, 0
0.7928557174216723, 0.0, 0.32117025819579675, 0.25408452323899494, 0,1, 0
0.800971196700592, 0.0, 0.3176282448135163, 0.2431026708717859, 0,1, 0
0.8737444289230359, 0.0, 0.183361413684651, 0.16026837030232507, 0,0, 0
0.8038315705448015, 0.0, 0.31389039763795673, 0.24148853552404984, 1,2, 1
0.872813144415619, 0.0, 0.18384803758980076, 0.16038792972341187, 0,0, 0
0.8734118273132442, 0.0, 0.18493936696403943, 0.16119032250288284, 0,0, 0
0.809884919843012, 0.0, 0.2967540487280102, 0.24776739940733628, 2,5, 2
0.8746091931084946, 0.0, 0.18490200803939338, 0.15965552591127039, 0,0, 0
0.8083549524379698, 0.0, 0.2865329357967416, 0.2446324227654921, 2,3, 2
0.8722809818399521, 0.0, 0.18848034605687633, 0.16169652693208797, 0,0, 0
0.8051619769839686, 0.0, 0.29935330799080034, 0.25092906756833316, 0,1, 0
0.8762722011574536, 0.0, 0.18036391418076048, 0.15659516288445444, 1,1, 1
0.8126122530433048, 0.0, 0.3019022933571052, 0.25493399194267125, 0,0, 0
0.8771369653429123, 0.0, 0.18435596033286814, 0.1597616452508851, 2,2, 2
0.8172686755803898, 0.0, 0.27575382031224227, 0.24414509150112373, 2,3, 2
0.8774695669527041, 0.0, 0.18280862571695078, 0.15977684425992134, 0,0, 0
0.8193308055610989, 0.0, 0.29231642481873604, 0.24678879628593342, 0,0, 0
0.8776026075966208, 0.0, 0.17998351228704287, 0.15514549538342734, 0,0, 0
0.8215924965076831, 0.0, 0.26868414528747364, 0.23881460432334806, 0,1, 0
0.8780682498503293, 0.0, 0.17914759391180177, 0.15575788621721323, 1,1, 1
0.8146743830240138, 0.0, 0.29738455954017007, 0.2602951090443928, 0,1, 0
0.8777356482405375, 0.0, 0.17752170075686435, 0.1560436012824927, 0,0, 0
0.8153395862435974, 0.0, 0.27047002533512216, 0.23836900177013107, 0,1, 0
0.8786004124259962, 0.0, 0.18031042873320863, 0.15727861923672284, 1,1, 1
0.8142752610922637, 0.0, 0.28612942839457456, 0.2406439184387689, 1,2, 1
0.8770704450209539, 0.0, 0.1834146980945511, 0.16166205683647686, 1,1, 1
0.8136765781946385, 0.0, 0.2886091843100827, 0.25622562423074324, 3,3, 3
0.8797977782212466, 0.0, 0.17685442422039999, 0.15614306525201077, 0,0, 0
0.8224572606931417, 0.0, 0.2844756880348191, 0.24140140557227, 1,2, 1
0.879132575001663, 0.0, 0.17814129496649606, 0.15269980380078754, 1,1, 1
0.8225237810151002, 0.0, 0.26732451595546197, 0.2372703343294256, 0,1, 0
0.8793986562894964, 0.0, 0.17864540866658882, 0.1516130148819304, 1,1, 1
0.819530366526974, 0.0, 0.26612162747236967, 0.2331179254751871, 0,1, 0
0.10077828776691279, 0.0, 0.8944213325400786, 0.36684194226088074, 0,0, 0
0.8193308055610989, 0.0, 0.2655517810153178, 0.2369846875418404, 0,1, 0
0.8269141222643518, 0.0, 0.2590867495261854, 0.2298826993940079, 1,2, 1
0.8281114880596022, 0.0, 0.2557063069327775, 0.22437124080476198, 0,1, 0
0.8288432116011442, 0.0, 0.24751921426502094, 0.22228482610689354, 0,0, 0
0.22956163107829441, 0.0, 0.7902309615214048, 0.5157015782364389, 0,0, 0
0.8277788864498105, 0.0, 0.25323341707238994, 0.23060728696332602, 1,2, 1
0.45366859575600343, 0.0, 0.6818817732017056, 0.3743445974647721, 0,0, 0
0.830306658684228, 0.0, 0.24657107985232712, 0.22029678852526025, 0,0, 0
0.5386150468968269, 0.0, 0.6471634070197664, 0.4198252907754162, 0,0, 0
0.8295084148207277, 0.0, 0.24828564826519678, 0.22143430985139959, 0,1, 0
0.6290161644382359, 0.0, 0.5647889286636046, 0.38009877496759015, 0,0, 0
0.8248519922836427, 0.0, 0.2623768091511032, 0.23314285887731193, 1,2, 1
0.6449145213862835, 0.0, 0.5224017081155004, 0.32134315277607967, 0,0, 0
0.8272467238741436, 0.0, 0.2593273542555583, 0.23032232950838935, 0,1, 0
0.723741102906938, 0.0, 0.43824486596639317, 0.24129692996704985, 0,0, 0
0.8265150003326016, 0.0, 0.25494247254629815, 0.23016321039678847, 0,1, 0
0.7266014767511475, 0.0, 0.4483703830175334, 0.2709121743633241, 0,0, 0
0.8266480409765183, 0.0, 0.25638701289001936, 0.22833398846618042, 1,2, 1
0.7468901749484468, 0.0, 0.4438428627038787, 0.26220938045918013, 0,0, 0
0.8267810816204351, 0.0, 0.2624271935348357, 0.23386955996089276, 0,1, 0
0.7689749218386217, 0.0, 0.4075075070921988, 0.2376343747422062, 0,0, 0
0.8285771303133107, 0.0, 0.2588302942913352, 0.22919248560821284, 0,0, 0
0.7619237677110358, 0.0, 0.388554303954716, 0.252273090120373, 0,0, 0
0.8292423335328943, 0.0, 0.25348918651448166, 0.22364438470742726, 0,0, 0
0.7684427592629548, 0.0, 0.38289756822439797, 0.23707890209839289, 0,0, 0
0.8288432116011442, 0.0, 0.2555810139809307, 0.2236058391397926, 0,1, 0
0.7909931484068383, 0.0, 0.35577299247744604, 0.23520577413254393, 0,2, 0
0.8290427725670192, 0.0, 0.25935402385440104, 0.23121709689683867, 0,1, 0
0.8307057806159782, 0.0, 0.24154358782739982, 0.22353403843305483, 1,2, 1
0.7942526441827978, 0.0, 0.36674134193165, 0.25435524281030436, 0,3, 0
0.8327679105966873, 0.0, 0.2383618689030148, 0.21782100729917941, 4,2, 2
0.7933878799973392, 0.0, 0.35515564374022773, 0.245181734392401, 0,2, 0
0.8068249850329275, 0.0, 0.32960626029669166, 0.2199957578931758, 4,4, 4
0.8316370651233952, 0.0, 0.23842892828186296, 0.21664980367062628, 0,1, 0
0.8032328876471763, 0.0, 0.34079804467387065, 0.2440677628654612, 0,1, 0
0.8286436506352691, 0.0, 0.2509024017589829, 0.22634967604699394, 8,2, 1
0.7950508880462982, 0.0, 0.352335042439172, 0.2444523969817073, 0,0, 0
0.8281114880596022, 0.0, 0.2650318911929505, 0.23258887587317556, 0,1, 0
0.7961817335195902, 0.0, 0.3741844523845541, 0.24570520150873532, 0,0, 0
0.8325018293088539, 0.0, 0.24912214942438943, 0.22272346474292004, 0,1, 0
0.8114814075700126, 0.0, 0.3273685700124452, 0.22242441163179122, 0,1, 0
0.8304396993281448, 0.0, 0.2596562470485904, 0.22911074112901608, 0,1, 0
0.8113483669260959, 0.0, 0.33707612388819963, 0.2287863321888307, 0,2, 0
0.8325018293088539, 0.0, 0.24101617080870016, 0.2219535576339881, 5,0, 0
0.8066254240670525, 0.0, 0.33750481966079365, 0.23991363717487427, 1,5, 1
0.83103838222577, 0.0, 0.24018414292813411, 0.21977253913436456, 0,1, 0
0.7995077496175081, 0.0, 0.3683005287542111, 0.27046382224857785, 1,5, 1
0.8313044635136034, 0.0, 0.2439487041661069, 0.22176844353644093, 1,3, 1
0.8116144482139294, 0.0, 0.29619487150127927, 0.22563231097403047, 2,2, 2
0.8295084148207277, 0.0, 0.24930799879237994, 0.22552335137069324, 2,3, 2
0.8160713097851393, 0.0, 0.31811529899132973, 0.23669366962957944, 2,3, 2
0.8260493580788931, 0.0, 0.25778251389609197, 0.2317798020632492, 0,1, 0
0.8225903013370585, 0.0, 0.29523304615674034, 0.2284093024505368, 0,1, 0
0.8231889842346837, 0.0, 0.2615708239750953, 0.23025289235072136, 1,1, 0
0.8155391472094725, 0.0, 0.32987545117629624, 0.24477002036797438, 0,0, 0
0.8267810816204351, 0.0, 0.25883450195342217, 0.22778454229644082, 0,0, 0
0.8213264152198496, 0.0, 0.31500085775739606, 0.23869078270341382, 4,4, 4
0.8280449677376438, 0.0, 0.2685477593054151, 0.21852770460728566, 2,2, 2
0.8292423335328943, 0.0, 0.2812073964526071, 0.21966685375390235, 0,1, 0
0.8307723009379365, 0.0, 0.26668495270211595, 0.2094460609273568, 0,1, 0
0.8313044635136034, 0.0, 0.26058585025037717, 0.20688891502684809, 0,1, 0
0.8309718619038116, 0.0, 0.27085155848259396, 0.21181493378610408, 0,1, 0
0.8348965608993547, 0.0, 0.2609462398865812, 0.20522346216198592, 3,3, 3
0.8344974389676046, 0.0, 0.2620179151464854, 0.2096700335141455, 2,2, 2
0.8333665934943125, 0.0, 0.26733060074563386, 0.20698864190873195, 0,0, 0
0.8322357480210204, 0.0, 0.2795572948110276, 0.21008388467743214, 1,1, 1
0.8318366260892702, 0.0, 0.27883022820329856, 0.21312006588424018, 3,3, 3
0.8357613250848134, 0.0, 0.2574826309992876, 0.20548555730346543, 1,1, 1
0.8368921705581055, 0.0, 0.2646247820677836, 0.20098025777182316, 0,0, 0
0.8384886582851061, 0.0, 0.2731507947253743, 0.20287120643367512, 0,0, 0
0.8406838289097319, 0.0, 0.26502558062904114, 0.20384312727677564, 0,0, 0
0.8384221379631478, 0.0, 0.26195517094622944, 0.20271464837531625, 1,1, 1
0.8434111621100246, 0.0, 0.25031629552675316, 0.1983061864302725, 1,1, 1
0.84886582851061, 0.0, 0.24072659477808916, 0.2002063644960074, 0,0, 0
0.8476019423934011, 0.0, 0.24476033142950374, 0.19626190535228197, 0,0, 0
0.8498636333399854, 0.0, 0.23131063325270662, 0.19095309742360445, 2,3, 2
0.8487993081886517, 0.0, 0.24769012089107392, 0.19556820386896717, 2,2, 2
0.8517262023548194, 0.0, 0.2396699963292701, 0.19789710700424457, 0,0, 0
0.8531231291159449, 0.0, 0.22912299706462572, 0.18805530168623527, 1,1, 1
0.8529235681500699, 0.0, 0.23122326084103254, 0.1891790995237746, 0,0, 0
0.8518592429987362, 0.0, 0.23230839412554058, 0.1865609181715381, 1,1, 1
0.8543204949111953, 0.0, 0.22725071537218589, 0.18772760151704304, 0,0, 0
0.8521918446085279, 0.0, 0.23470434382655952, 0.18807690475791958, 0,0, 0
0.8550522184527373, 0.0, 0.21612554383996746, 0.17822873244970908, 1,1, 1
0.8553848200625291, 0.0, 0.2218235503644357, 0.1819406025554125, 1,1, 1
0.8556509013503625, 0.0, 0.2236464557661163, 0.17949478032792704, 1,1, 1
0.8563826248919045, 0.0, 0.23660739309387036, 0.18801314506568226, 0,0, 0
0.857979112618905, 0.0, 0.21324461347187332, 0.17802147989092598, 0,0, 0
0.8569813077895297, 0.0, 0.23105009648663036, 0.18547264747457282, 1,1, 1
0.8572473890773631, 0.0, 0.22741745461092108, 0.18221562792541174, 0,0, 0
0.8580456329408634, 0.0, 0.22532742701420247, 0.18023431639797366, 0,0, 0
0.8614381693607397, 0.0, 0.21377448504892263, 0.17803416062324154, 0,0, 0
0.8627685757999068, 0.0, 0.20896086202415376, 0.17647480840792365, 0,0, 0
0.862968136765782, 0.0, 0.21399729826685082, 0.17654492063319946, 0,0, 0
0.8616377303266147, 0.0, 0.21439560150699397, 0.17618268938741502, 2,2, 2
0.8633007383755738, 0.0, 0.21787671143624737, 0.1752412411631805, 1,1, 1
0.862968136765782, 0.0, 0.22316335536887513, 0.17743615757071607, 0,0, 0
0.8634337790194905, 0.0, 0.21177874480983866, 0.1748317995491183, 0,0, 0
0.863899421273199, 0.0, 0.2095534610820388, 0.17528176300943038, 0,0, 0
0.8644315838488659, 0.0, 0.2145324880218071, 0.17325471501917608, 1,1, 1
0.8651633073904078, 0.0, 0.20650360008348415, 0.17321479180947916, 0,0, 0
0.8656289496441163, 0.0, 0.21647160799982373, 0.17449116104558665, 1,1, 1
0.8661611122197831, 0.0, 0.2029346779606448, 0.16969199253602063, 0,0, 0
0.866493713829575, 0.0, 0.19983488525529275, 0.1690205224060599, 0,0, 0
