acuracia,loss,frr,fpr, removed, n_clf, tp_removed
0.09825051553249518, 0.0, 0.8944041643372586, 0.40467750686587217, 0,0, 0
0.22357480210204217, 0.0, 0.7874703065921682, 0.5087168824611941, 0,0, 0
0.41541941062994747, 0.0, 0.704342283034869, 0.40681997973256456, 0,0, 0
0.5837158251845939, 0.0, 0.5164923475016753, 0.40763317842989066, 0,0, 0
0.7530100445686158, 0.0, 0.38687805110900947, 0.32554667200313925, 0,0, 0
0.7283975254440231, 0.0, 0.41138790202481074, 0.34715489588799103, 0,0, 0
0.7668462715359542, 0.0, 0.36814302425051276, 0.30983021717375275, 0,0, 0
0.7687088405507883, 0.0, 0.3493984355059239, 0.3018353641350836, 0,0, 0
0.7647176212332868, 0.0, 0.3760572488256835, 0.31227064436137403, 0,0, 0
0.21160114414953768, 0.0, 0.7383820897795773, 0.5262059090973367, 0,0, 0
0.1423534889908867, 0.0, 0.813591615998138, 0.5677035916538766, 0,0, 0
0.2072773232222444, 0.0, 0.7790653615987125, 0.5350975820254719, 0,0, 0
0.22570345240470963, 0.0, 0.7614859208222657, 0.5380440897012724, 0,0, 0
0.25038249185126055, 0.0, 0.7415943841710666, 0.510751624403228, 0,0, 0
0.29022816470431717, 0.0, 0.7185758454001915, 0.5032779764006181, 0,0, 0
0.33473026009445883, 0.0, 0.6823121537208343, 0.4693601891720814, 0,0, 0
0.4105634271269873, 0.0, 0.6443598560060326, 0.451880240502402, 0,0, 0
0.44615179937470895, 0.0, 0.6043803762095382, 0.42792220449496, 0,0, 0
0.39599547661810686, 0.0, 0.6391624178975737, 0.44571465344801126, 0,0, 0
0.33346637397725004, 0.0, 0.6616451612149268, 0.44342693888452156, 0,0, 0
0.31989622829774494, 0.0, 0.682405271452899, 0.4428337650548411, 0,0, 0
0.34444222710037914, 0.0, 0.62891231075533, 0.4378018104731449, 0,0, 0
0.3268143417814142, 0.0, 0.6669066816933882, 0.4378456228011939, 0,0, 0
0.2209805095456662, 0.0, 0.7388387779979969, 0.4801822795408118, 0,0, 0
0.3987228098183995, 0.0, 0.633132261516494, 0.4430642574216446, 0,0, 0
0.3708507949178474, 0.0, 0.6604916049184644, 0.43627725020318237, 0,0, 0
0.3608727466240937, 0.0, 0.6710359678304966, 0.4458973101944603, 0,0, 0
0.30200226169094657, 0.0, 0.6904083780426383, 0.45943962690685614, 0,0, 0
0.2559036785738043, 0.0, 0.7389809827764546, 0.48564113091646294, 0,0, 0
0.4306525643584115, 0.0, 0.6089241828537756, 0.4351374673489535, 0,0, 0
0.42765914987028536, 0.0, 0.6394725274993089, 0.42895077953786254, 0,0, 0
0.4911860573405175, 0.0, 0.5678955601757745, 0.40606904347170425, 0,0, 0
0.44362402714029137, 0.0, 0.6170016902708292, 0.42443710909364896, 0,0, 0
0.37597285970864097, 0.0, 0.6645969199733776, 0.4328025918483738, 0,0, 0
0.3717820794252644, 0.0, 0.6816627284219137, 0.44930214894979714, 0,0, 0
0.47488857846071975, 0.0, 0.5775398637656733, 0.4195765963722382, 0,0, 0
0.4006518991551919, 0.0, 0.6395703006629386, 0.437351098250139, 0,0, 0
0.5434045100778288, 0.0, 0.484995197006421, 0.3734191516640206, 0,0, 0
0.4328477349830373, 0.0, 0.548149166344485, 0.40405997038137065, 0,0, 0
0.5345573072573672, 0.0, 0.5798341550022453, 0.4346872811685538, 0,0, 0
0.567019224373046, 0.0, 0.5514486275870747, 0.41703790105204414, 0,0, 0
0.6556908135435375, 0.0, 0.47386702438470857, 0.3750427405007498, 0,0, 0
0.7043171688950974, 0.0, 0.4280381905686007, 0.34262234360738225, 0,0, 0
0.281846604137564, 0.0, 0.7731445731567007, 0.5446746097458949, 0,0, 0
0.5996141821326415, 0.0, 0.48798344714206066, 0.37707034255222466, 0,0, 0
0.6042706046697266, 0.0, 0.48405086287239774, 0.3700979590299309, 0,0, 0
0.7597285970864099, 0.0, 0.40049065128871164, 0.3315840954805769, 0,0, 0
0.768841881194705, 0.0, 0.36697372982763093, 0.30288155190056315, 0,0, 0
0.7705048892436639, 0.0, 0.3721879149017151, 0.3124753284362106, 0,0, 0
0.7703718485997473, 0.0, 0.3767712482350485, 0.30680832333347563, 0,0, 0
0.7804829375374177, 0.0, 0.32502785277130836, 0.29689876926420716, 0,0, 0
0.7849397991086277, 0.0, 0.34959393885055223, 0.31116338581302605, 0,0, 0
0.7853389210403778, 0.0, 0.3426082762398896, 0.2954950297234642, 0,0, 0
0.10111088937670458, 0.0, 0.9116167084157132, 0.5792608942034878, 0,0, 0
0.10111088937670458, 0.0, 0.9116167084157132, 0.577225077128088, 0,0, 0
0.10111088937670458, 0.0, 0.9116167084157132, 0.5812548999895045, 0,0, 0
0.10111088937670458, 0.0, 0.9116167084157132, 0.5871983672318247, 0,0, 0
0.10111088937670458, 0.0, 0.9116167084157132, 0.5853237567786378, 0,0, 0
0.10111088937670458, 0.0, 0.9116167084157132, 0.5794726006665274, 0,0, 0
0.10111088937670458, 0.0, 0.9116167084157132, 0.582225476997583, 0,0, 0
0.10111088937670458, 0.0, 0.9116167084157132, 0.5792892953925936, 0,0, 0
0.10111088937670458, 0.0, 0.9116167084157132, 0.5798358011144819, 0,0, 0
0.10111088937670458, 0.0, 0.9116167084157132, 0.5797500410688354, 0,0, 0
0.10111088937670458, 0.0, 0.9116167084157132, 0.5811045304551822, 0,0, 0
0.10111088937670458, 0.0, 0.9116167084157132, 0.5783636422225095, 0,0, 0
0.10111088937670458, 0.0, 0.9116167084157132, 0.5794873215821823, 0,0, 0
0.10111088937670458, 0.0, 0.9116167084157132, 0.5812304232502656, 0,0, 0
0.10111088937670458, 0.0, 0.9116167084157132, 0.5811781215783881, 0,0, 0
0.10111088937670458, 0.0, 0.9116167084157132, 0.5756466407610715, 0,0, 0
0.10111088937670458, 0.0, 0.9116167084157132, 0.579256690128774, 0,0, 0
0.10111088937670458, 0.0, 0.9116167084157132, 0.5804525450418182, 0,0, 0
0.10111088937670458, 0.0, 0.9116167084157132, 0.5773563603008428, 0,0, 0
0.10111088937670458, 0.0, 0.9116167084157132, 0.5805628945363122, 0,0, 0
0.10111088937670458, 0.0, 0.9116167084157132, 0.5817184703418138, 0,0, 0
0.10111088937670458, 0.0, 0.9116167084157132, 0.579109016897077, 0,0, 0
0.10111088937670458, 0.0, 0.9116167084157132, 0.5795033413378701, 0,0, 0
0.10111088937670458, 0.0, 0.9116167084157132, 0.5783272389322485, 0,0, 0
0.10111088937670458, 0.0, 0.9116167084157132, 0.5817096311272764, 0,0, 0
0.10111088937670458, 0.0, 0.9116167084157132, 0.5776010217866042, 0,0, 0
0.10111088937670458, 0.0, 0.9116167084157132, 0.5784888832438821, 0,0, 0
0.10111088937670458, 0.0, 0.9116167084157132, 0.5839717306258964, 0,0, 0
0.10111088937670458, 0.0, 0.9116167084157132, 0.5816741012514478, 0,0, 0
0.10111088937670458, 0.0, 0.9116167084157132, 0.5812703384784258, 0,0, 0
0.10111088937670458, 0.0, 0.9116167084157132, 0.5802729983876134, 0,0, 0
0.10111088937670458, 0.0, 0.9116167084157132, 0.5811708203447143, 0,0, 0
0.10111088937670458, 0.0, 0.9116167084157132, 0.5784086298637119, 0,0, 0
0.10111088937670458, 0.0, 0.9116167084157132, 0.5803529292892804, 0,0, 0
0.10111088937670458, 0.0, 0.9116167084157132, 0.5819324415046746, 0,0, 0
0.10111088937670458, 0.0, 0.9116167084157132, 0.5797128823792718, 0,0, 0
0.10111088937670458, 0.0, 0.9116167084157132, 0.5855701972613311, 0,0, 0
0.10111088937670458, 0.0, 0.9116167084157132, 0.5757674801779116, 0,0, 0
0.10111088937670458, 0.0, 0.9116167084157132, 0.5817110678878011, 0,0, 0
0.10111088937670458, 0.0, 0.9116167084157132, 0.5815281109958516, 0,0, 0
0.10111088937670458, 0.0, 0.9116167084157132, 0.5827621265442481, 0,0, 0
0.10111088937670458, 0.0, 0.9116167084157132, 0.5804828947308578, 0,0, 0
0.10111088937670458, 0.0, 0.9116167084157132, 0.579975967791437, 0,0, 0
0.10111088937670458, 0.0, 0.9116167084157132, 0.580349054388732, 0,0, 0
0.10111088937670458, 0.0, 0.9116167084157132, 0.5816502842223473, 0,0, 0
0.10111088937670458, 0.0, 0.9116167084157132, 0.5847373592579546, 0,0, 0
0.10111088937670458, 0.0, 0.9116167084157132, 0.5818202559341582, 0,0, 0
0.10111088937670458, 0.0, 0.9116167084157132, 0.5790639396154381, 0,0, 0
0.08527905275061531, 0.0, 0.9037011371081701, 0.3915808812621583, 0,0, 0
0.2597618572473891, 0.0, 0.7594541586377036, 0.4130602061932874, 0,0, 0
0.3793653961285173, 0.0, 0.6989603424681964, 0.48221412327019736, 0,0, 0
0.6455132042839087, 0.0, 0.4669376256105673, 0.3938271229245344, 0,0, 0
0.6271535954234019, 0.0, 0.5204620428227638, 0.4017658662890938, 0,0, 0
0.6914787467571343, 0.0, 0.47918444028473656, 0.3595971561881221, 0,0, 0
0.7130313310716424, 0.0, 0.4270991120614413, 0.34148487460784493, 0,0, 0
0.7333200292689417, 0.0, 0.40866377116596647, 0.3349042135555533, 0,0, 0
0.7758265150003326, 0.0, 0.34777967795720094, 0.30792622957685944, 0,0, 0
0.7762256369320828, 0.0, 0.3838520143608606, 0.3162624299129742, 0,0, 0
0.7794186123860839, 0.0, 0.3641808521896983, 0.3039119588711655, 0,0, 0
0.7807490188252512, 0.0, 0.34162349288233884, 0.30352158647881, 0,0, 0
0.7814142220448347, 0.0, 0.3441581249169709, 0.3023807683579997, 0,0, 0
0.7825450675181268, 0.0, 0.3364825347252401, 0.2980687528955241, 0,0, 0
0.7472892968801969, 0.0, 0.35547466819301543, 0.29647592695868463, 0,0, 0
0.7510809552318233, 0.0, 0.35833535171943887, 0.30643760423569133, 0,0, 0
0.7363799640790262, 0.0, 0.3460703569103263, 0.30314974708940345, 0,0, 0
0.7842745958890441, 0.0, 0.31798104359100565, 0.28584709362237026, 0,0, 0
0.7849397991086277, 0.0, 0.3514774079940092, 0.3041083727924839, 0,0, 0
0.7868023681234617, 0.0, 0.3407926572608714, 0.3028813503356643, 0,0, 0
0.786669327479545, 0.0, 0.336679020897235, 0.2957868454217865, 0,0, 0
0.7867358478015034, 0.0, 0.3413608390790532, 0.2962561429367817, 0,0, 0
0.7866028071575867, 0.0, 0.337929020897235, 0.30140298558996254, 0,0, 0
0.7875340916650037, 0.0, 0.33377773036386893, 0.29388618169411773, 0,0, 0
0.792057473558172, 0.0, 0.33839507730264445, 0.2965821154199305, 0,0, 0
0.7937870019290894, 0.0, 0.3162939756679608, 0.2920660066901746, 0,0, 0
0.7872680103771702, 0.0, 0.3285396351257737, 0.29758872041288265, 0,0, 0
0.7531430852125325, 0.0, 0.3427352845897478, 0.3039476969968715, 0,0, 0
0.7518791990953236, 0.0, 0.34789081454366494, 0.30434808099775895, 0,0, 0
0.7525444023149072, 0.0, 0.3518038467616283, 0.31234385330870235, 0,0, 0
0.7903279451872547, 0.0, 0.33986013106608537, 0.30696993226710223, 0,0, 0
0.7896627419676712, 0.0, 0.3471647562654474, 0.302956872636176, 0,0, 0
0.786669327479545, 0.0, 0.3559273971333515, 0.3068428766550632, 0,0, 0
0.7845406771768776, 0.0, 0.345401833781523, 0.3071925335297081, 0,0, 0
0.7938535222510477, 0.0, 0.31665111852510364, 0.29126029068619363, 0,0, 0
0.7941861238608395, 0.0, 0.30867492804891317, 0.27638104436528727, 0,0, 0
0.7602607596620767, 0.0, 0.3195967679890777, 0.29387900941207606, 0,0, 0
0.7603272799840352, 0.0, 0.31435867275098245, 0.28299359238859206, 0,0, 0
0.7602607596620767, 0.0, 0.3185253394176491, 0.2809809477905537, 0,0, 0
0.7944522051486729, 0.0, 0.32778997229670076, 0.28994409612813493, 0,0, 0
0.759196434510743, 0.0, 0.3432277203700301, 0.30339366649213734, 0,0, 0
0.7810816204350429, 0.0, 0.3119915303655155, 0.28321724654420505, 0,0, 0
0.7590633938668263, 0.0, 0.31481344874422, 0.28549183498425545, 0,0, 0
0.7583981906472428, 0.0, 0.332908686839458, 0.2954335878898568, 0,0, 0
0.7554047761591166, 0.0, 0.3171120972501856, 0.29383790297894363, 0,0, 0
0.7562695403445753, 0.0, 0.31913702758012147, 0.28338343849161785, 0,0, 0
0.7534091665003658, 0.0, 0.3106785424161444, 0.29173410146108336, 0,0, 0
0.7532761258564491, 0.0, 0.31734520908281105, 0.2840156945485113, 0,0, 0
0.7900618638994212, 0.0, 0.3124038145470305, 0.28036662173937005, 0,0, 0
0.7872680103771702, 0.0, 0.3145799803501393, 0.2829462746467617, 0,0, 0
0.7901283842213797, 0.0, 0.3099038145470305, 0.27961204162349296, 0,0, 0
0.7900618638994212, 0.0, 0.3124038145470305, 0.2836524762057172, 0,0, 0
0.7900618638994212, 0.0, 0.3124038145470305, 0.28666681989865017, 0,0, 0
0.7900618638994212, 0.0, 0.3124038145470305, 0.27969047635618893, 0,0, 0
0.7895962216457127, 0.0, 0.3128440661193575, 0.2818901086623896, 0,0, 0
0.7880662542406706, 0.0, 0.30939174882880494, 0.2857670906378174, 0,0, 0
0.7882658152065456, 0.0, 0.3002250821621383, 0.28015410270711344, 0,0, 0
0.788531896494379, 0.0, 0.30895149725647786, 0.281431884588812, 0,0, 0
0.7880662542406706, 0.0, 0.3093656984399098, 0.27937733434699824, 0,0, 0
0.7856050023282113, 0.0, 0.3056657383720252, 0.281912500771966, 0,0, 0
0.7696401250582052, 0.0, 0.32783442900270743, 0.28318614496020944, 0,0, 0
0.48233885452005587, 0.0, 0.5706046551987787, 0.4205344472863892, 0,0, 0
0.2281647043171689, 0.0, 0.839252532686562, 0.5480167098952198, 0,0, 0
0.2209805095456662, 0.0, 0.8560912176641423, 0.5493885443515016, 0,0, 0
0.2469899554313843, 0.0, 0.8307703171216566, 0.5333245919409884, 0,0, 0
0.24146876870884054, 0.0, 0.8316943734920876, 0.5378084657002691, 0,0, 0
0.10111088937670458, 0.0, 0.9116167084157132, 0.5769383033362332, 0,0, 0
0.10111088937670458, 0.0, 0.9116167084157132, 0.5815998435899912, 0,0, 0
0.10111088937670458, 0.0, 0.9116167084157132, 0.5818256050292299, 0,0, 0
0.10111088937670458, 0.0, 0.9116167084157132, 0.5779333043479912, 0,0, 0
0.10111088937670458, 0.0, 0.9116167084157132, 0.5853630457046056, 0,0, 0
0.10111088937670458, 0.0, 0.9116167084157132, 0.58259033699607, 0,0, 0
0.10111088937670458, 0.0, 0.9116167084157132, 0.5809806903027318, 0,0, 0
0.10111088937670458, 0.0, 0.9116167084157132, 0.580056502349783, 0,0, 0
0.10111088937670458, 0.0, 0.9116167084157132, 0.579275684990379, 0,0, 0
0.10111088937670458, 0.0, 0.9116167084157132, 0.5819513662804087, 0,0, 0
0.10111088937670458, 0.0, 0.9116167084157132, 0.5822179398104644, 0,0, 0
0.10111088937670458, 0.0, 0.9116167084157132, 0.581688796234063, 0,0, 0
0.10111088937670458, 0.0, 0.9116167084157132, 0.5788527755223779, 0,0, 0
0.10111088937670458, 0.0, 0.9116167084157132, 0.5866225545081174, 0,0, 0
0.10111088937670458, 0.0, 0.9116167084157132, 0.5802582504064394, 0,0, 0
0.10111088937670458, 0.0, 0.9116167084157132, 0.5837111929864311, 0,0, 0
0.10111088937670458, 0.0, 0.9116167084157132, 0.5811760965660632, 0,0, 0
0.10111088937670458, 0.0, 0.9116167084157132, 0.5796742276107502, 0,0, 0
0.10111088937670458, 0.0, 0.9116167084157132, 0.5813376810080024, 0,0, 0
0.10111088937670458, 0.0, 0.9116167084157132, 0.5816271856056416, 0,0, 0
0.10111088937670458, 0.0, 0.9116167084157132, 0.5789982748497374, 0,0, 0
0.10111088937670458, 0.0, 0.9116167084157132, 0.5838855347174485, 0,0, 0
0.10111088937670458, 0.0, 0.9116167084157132, 0.5783919425736967, 0,0, 0
0.10111088937670458, 0.0, 0.9116167084157132, 0.5788466985698963, 0,0, 0
0.10111088937670458, 0.0, 0.9116167084157132, 0.5798348280832396, 0,0, 0
0.10111088937670458, 0.0, 0.9116167084157132, 0.5802434225744828, 0,0, 0
0.10111088937670458, 0.0, 0.9116167084157132, 0.5810916206648823, 0,0, 0
0.10111088937670458, 0.0, 0.9116167084157132, 0.5816339690591454, 0,0, 0
0.10111088937670458, 0.0, 0.9116167084157132, 0.5761669884459988, 0,0, 0
0.10111088937670458, 0.0, 0.9116167084157132, 0.5826834649323037, 0,0, 0
0.10111088937670458, 0.0, 0.9116167084157132, 0.581034823991152, 0,0, 0
0.10111088937670458, 0.0, 0.9116167084157132, 0.5820169559599724, 0,0, 0
0.10111088937670458, 0.0, 0.9116167084157132, 0.5808238365095212, 0,0, 0
0.10111088937670458, 0.0, 0.9116167084157132, 0.5851459632460007, 0,0, 0
0.10111088937670458, 0.0, 0.9116167084157132, 0.5819467508962248, 0,0, 0
0.07742965475952904, 0.0, 0.9087540216325581, 0.33480182282209825, 0,0, 0
0.3003392536419876, 0.0, 0.7968905582844918, 0.5094797181566451, 0,0, 0
0.4214062396061997, 0.0, 0.6971492331714169, 0.46035443019593963, 0,0, 0
0.6350695137364465, 0.0, 0.49345056970633466, 0.38128899569129115, 0,0, 0
0.5124725603671921, 0.0, 0.6582023174770467, 0.4723381578476292, 0,0, 0
0.6245593028670259, 0.0, 0.5373472752581118, 0.4110439225192416, 0,0, 0
0.16829641455464645, 0.0, 0.8706717687538224, 0.5562591535907198, 0,0, 0
0.1803365928291093, 0.0, 0.8296913818848153, 0.540326955999335, 0,0, 0
0.3675912991418879, 0.0, 0.6886558259300479, 0.48697519632732944, 0,0, 0
0.39220381826648043, 0.0, 0.6725491705643448, 0.46564463373933923, 0,0, 0
0.41541941062994747, 0.0, 0.692374310659697, 0.47828774545156355, 0,0, 0
0.4507417015898357, 0.0, 0.6620881085360817, 0.46343197483955767, 0,0, 0
0.47309252976784405, 0.0, 0.638885395139252, 0.4617819550219803, 0,0, 0
0.4883256834963081, 0.0, 0.6000519269225593, 0.44177660506763045, 0,0, 0
0.44189449876937403, 0.0, 0.6214698847892506, 0.44683326604510804, 0,0, 0
0.507417015898357, 0.0, 0.5743360823314964, 0.43089203831541745, 0,0, 0
0.522450608660946, 0.0, 0.6015770207497078, 0.4354786453950764, 0,0, 0
0.47954500099780484, 0.0, 0.6178784229842851, 0.4374815355122035, 0,0, 0
0.5034257965808554, 0.0, 0.6089616648886552, 0.43553780150222304, 0,0, 0
0.5340251446817003, 0.0, 0.5753420364697135, 0.42323905426020303, 0,0, 0
0.5515199893567485, 0.0, 0.5690407051142512, 0.42272521510274524, 0,0, 0
0.5126721213330673, 0.0, 0.5850795718070408, 0.4238950474000017, 0,0, 0
0.5396793720481607, 0.0, 0.5686963987785075, 0.43710730728942965, 0,0, 0
0.4895895696135169, 0.0, 0.627352804127496, 0.4316861688107323, 0,0, 0
0.5587041841282512, 0.0, 0.5484766567412607, 0.4075255532422542, 0,0, 0
0.516530300006652, 0.0, 0.5780531230788962, 0.42792529899935866, 0,0, 0
0.5025610323953968, 0.0, 0.5854893479727, 0.43655495214682816, 0,0, 0
0.5419410629947449, 0.0, 0.5580905714428038, 0.40158304859843674, 0,0, 0
0.5525843145080822, 0.0, 0.5793911439216275, 0.38993557761253156, 0,0, 0
0.5843810284041775, 0.0, 0.5290598915374896, 0.38585900299819115, 0,0, 0
0.5641588505288365, 0.0, 0.5570680307668571, 0.3861947801987451, 0,0, 0
0.5984168163373911, 0.0, 0.5193360531560001, 0.38525560075901366, 0,0, 0
0.5725404110955897, 0.0, 0.544791159116173, 0.3816466232457384, 0,0, 0
0.590434377702388, 0.0, 0.5464290930844089, 0.3737593081982448, 0,0, 0
0.6202354819397325, 0.0, 0.5037943481659855, 0.4004634123095388, 0,0, 0
0.5866427193507616, 0.0, 0.5137957155458086, 0.39403158328205934, 0,0, 0
0.567218785338921, 0.0, 0.5304526440006082, 0.3849220847276155, 0,0, 0
0.5408767378434112, 0.0, 0.5372680233572992, 0.38760633811907946, 0,0, 0
0.510410430386483, 0.0, 0.5778120298440867, 0.40427733444769165, 0,0, 0
0.47169560300671853, 0.0, 0.5901340582947404, 0.4079754639316929, 0,0, 0
0.4222044834697, 0.0, 0.6350576677436898, 0.4198136121783697, 0,0, 0
0.45220514867291955, 0.0, 0.6050075765709119, 0.4073037837406529, 0,0, 0
0.5290361205348234, 0.0, 0.5863510536566866, 0.4044433006798961, 0,0, 0
0.5515199893567485, 0.0, 0.5576047210649859, 0.3993654948790812, 0,0, 0
0.549391339054081, 0.0, 0.5598671911261589, 0.39670573829186806, 0,0, 0
0.5711434843344642, 0.0, 0.5349814679934539, 0.38180976335065964, 0,0, 0
0.5531829974057074, 0.0, 0.5662561608657954, 0.4032562447357331, 0,0, 0
0.3503625357546731, 0.0, 0.706410305164554, 0.44358796958949503, 0,0, 0
0.3818266480409765, 0.0, 0.6826137985983262, 0.4455451350038586, 0,0, 0
0.5500565422736646, 0.0, 0.49474576360066913, 0.3755425382920167, 0,0, 0
0.622164571276525, 0.0, 0.45280266436800604, 0.3574913189538278, 0,0, 0
0.6411893833566155, 0.0, 0.471384687607924, 0.3557033622777708, 0,0, 0
0.7081753475686823, 0.0, 0.3722950648779348, 0.32602668259027967, 0,0, 0
0.7246058670923967, 0.0, 0.38581246414533416, 0.3178540431801323, 0,0, 0
0.7239406638728132, 0.0, 0.3915267498596199, 0.3168767620021845, 0,0, 0
0.18565821858577797, 0.0, 0.7706505679060811, 0.5269908810680644, 0,0, 0
0.7247389077363134, 0.0, 0.4164999928584706, 0.3294544065719905, 0,0, 0
0.7397725004989024, 0.0, 0.3888351270549141, 0.3164894043304746, 0,0, 0
0.7395729395330274, 0.0, 0.38944670501943324, 0.3217204421780352, 0,0, 0
0.18259828377569348, 0.0, 0.8163222756772202, 0.5354775120970624, 0,0, 0
0.1434843344641788, 0.0, 0.8157377931764899, 0.5379738958984835, 0,0, 0
0.2128650302667465, 0.0, 0.7648552424866618, 0.5218785407716441, 0,0, 0
0.23361937071775427, 0.0, 0.7649371021482411, 0.518361189051085, 0,0, 0
0.24652431317767579, 0.0, 0.7366636065307262, 0.5069174903995467, 0,0, 0
0.2622896294818067, 0.0, 0.735915722916756, 0.5002205951910689, 0,0, 0
0.2628217920574736, 0.0, 0.7243791518287821, 0.5086942655650879, 0,0, 0
0.25404110955897025, 0.0, 0.7199848061797066, 0.507950052631533, 0,0, 0
0.6663340650568749, 0.0, 0.4077398844230278, 0.3571058233926543, 0,0, 0
0.7510809552318233, 0.0, 0.3642119242841929, 0.3209279183783496, 0,0, 0
0.756602141954367, 0.0, 0.34514081402190605, 0.3102471742155102, 0,0, 0
0.7592629548327013, 0.0, 0.3480974350264723, 0.31463231428637245, 0,0, 0
0.7584647109692011, 0.0, 0.3487712787266317, 0.31180988043174657, 0,0, 0
0.7602607596620767, 0.0, 0.35280839048219015, 0.30682139317444035, 0,0, 0
0.7692410031264552, 0.0, 0.33462078861037775, 0.3089611541493713, 0,0, 0
0.7752278321027074, 0.0, 0.3217706899910484, 0.2943432714818594, 0,0, 0
0.7752278321027074, 0.0, 0.3217706899910484, 0.29535883803965984, 0,0, 0
0.7741635069513736, 0.0, 0.3344435349454467, 0.30043403841964617, 0,0, 0
0.7713696534291226, 0.0, 0.3369889894909012, 0.30141440043035567, 0,0, 0
0.7675114747555378, 0.0, 0.3399380404399522, 0.3051811730670105, 0,0, 0
0.25789928823255504, 0.0, 0.7532039146579956, 0.5234228525026823, 0,0, 0
0.7222111355018959, 0.0, 0.35483101316929977, 0.31745380784555555, 0,0, 0
0.7250049890241469, 0.0, 0.3507360825141108, 0.31243331036642213, 0,0, 0
0.7430319962748619, 0.0, 0.3527579043387166, 0.3158712462334623, 0,0, 0
0.7528104836027406, 0.0, 0.3433320258300431, 0.30721447363396553, 0,0, 0
0.7733652630878733, 0.0, 0.3366475193113924, 0.30136086619122726, 0,0, 0
0.2580988491984301, 0.0, 0.7066637076787876, 0.5012127449651415, 0,0, 0
0.7678440763653296, 0.0, 0.31884481579422497, 0.2979160949639652, 0,0, 0
0.7442958823920708, 0.0, 0.3228794924489082, 0.2952061774131073, 0,0, 0
0.7870684494112952, 0.0, 0.30600527155636276, 0.2860829004217064, 0,0, 0
0.5754673052617575, 0.0, 0.5736419143046688, 0.40699836097974434, 0,0, 0
0.474755537816803, 0.0, 0.6271770146122813, 0.4565465537130702, 0,0, 0
0.6976651366992617, 0.0, 0.3638891688648803, 0.3284872420383745, 0,0, 0
0.4575267744295882, 0.0, 0.6504737584903486, 0.4722477395870542, 0,0, 0
0.4820062529102641, 0.0, 0.6278660565941214, 0.4493915699497383, 0,0, 0
0.5244462183196966, 0.0, 0.5776659514848714, 0.42561661001601186, 0,0, 0
0.6312778553848201, 0.0, 0.4730116707598014, 0.38134673191466023, 0,0, 0
0.3925364198762722, 0.0, 0.6699085188879843, 0.4725749639643263, 0,0, 0
0.33812279651433513, 0.0, 0.6999233832992742, 0.4897978154873742, 0,0, 0
0.6068648972261026, 0.0, 0.4744385173020563, 0.369351393793857, 0,0, 0
0.6685957560034591, 0.0, 0.4433474111011327, 0.35481231100271776, 0,0, 0
0.1915120069181135, 0.0, 0.8044456713100959, 0.5447793490597764, 0,0, 0
0.11348366926095922, 0.0, 0.8820407599840915, 0.36280330305913094, 0,0, 0
0.28484001862569014, 0.0, 0.7437593844101577, 0.3439707026645121, 0,0, 0
0.35448679571609126, 0.0, 0.7381558447442464, 0.47861201192458785, 0,0, 0
0.5996807024545999, 0.0, 0.500340223839982, 0.3746407353962759, 0,0, 0
0.5106099913523582, 0.0, 0.6135451068534112, 0.4510953908538029, 0,0, 0
0.34830040577396393, 0.0, 0.7048761215327893, 0.5025294412540795, 0,0, 0
0.4810084480808887, 0.0, 0.6453088655718452, 0.4655358627393467, 0,0, 0
0.4587241402248387, 0.0, 0.6580099430457514, 0.4743427215759992, 0,0, 0
0.4660413756402581, 0.0, 0.6425089291677122, 0.45933928838370586, 0,0, 0
0.47548726135834496, 0.0, 0.6338980871470397, 0.45737261373650284, 0,0, 0
0.4641122863034657, 0.0, 0.6144371362686896, 0.46239324130680415, 0,0, 0
0.4778154726268875, 0.0, 0.6481755569225958, 0.45958484065829436, 0,0, 0
0.40796913457061135, 0.0, 0.6915138063157404, 0.47272441245860025, 0,0, 0
0.5243131776757799, 0.0, 0.5965432463672825, 0.43617513723400875, 0,0, 0
0.5481939732588306, 0.0, 0.5788034729259852, 0.4083399390320423, 0,0, 0
0.5199893567484867, 0.0, 0.5932757032240972, 0.4122640609730649, 0,0, 0
0.6117874010510211, 0.0, 0.5609465390900178, 0.4128755818385813, 0,0, 0
0.5587707044502095, 0.0, 0.5871277055290798, 0.381396222315305, 0,0, 0
0.5163972593627353, 0.0, 0.6207756786855657, 0.39069670875019646, 0,0, 0
0.5907669793121799, 0.0, 0.5449464299478447, 0.35825379156864107, 0,0, 0
0.590234816736513, 0.0, 0.5683386142124814, 0.3930001958857369, 0,0, 0
0.5730725736712565, 0.0, 0.4924735324402367, 0.3724862684663306, 0,0, 0
0.551786070644582, 0.0, 0.4925080098259585, 0.3857465026466151, 0,0, 0
0.6075301004456861, 0.0, 0.431912553222201, 0.3517177594047805, 0,0, 0
0.6247588638329009, 0.0, 0.45516841037615746, 0.36684833172528014, 0,0, 0
0.528969600212865, 0.0, 0.5195661124462099, 0.3683903797355928, 0,0, 0
0.41575201223973923, 0.0, 0.6316367279413224, 0.4742312237408746, 0,0, 0
0.5746690613982571, 0.0, 0.49938148448511427, 0.40585787248033933, 0,0, 0
0.641854586576199, 0.0, 0.44014679919455546, 0.36576765153008095, 0,0, 0
0.650768309718619, 0.0, 0.4274215162372996, 0.343031178627756, 0,0, 0
0.6600811547927892, 0.0, 0.4242181677361948, 0.34809986392360964, 0,0, 0
0.687886649371383, 0.0, 0.42033214465226254, 0.3455946040651333, 0,0, 0
0.7254041109558971, 0.0, 0.40534431230190066, 0.3375167446946054, 0,0, 0
0.7389077363134438, 0.0, 0.3503015835560273, 0.308750493118484, 0,0, 0
0.7173551519989356, 0.0, 0.37665054129531744, 0.3147476980977302, 0,0, 0
0.7387081753475687, 0.0, 0.35973081374612703, 0.3140984473917063, 0,0, 0
0.7281979644781481, 0.0, 0.35787350885847224, 0.3086790796907618, 0,0, 0
0.7497505487926561, 0.0, 0.3529633225916616, 0.3080300998128659, 0,0, 0
0.7844741568549192, 0.0, 0.33160123107916983, 0.2923166160877062, 0,0, 0
0.7844741568549192, 0.0, 0.33160123107916983, 0.2952452856048849, 0,0, 0
0.7843411162110024, 0.0, 0.3333869453648841, 0.2928739079090709, 0,0, 0
0.784075034923169, 0.0, 0.3416293696073084, 0.30306979184226934, 0,0, 0
0.7841415552451274, 0.0, 0.3253423484523627, 0.2896629850349647, 0,0, 0
0.7841415552451274, 0.0, 0.3253423484523627, 0.2922737600585932, 0,0, 0
0.7839419942792523, 0.0, 0.33034627371535535, 0.2894737742222706, 0,0, 0
0.783343311381627, 0.0, 0.34398263735171897, 0.29905538726136394, 0,0, 0
0.7836093926694605, 0.0, 0.34034627371535536, 0.30099448201564777, 0,0, 0
0.7836093926694605, 0.0, 0.34034627371535536, 0.2994938462761091, 0,0, 0
0.7844741568549192, 0.0, 0.3257393554763616, 0.2896643963513618, 0,0, 0
0.7847402381427526, 0.0, 0.32796486744280623, 0.2970319809360743, 0,0, 0
0.7844076365329609, 0.0, 0.3299060221430283, 0.28709139956462004, 0,0, 0
0.7597285970864099, 0.0, 0.3509606862810425, 0.28002375882619707, 0,0, 0
0.7864032461917115, 0.0, 0.3124128928158257, 0.2888864519061092, 0,0, 0
0.7863367258697532, 0.0, 0.3203890832920162, 0.2847204861873853, 0,0, 0
0.7526774429588239, 0.0, 0.32285854227979977, 0.29168060808663304, 0,0, 0
0.7523448413490321, 0.0, 0.3330986795010691, 0.29235143218805837, 0,0, 0
0.7526774429588239, 0.0, 0.32315279205518166, 0.28912115354310136, 0,0, 0
0.7524778819929488, 0.0, 0.3312480301504197, 0.28941807557799076, 0,0, 0
0.7557373777689084, 0.0, 0.3204640429804222, 0.2907857362779797, 0,0, 0
0.7507483536220315, 0.0, 0.3170749485366745, 0.28862444758078587, 0,0, 0
0.7503492316902813, 0.0, 0.32564637710810307, 0.28955064356464383, 0,0, 0
0.75121399587574, 0.0, 0.3246762278543717, 0.2952150766197972, 0,0, 0
0.7851393600745028, 0.0, 0.3129210545808739, 0.29109072534842495, 0,0, 0
0.789463181001796, 0.0, 0.31382791732597193, 0.28841817890709776, 0,0, 0
0.7865362868356283, 0.0, 0.31365952354358856, 0.2842948416345305, 0,0, 0
0.7806824985032927, 0.0, 0.3224515403503112, 0.29573820440514315, 0,0, 0
0.7808155391472095, 0.0, 0.3223324927312635, 0.28633580944022313, 0,0, 0
0.7808155391472095, 0.0, 0.3223324927312635, 0.2863886493284527, 0,0, 0
0.765515865096787, 0.0, 0.3275361126407658, 0.289884925933547, 0,0, 0
0.7697066453801636, 0.0, 0.3293953563382448, 0.2895301608193394, 0,0, 0
0.7652497838089536, 0.0, 0.33432182692648005, 0.29411554915201654, 0,0, 0
0.7827446284840018, 0.0, 0.3103717084175381, 0.2850280420158427, 0,0, 0
0.7840085146012107, 0.0, 0.31168827646487535, 0.2808088821963186, 0,0, 0
0.7881327745626289, 0.0, 0.32291588927165604, 0.2860725200211297, 0,0, 0
0.788531896494379, 0.0, 0.31053493689070366, 0.2803863844639448, 0,0, 0
0.7883988558504623, 0.0, 0.31339207974784655, 0.2861172723268781, 0,0, 0
0.7886649371382958, 0.0, 0.3057730321287989, 0.28524929589173487, 0,0, 0
0.7881992948845873, 0.0, 0.3119566110714453, 0.27954165231937955, 0,0, 0
0.7881327745626289, 0.0, 0.3144566110714453, 0.2830645952593908, 0,0, 0
0.7884653761724206, 0.0, 0.31294145955629377, 0.28240057909669497, 0,0, 0
0.7885984168163374, 0.0, 0.31281613962371374, 0.28637666059370476, 0,0, 0
0.7874010510210869, 0.0, 0.30737792142956527, 0.2835013508094483, 0,0, 0
0.7891970997139626, 0.0, 0.2983812572370241, 0.2817858258234852, 0,0, 0
0.7885984168163374, 0.0, 0.3028574477132146, 0.2824727463472503, 0,0, 0
0.7881327745626289, 0.0, 0.31392887628464317, 0.28545868287781323, 0,0, 0
0.7870684494112952, 0.0, 0.3147372386539811, 0.2814988801214266, 0,0, 0
0.7889310184261292, 0.0, 0.3060003048560717, 0.2807278510962483, 0,0, 0
0.7870684494112952, 0.0, 0.3147372386539811, 0.2837329517684153, 0,0, 0
0.7886649371382958, 0.0, 0.312786019141786, 0.283047694675449, 0,0, 0
0.7889310184261292, 0.0, 0.30516697152273836, 0.2824042026181403, 0,0, 0
0.7881327745626289, 0.0, 0.31392887628464317, 0.2824613907896946, 0,0, 0
0.7796846936739174, 0.0, 0.3198037700961188, 0.2928336834142949, 0,0, 0
0.7866028071575867, 0.0, 0.31160394631265437, 0.2849440995638856, 0,0, 0
0.7849397991086277, 0.0, 0.31518758443111417, 0.28419023091866313, 0,0, 0
0.7848732787866693, 0.0, 0.3166161558596856, 0.2812449938934499, 0,0, 0
0.7820129049424599, 0.0, 0.31501919064873074, 0.2865178489069835, 0,0, 0
0.7817468236546264, 0.0, 0.321804904934445, 0.28932498562698716, 0,0, 0
0.7891305793920043, 0.0, 0.3170468281285932, 0.2851421168864928, 0,0, 0
0.7896627419676712, 0.0, 0.315903970985736, 0.28373121412075014, 0,0, 0
0.7852724007184195, 0.0, 0.31833044157397133, 0.2866032101558352, 0,0, 0
0.7808820594691678, 0.0, 0.3146439782245866, 0.29008586879591464, 0,0, 0
0.1041043038648307, 0.0, 0.9170052187105902, 0.3605335371672161, 0,0, 0
0.26774429588239207, 0.0, 0.7784640416167506, 0.41872178338271915, 0,0, 0
0.3139093993214927, 0.0, 0.7986403823777234, 0.5038713681215424, 0,0, 0
0.5869088006385951, 0.0, 0.5293037528471689, 0.4028318510371514, 0,0, 0
0.6638728131444156, 0.0, 0.44266892707680716, 0.3546655824004702, 0,0, 0
0.6580855451340385, 0.0, 0.4572674905644554, 0.3650546634786282, 0,0, 0
0.6579525044901218, 0.0, 0.4505231660442787, 0.36602314901247385, 0,0, 0
0.723741102906938, 0.0, 0.39309577556654995, 0.3330101013935519, 0,0, 0
0.7230093793653961, 0.0, 0.38440282158469197, 0.3219988500379261, 0,0, 0
0.7256036719217721, 0.0, 0.3954626154624286, 0.3259136348945734, 0,0, 0
0.7187520787600612, 0.0, 0.37878045448615005, 0.324618514540095, 0,0, 0
0.7281979644781481, 0.0, 0.38717255840169484, 0.3193933945382237, 0,0, 0
0.18825251114215394, 0.0, 0.747210141627455, 0.5355484225312503, 0,0, 0
0.7370451672986097, 0.0, 0.36345705992293276, 0.3143570471215415, 0,0, 0
0.7445619636799042, 0.0, 0.3522034986693714, 0.30377705738894845, 0,0, 0
0.7496840284706978, 0.0, 0.36757004878592153, 0.3037409211606972, 0,0, 0
0.744695004323821, 0.0, 0.34521644547814617, 0.30051389070145884, 0,0, 0
0.22217787534091665, 0.0, 0.8380554714338302, 0.5360405030051648, 0,0, 0
0.2112685425397459, 0.0, 0.8435322139664194, 0.554041688782522, 0,0, 0
0.27506153129781147, 0.0, 0.7694630656281245, 0.5108567634473893, 0,0, 0
0.27080423069247656, 0.0, 0.7747354371440889, 0.5289594215139263, 0,0, 0
0.6523647974456196, 0.0, 0.49274245022129926, 0.3684144814848771, 0,0, 0
0.7574003858178674, 0.0, 0.3948503018175296, 0.3291385721097423, 0,0, 0
0.24206745160646578, 0.0, 0.8294891087626644, 0.5240796796594414, 0,0, 0
0.12771901816004788, 0.0, 0.913072163460927, 0.5853313068440603, 0,0, 0
0.15665535821193374, 0.0, 0.8774854262116207, 0.5487331438352809, 0,0, 0
0.15871748819264286, 0.0, 0.8730545510130014, 0.5680554649276437, 0,0, 0
0.2279651433512938, 0.0, 0.8093314074130211, 0.5179344279912356, 0,0, 0
0.16443823588106166, 0.0, 0.8606190418367952, 0.5405556826180458, 0,0, 0
0.18293088538548527, 0.0, 0.8460658061411068, 0.5430387267620367, 0,0, 0
0.319164504756203, 0.0, 0.7396728372099282, 0.5012215134158808, 0,0, 0
0.3065921639060733, 0.0, 0.7603327840252488, 0.4960543377227906, 0,0, 0
0.6622098050954567, 0.0, 0.4315746333444687, 0.3475899088776729, 0,0, 0
0.6731191378966275, 0.0, 0.3954277508362336, 0.33784094948167237, 0,0, 0
0.675646910131045, 0.0, 0.3684907864844763, 0.32299484290416175, 0,0, 0
0.712233087208142, 0.0, 0.39361627819952344, 0.3278007454383658, 0,0, 0
0.7788864498104171, 0.0, 0.3481637072271067, 0.30887006907002545, 0,0, 0
0.7798842546397925, 0.0, 0.33167996738970834, 0.2978668623867007, 0,0, 0
0.7745626288831238, 0.0, 0.3511583447074198, 0.311470034560183, 0,0, 0
0.775161311780749, 0.0, 0.3336728844216105, 0.30380876295684267, 0,0, 0
0.5366859575600346, 0.0, 0.5984205244444403, 0.408528667991555, 0,0, 0
0.1704250648573139, 0.0, 0.8664123049050027, 0.5472425091035927, 0,0, 0
0.33606066653362604, 0.0, 0.742556532898108, 0.4739355066668971, 0,0, 0
0.5303000066520321, 0.0, 0.5709073217943983, 0.39888149231936787, 0,0, 0
0.17740969866294154, 0.0, 0.8282740112641812, 0.5241052196310022, 0,0, 0
0.16689948779352093, 0.0, 0.8404511676109719, 0.549934207113874, 0,0, 0
0.24898556509013503, 0.0, 0.7886607508554145, 0.501356412673404, 0,0, 0
0.43251513337324554, 0.0, 0.7028287223634392, 0.4363247435764535, 0,0, 0
0.39040776957360473, 0.0, 0.7352579047476311, 0.47112791203465343, 0,0, 0
0.4136233619370718, 0.0, 0.6960754181945749, 0.4560178318656331, 0,0, 0
0.5233818931683629, 0.0, 0.6063804567768591, 0.39427719665911004, 0,0, 0
0.45034257965808555, 0.0, 0.6382418984653266, 0.4176402614308512, 0,0, 0
0.41448812612253044, 0.0, 0.6607850126401186, 0.43407090531118697, 0,0, 0
0.3860174283243531, 0.0, 0.6900728930166431, 0.44036811400098946, 0,0, 0
0.3556176411893834, 0.0, 0.7198402458260169, 0.4426215885881707, 0,0, 0
0.5208541209339453, 0.0, 0.5867905030957935, 0.4041554646144322, 0,0, 0
0.43490986496374645, 0.0, 0.6763859640145218, 0.43844844637998975, 0,0, 0
0.5668861837291292, 0.0, 0.5190854348019811, 0.390633013627953, 0,0, 0
0.5596354686356682, 0.0, 0.5228414767501658, 0.38734524020053807, 0,0, 0
0.5171955032262356, 0.0, 0.5656888426432408, 0.4023120614810054, 0,0, 0
0.4612519124592563, 0.0, 0.6160727105844206, 0.41542297164199615, 0,0, 0
0.658950309319497, 0.0, 0.4494341833279629, 0.34135681678682167, 0,0, 0
0.5624958424798776, 0.0, 0.5118133833195548, 0.3608771189348605, 0,0, 0
0.5225836493048627, 0.0, 0.5776996079726628, 0.37378857417726463, 0,0, 0
0.4871283177010577, 0.0, 0.6013198416777424, 0.37958799214714234, 0,0, 0
0.4917182199161844, 0.0, 0.5912935147848318, 0.38133098159906614, 0,0, 0
0.4571276524978381, 0.0, 0.6396149680274197, 0.4125177460060939, 0,0, 0
0.4895895696135169, 0.0, 0.595516689546561, 0.402530214993884, 0,0, 0
0.5859109958092197, 0.0, 0.5016643665987205, 0.3607088094283863, 0,0, 0
0.6229628151400253, 0.0, 0.4521756961627086, 0.344913320213301, 0,0, 0
0.6499035455331604, 0.0, 0.4383538441166996, 0.3413453732477192, 0,0, 0
0.5924965076830971, 0.0, 0.47305359318075574, 0.35737243972593574, 0,0, 0
0.590035255770638, 0.0, 0.44416308425461687, 0.3496267614899229, 0,0, 0
0.557174216723209, 0.0, 0.45582202551404394, 0.34515405187913095, 0,0, 0
0.7000598682897625, 0.0, 0.45702707891521016, 0.35915715152405137, 0,0, 0
0.2106033393201623, 0.0, 0.8136604776730859, 0.5010928034157195, 0,0, 0
0.2072773232222444, 0.0, 0.8066919427754893, 0.4876334792660721, 0,0, 0
0.4905873744428923, 0.0, 0.5337202047245347, 0.39278285842594507, 0,0, 0
0.49304862635535157, 0.0, 0.5576937895724573, 0.3923241518118812, 0,0, 0
0.5515865096787068, 0.0, 0.49782370484263994, 0.36839132891702625, 0,0, 0
0.5738708175347569, 0.0, 0.5197614329940046, 0.3748258759230714, 0,0, 0
0.5730725736712565, 0.0, 0.5102917741250376, 0.3826482739453215, 0,0, 0
0.5727399720614648, 0.0, 0.5045200523762973, 0.3716801430406036, 0,0, 0
0.5314308521253243, 0.0, 0.5438003054694744, 0.38966879214920824, 0,0, 0
0.6393268143417814, 0.0, 0.45879079605722445, 0.343378704108735, 0,0, 0
0.6036719217721014, 0.0, 0.472552958571961, 0.3512578852546462, 0,0, 0
0.6022084746890175, 0.0, 0.44203234524833995, 0.3590114961386265, 0,0, 0
0.66207676445154, 0.0, 0.4435434030987425, 0.32641619156375873, 0,0, 0
0.6376638062928225, 0.0, 0.46821567436099415, 0.3400384487455595, 0,0, 0
0.5388146078627021, 0.0, 0.5050161232268499, 0.36966999447430104, 0,0, 0
0.5368855185259097, 0.0, 0.47713011629374835, 0.3674449455708876, 0,0, 0
0.5481939732588306, 0.0, 0.4926901434065716, 0.367266091075227, 0,0, 0
0.5759994678374243, 0.0, 0.4714279161551134, 0.36341557209151565, 0,0, 0
0.5875740038581787, 0.0, 0.47581289636298896, 0.35930521342410765, 0,0, 0
0.6981307789529702, 0.0, 0.44101884872199165, 0.3457022542985015, 0,0, 0
0.6401915785272401, 0.0, 0.4387461006359992, 0.35408668417807027, 0,0, 0
0.6159781813343976, 0.0, 0.44961916926665424, 0.3504052094924211, 0,0, 0
0.6075966207676445, 0.0, 0.43322612008744316, 0.3474035612753446, 0,0, 0
0.622164571276525, 0.0, 0.4418432123388225, 0.3499441339498562, 0,0, 0
0.581121532628218, 0.0, 0.5013403136793307, 0.39320282502053994, 0,0, 0
0.6584181467438303, 0.0, 0.4317891115197774, 0.34767484147698524, 0,0, 0
0.10031264551320429, 0.0, 0.8920487934836254, 0.4039926472427542, 0,0, 0
0.24738907736313442, 0.0, 0.7621354080583137, 0.4807898189996007, 0,0, 0
0.3519590234816736, 0.0, 0.6691883756258485, 0.30773008674746644, 0,0, 0
0.6749817069114614, 0.0, 0.4688210432617247, 0.3525865114518456, 0,0, 0
0.6120534823388545, 0.0, 0.5143741666237757, 0.3809654600467011, 0,0, 0
0.3383223574802102, 0.0, 0.6533395411074278, 0.4588126661750572, 0,0, 0
0.3415153329342114, 0.0, 0.6452071612857554, 0.4446362663416966, 0,0, 0
0.42227100379165833, 0.0, 0.6013845388081623, 0.4261443663682799, 0,0, 0
0.4612519124592563, 0.0, 0.5711446000867606, 0.4061961141850789, 0,0, 0
0.4430918645646245, 0.0, 0.590062167023636, 0.41459593343848733, 0,0, 0
0.4494112951506685, 0.0, 0.5754268334690301, 0.41144442743677073, 0,0, 0
0.4411627752278321, 0.0, 0.6008998971293116, 0.42315061266342313, 0,0, 0
0.48280449677376436, 0.0, 0.5883315995701108, 0.4048628476906256, 0,0, 0
0.4438901084281248, 0.0, 0.5749421281783725, 0.4191170521786423, 0,0, 0
0.45094126255571076, 0.0, 0.5959939256464587, 0.42320527595193186, 0,0, 0
0.4755537816803033, 0.0, 0.5862740941176598, 0.41432099134384237, 0,0, 0
0.4465509213064591, 0.0, 0.5868792243311081, 0.4105852255782074, 0,0, 0
0.5233153728464046, 0.0, 0.5636554406532445, 0.40219311702857624, 0,0, 0
0.5762655491252577, 0.0, 0.502355300199842, 0.37204712975724014, 0,0, 0
0.4824718951639726, 0.0, 0.5469297695497128, 0.38811621725990153, 0,0, 0
0.34351094259296217, 0.0, 0.754112969000317, 0.5081854657074024, 0,0, 0
0.3845539812412692, 0.0, 0.7228321156896438, 0.49617857915144703, 0,0, 0
0.5658218585777955, 0.0, 0.5960551183440331, 0.42516875228662554, 0,0, 0
0.5994811414887248, 0.0, 0.573951545173231, 0.4169203661287954, 0,0, 0
0.2445952238408834, 0.0, 0.769473992656962, 0.5267600496554202, 0,0, 0
0.3819596886848932, 0.0, 0.6717995237163695, 0.4700783632280458, 0,0, 0
0.3675247788199295, 0.0, 0.6322616347395491, 0.4414912265326301, 0,0, 0
0.4052418013703186, 0.0, 0.6141861060894946, 0.4427580376039645, 0,0, 0
0.5135368855185259, 0.0, 0.6394406965952053, 0.4381742664602759, 0,0, 0
0.6192376771103573, 0.0, 0.5336230161004302, 0.3885405248407964, 0,0, 0
0.6353355950242799, 0.0, 0.5138537035712993, 0.3813582768917928, 0,0, 0
0.694006518991552, 0.0, 0.462191264858182, 0.3547805211955243, 0,0, 0
0.6920774296547595, 0.0, 0.46805850982990455, 0.3542060694413224, 0,0, 0
0.7091731523980576, 0.0, 0.4297428625456664, 0.3336715596549179, 0,0, 0
0.706445819197765, 0.0, 0.43713905126261, 0.33550261668567694, 0,0, 0
0.7076431849930154, 0.0, 0.43251366992466317, 0.34154679403427884, 0,0, 0
0.6981307789529702, 0.0, 0.44161284984857097, 0.3482016437901779, 0,0, 0
0.7820794252644183, 0.0, 0.34900323319089166, 0.30276830523628234, 0,0, 0
0.7798177343178341, 0.0, 0.348331327658013, 0.2996359320011462, 0,0, 0
0.7793520920641256, 0.0, 0.3534671747265763, 0.3000706493305409, 0,0, 0
0.7796846936739174, 0.0, 0.3533643124725512, 0.30078194066394887, 0,0, 0
0.7798177343178341, 0.0, 0.34836431247255123, 0.3015220115478597, 0,0, 0
0.7817468236546264, 0.0, 0.3524802358573425, 0.3033359641236835, 0,0, 0
0.756402580988492, 0.0, 0.36291477242125564, 0.2919551538150311, 0,0, 0
0.7719683363267478, 0.0, 0.3534626673386173, 0.3033474949112296, 0,0, 0
0.7814142220448347, 0.0, 0.3416490670261737, 0.3010791624463938, 0,0, 0
0.7794186123860839, 0.0, 0.33216592710358567, 0.2980202576710001, 0,0, 0
0.7818133439765849, 0.0, 0.32908900402666263, 0.29808656848615805, 0,0, 0
0.7818133439765849, 0.0, 0.32908900402666263, 0.30027559887921884, 0,0, 0
0.7821459455863766, 0.0, 0.33030162861138024, 0.29796362867876325, 0,0, 0
0.7823455065522518, 0.0, 0.32815877146852307, 0.29736602216479274, 0,0, 0
0.7823455065522518, 0.0, 0.32815877146852307, 0.29754404064666334, 0,0, 0
0.783875473957294, 0.0, 0.3211890744988261, 0.2911214762260214, 0,0, 0
0.783875473957294, 0.0, 0.3211890744988261, 0.28992664149961417, 0,0, 0
0.7868023681234617, 0.0, 0.31364361995337153, 0.29194980065683596, 0,0, 0
0.19916184394332467, 0.0, 0.7889413524562978, 0.5509970444099647, 0,0, 0
0.7595290361205348, 0.0, 0.35443708496847015, 0.3177759599894722, 0,0, 0
0.3576132508481341, 0.0, 0.5964204734614262, 0.451409329881942, 0,0, 0
0.3300738375573738, 0.0, 0.7146872832268599, 0.48280216802278353, 0,0, 0
0.3538215924965077, 0.0, 0.6454845449651075, 0.4576092750482764, 0,0, 0
0.3061265216523648, 0.0, 0.6918028539699955, 0.4781890562332666, 0,0, 0
0.10111088937670458, 0.0, 0.9116167084157132, 0.579046775498627, 0,0, 0
0.10111088937670458, 0.0, 0.9116167084157132, 0.5806635899015544, 0,0, 0
0.10111088937670458, 0.0, 0.9116167084157132, 0.5787995203113425, 0,0, 0
0.10111088937670458, 0.0, 0.9116167084157132, 0.5782905581683389, 0,0, 0
0.10111088937670458, 0.0, 0.9116167084157132, 0.5891375011661056, 0,0, 0
0.10111088937670458, 0.0, 0.9116167084157132, 0.5819355896141034, 0,0, 0
0.10111088937670458, 0.0, 0.9116167084157132, 0.5791917921720386, 0,0, 0
0.10111088937670458, 0.0, 0.9116167084157132, 0.5828770449432144, 0,0, 0
0.10111088937670458, 0.0, 0.9116167084157132, 0.5886121292199011, 0,0, 0
0.10111088937670458, 0.0, 0.9116167084157132, 0.5827891725909471, 0,0, 0
0.10111088937670458, 0.0, 0.9116167084157132, 0.580373751093317, 0,0, 0
0.10111088937670458, 0.0, 0.9116167084157132, 0.5798693458204836, 0,0, 0
0.10111088937670458, 0.0, 0.9116167084157132, 0.5861285652319821, 0,0, 0
0.10111088937670458, 0.0, 0.9116167084157132, 0.5817655909745547, 0,0, 0
0.10111088937670458, 0.0, 0.9116167084157132, 0.5799875586063648, 0,0, 0
0.10111088937670458, 0.0, 0.9116167084157132, 0.5784900153158639, 0,0, 0
0.10111088937670458, 0.0, 0.9116167084157132, 0.5803736140582514, 0,0, 0
0.10111088937670458, 0.0, 0.9116167084157132, 0.5768347109806726, 0,0, 0
0.10111088937670458, 0.0, 0.9116167084157132, 0.5804369101702357, 0,0, 0
0.10111088937670458, 0.0, 0.9116167084157132, 0.5808650504119156, 0,0, 0
0.10111088937670458, 0.0, 0.9116167084157132, 0.5776320633526756, 0,0, 0
0.10111088937670458, 0.0, 0.9116167084157132, 0.5803691217993925, 0,0, 0
0.10111088937670458, 0.0, 0.9116167084157132, 0.5887169212853294, 0,0, 0
0.10111088937670458, 0.0, 0.9116167084157132, 0.577583062430828, 0,0, 0
0.10111088937670458, 0.0, 0.9116167084157132, 0.5852940531517604, 0,0, 0
0.10111088937670458, 0.0, 0.9116167084157132, 0.5796193670903115, 0,0, 0
0.10111088937670458, 0.0, 0.9116167084157132, 0.5821993867380028, 0,0, 0
0.10111088937670458, 0.0, 0.9116167084157132, 0.5803021341088698, 0,0, 0
0.10111088937670458, 0.0, 0.9116167084157132, 0.5837606906411185, 0,0, 0
0.10111088937670458, 0.0, 0.9116167084157132, 0.5782753870320316, 0,0, 0
0.10111088937670458, 0.0, 0.9116167084157132, 0.5800812223786893, 0,0, 0
0.10111088937670458, 0.0, 0.9116167084157132, 0.579886549330347, 0,0, 0
0.10111088937670458, 0.0, 0.9116167084157132, 0.5799728420872823, 0,0, 0
0.10111088937670458, 0.0, 0.9116167084157132, 0.5844773772373124, 0,0, 0
0.10111088937670458, 0.0, 0.9116167084157132, 0.5805496433488583, 0,0, 0
0.10111088937670458, 0.0, 0.9116167084157132, 0.5780201089027556, 0,0, 0
0.10111088937670458, 0.0, 0.9116167084157132, 0.5782113617884161, 0,0, 0
0.10111088937670458, 0.0, 0.9116167084157132, 0.5816803544198594, 0,0, 0
0.10111088937670458, 0.0, 0.9116167084157132, 0.5820805744876929, 0,0, 0
0.10111088937670458, 0.0, 0.9116167084157132, 0.5810765173097875, 0,0, 0
0.10270737710370519, 0.0, 0.9125363849403043, 0.5386207859022939, 0,0, 0
0.2577662475886383, 0.0, 0.8082612290739103, 0.5263394929487348, 0,0, 0
0.3497638528570478, 0.0, 0.7175424143176374, 0.4689660585976845, 0,0, 0
0.611587840085146, 0.0, 0.5183828323887946, 0.3928540095264272, 0,0, 0
0.6792390075167963, 0.0, 0.4470681948720793, 0.3702270905312502, 0,0, 0
0.6875540477615911, 0.0, 0.45939798638635065, 0.3656940543538114, 0,0, 0
0.6994611853921373, 0.0, 0.4207579420973429, 0.34575493202625646, 0,0, 0
0.7531430852125325, 0.0, 0.35424093320183986, 0.31559245866570473, 0,0, 0
0.7570677842080755, 0.0, 0.3642919655028722, 0.31393453200225924, 0,0, 0
0.1776092596288166, 0.0, 0.7924577026728484, 0.5343251764809493, 0,0, 0
0.17621233286769108, 0.0, 0.8307617087202747, 0.5577963700148538, 0,0, 0
0.12718685558438103, 0.0, 0.8319344277896127, 0.5622879716753906, 0,0, 0
0.25118073571476085, 0.0, 0.7339321381187114, 0.5172422296695612, 0,0, 0
0.13836226967338522, 0.0, 0.8329027862755166, 0.5505457607957505, 0,0, 0
0.12472560367192177, 0.0, 0.8407874016601319, 0.5514138720178375, 0,0, 0
0.21532628217920574, 0.0, 0.7369019007641099, 0.5184095974902371, 0,0, 0
0.12472560367192177, 0.0, 0.8407874016601319, 0.5554586730858301, 0,0, 0
0.1937071775427393, 0.0, 0.7579809180165001, 0.5093608876244842, 0,0, 0
0.21432847734983038, 0.0, 0.7853383177252594, 0.5397396125266504, 0,0, 0
0.23029335461983635, 0.0, 0.7677427553479305, 0.5241483330291299, 0,0, 0
0.21585844475487262, 0.0, 0.7926346833586936, 0.5230255831365932, 0,0, 0
0.1863899421273199, 0.0, 0.7775839621711113, 0.5288465243608276, 0,0, 0
0.18918379564957094, 0.0, 0.7655721653480481, 0.5100519666220396, 0,0, 0
0.2334198097518792, 0.0, 0.7157228741922985, 0.5009759259547727, 0,0, 0
0.22670125723408502, 0.0, 0.7379405033542369, 0.4919232729094755, 0,0, 0
0.448014368389543, 0.0, 0.5401710917662301, 0.4000234685143135, 0,0, 0
0.37783542872347503, 0.0, 0.6008531377420909, 0.41377041933987546, 0,0, 0
0.48233885452005587, 0.0, 0.5786990406359964, 0.3562852220328056, 0,0, 0
0.44608527905275064, 0.0, 0.5464372104896996, 0.3888994622207606, 0,0, 0
0.4389010842812479, 0.0, 0.5852563857316939, 0.3793879173953307, 0,0, 0
0.3602740637264684, 0.0, 0.6176940550813729, 0.42165807496810764, 0,0, 0
0.415153329342114, 0.0, 0.5810167307450093, 0.41473707417283256, 0,0, 0
0.5088804629814409, 0.0, 0.5215588899479552, 0.380657433477913, 0,0, 0
0.44475487261358343, 0.0, 0.5948047286503053, 0.3882122881520346, 0,0, 0
0.5514534690347901, 0.0, 0.47708359642296544, 0.37582257004681596, 0,0, 0
0.4899886915452671, 0.0, 0.5503481993797177, 0.3867685946982157, 0,0, 0
0.46185059535688155, 0.0, 0.5724447485550705, 0.3971440918630396, 0,0, 0
0.4406971329741236, 0.0, 0.5915751679497113, 0.40535199327816845, 0,0, 0
0.3736446484400984, 0.0, 0.6356613132160153, 0.4084723879443573, 0,0, 0
0.41894498769374044, 0.0, 0.6078557335750506, 0.3989246643245216, 0,0, 0
0.42992084081686954, 0.0, 0.5848299083541941, 0.41782291467001564, 0,0, 0
0.6223641322424001, 0.0, 0.5325726895237906, 0.4165490595885805, 0,0, 0
0.6671323089203752, 0.0, 0.5063722098059159, 0.41418217250155, 0,0, 0
0.6778420807556709, 0.0, 0.49560027096044756, 0.3922558061461438, 0,0, 0
0.6860240803565489, 0.0, 0.4641185947419293, 0.37911110642881335, 0,0, 0
0.7353821592496508, 0.0, 0.42336378721229084, 0.3423925129834304, 0,0, 0
0.7119670059203087, 0.0, 0.4196733110218146, 0.3472619512303051, 0,0, 0
0.7128982904277257, 0.0, 0.4454586835440292, 0.36094660362519954, 0,0, 0
0.7080423069247656, 0.0, 0.45944465727093553, 0.3686277550890664, 0,0, 0
0.709239672720016, 0.0, 0.4395312373575157, 0.3752682847633509, 0,0, 0
0.7408368256502361, 0.0, 0.39031007839951465, 0.3307834245327034, 0,0, 0
0.7572008248519922, 0.0, 0.36029469615062987, 0.30110384716997485, 0,0, 0
0.7666467105700792, 0.0, 0.3347977666095825, 0.2930015332501912, 0,0, 0
0.766247588638329, 0.0, 0.34235729041910645, 0.29461831305416736, 0,0, 0
0.10669859642120667, 0.0, 0.8823412206120304, 0.571698191770106, 0,0, 0
0.42819131244595227, 0.0, 0.6198189198518693, 0.35381902449328023, 0,0, 0
0.771635734716956, 0.0, 0.3229932853664213, 0.29243570134718766, 0,0, 0
0.2322889642785871, 0.0, 0.8422221813577739, 0.555391177243679, 0,0, 0
0.7883988558504623, 0.0, 0.31205332583783607, 0.28085436942083386, 0,0, 0
0.7880662542406706, 0.0, 0.3171128496473599, 0.28353306866609534, 0,0, 0
0.7644515399454533, 0.0, 0.3876300263587866, 0.32262031788927553, 0,0, 0
0.129781148140757, 0.0, 0.8883563842925778, 0.5794368110974802, 0,0, 0
0.23302068782012905, 0.0, 0.7936988900465803, 0.5405282822362784, 0,0, 0
0.20907337191512007, 0.0, 0.831497909428318, 0.5534615865130142, 0,0, 0
0.1372979445220515, 0.0, 0.8485464775210523, 0.5693577992505481, 0,0, 0
0.13743098516596822, 0.0, 0.8477944709064401, 0.5569106513649715, 0,0, 0
0.3246191711567884, 0.0, 0.7133115099712098, 0.4836794543106663, 0,0, 0
0.2863699860307324, 0.0, 0.7022039847176132, 0.5008083215494439, 0,0, 0
0.5253775028271137, 0.0, 0.5763872088820424, 0.4135228378831441, 0,0, 0
0.7299940131710237, 0.0, 0.4216586288828018, 0.3268098220596223, 0,0, 0
0.7482205813876139, 0.0, 0.3817182424231708, 0.3220413646112452, 0,0, 0
0.7516796381294486, 0.0, 0.38961007285455934, 0.3122166676848696, 0,0, 0
0.08654293886782412, 0.0, 0.8924053932385317, 0.5804039009393605, 0,0, 0
0.1157453602075434, 0.0, 0.8672479601580051, 0.5581223622516799, 0,0, 0
0.10257433645978846, 0.0, 0.8887499746242016, 0.5779258679092615, 0,0, 0
0.09126588172686756, 0.0, 0.8769949289952101, 0.5641148652817113, 0,0, 0
0.7164238674915187, 0.0, 0.4210445190495646, 0.3316968525789887, 0,0, 0
0.18180003991219318, 0.0, 0.8112147085916379, 0.537033785292623, 0,0, 0
0.4343111820661212, 0.0, 0.6807424348221529, 0.4699096554305202, 0,0, 0
0.5960886050688485, 0.0, 0.5390488177726671, 0.3975574536846914, 0,0, 0
0.6981307789529702, 0.0, 0.4023025052147113, 0.33253747904143865, 0,0, 0
0.46417880662542405, 0.0, 0.6097102848821088, 0.42677421372810287, 0,0, 0
0.23874143550854787, 0.0, 0.8154875386716554, 0.5427050492148461, 0,0, 0
0.664671057007916, 0.0, 0.42269651758778254, 0.34675531293382506, 0,0, 0
0.7150269407303932, 0.0, 0.3679864181045626, 0.321924056214992, 0,0, 0
0.10111088937670458, 0.0, 0.9116167084157132, 0.5779269161404741, 0,0, 0
0.10111088937670458, 0.0, 0.9116167084157132, 0.5820808522551127, 0,0, 0
0.10111088937670458, 0.0, 0.9116167084157132, 0.5779927871438326, 0,0, 0
0.10111088937670458, 0.0, 0.9116167084157132, 0.5800060935109586, 0,0, 0
0.10111088937670458, 0.0, 0.9116167084157132, 0.5793135700658808, 0,0, 0
0.10111088937670458, 0.0, 0.9116167084157132, 0.5787660647314208, 0,0, 0
0.10111088937670458, 0.0, 0.9116167084157132, 0.5872749648603803, 0,0, 0
0.10111088937670458, 0.0, 0.9116167084157132, 0.5782442662551638, 0,0, 0
0.10111088937670458, 0.0, 0.9116167084157132, 0.5801967667174456, 0,0, 0
0.10111088937670458, 0.0, 0.9116167084157132, 0.5807676713376536, 0,0, 0
0.10111088937670458, 0.0, 0.9116167084157132, 0.5798561640216449, 0,0, 0
0.10111088937670458, 0.0, 0.9116167084157132, 0.5784336917473929, 0,0, 0
0.10111088937670458, 0.0, 0.9116167084157132, 0.5775979527343463, 0,0, 0
0.10111088937670458, 0.0, 0.9116167084157132, 0.5837524564646455, 0,0, 0
0.10111088937670458, 0.0, 0.9116167084157132, 0.5809682860915146, 0,0, 0
0.10111088937670458, 0.0, 0.9116167084157132, 0.5794160824105715, 0,0, 0
0.10237477549391338, 0.0, 0.8910848565938264, 0.5066363401393773, 0,0, 0
0.21419543670591365, 0.0, 0.8107401175881543, 0.5370976688465572, 0,0, 0
0.28889775826515, 0.0, 0.7950693555325402, 0.5125190067531442, 0,0, 0
0.5824519390673851, 0.0, 0.5046859788166944, 0.39356388934199815, 0,0, 0
0.7278653628683562, 0.0, 0.4659041459553632, 0.36335873257664775, 0,0, 0
0.18352956828311048, 0.0, 0.8552612402337634, 0.5644074095205085, 0,0, 0
0.23235548460054548, 0.0, 0.797801224919479, 0.5466122208809363, 0,0, 0
0.2529102640856782, 0.0, 0.7977250631685807, 0.5413806124108818, 0,0, 0
0.2229095988824586, 0.0, 0.7953047275081621, 0.5382711530651749, 0,0, 0
0.2101376970664538, 0.0, 0.799014680543777, 0.5437360935919354, 0,0, 0
0.21086942060799574, 0.0, 0.7951980633709956, 0.5375461776180583, 0,0, 0
0.2769906206346039, 0.0, 0.7779693686756832, 0.5284418028106768, 0,0, 0
0.2807822789862303, 0.0, 0.7732442306832589, 0.5224546999456856, 0,0, 0
0.2940198230559436, 0.0, 0.7706344745811446, 0.5223047475304589, 0,0, 0
0.38162708707510146, 0.0, 0.6978854249015239, 0.48745706135388867, 0,0, 0
0.36772433978580454, 0.0, 0.7005787286242285, 0.48405442045861435, 0,0, 0
0.3677908601077629, 0.0, 0.7058434602835575, 0.4992465567287313, 0,0, 0
0.4228696866892836, 0.0, 0.686899249802513, 0.47405604962424164, 0,0, 0
0.43517594625157985, 0.0, 0.6873830398966634, 0.46239028016059947, 0,0, 0
0.5020953901416882, 0.0, 0.6073351743475973, 0.43299922061780927, 0,0, 0
0.4763520255438036, 0.0, 0.6066732748302259, 0.42440531778375956, 0,0, 0
0.46085279052750616, 0.0, 0.6177372208228548, 0.4356994650857326, 0,0, 0
0.5363533559502428, 0.0, 0.6322030387073801, 0.4195530997153177, 0,0, 0
0.5291026408567817, 0.0, 0.6406820541261041, 0.42252349633836045, 0,0, 0
0.6425197897957826, 0.0, 0.5134799437536217, 0.3739967635275731, 0,0, 0
0.551253908068915, 0.0, 0.5976555450895676, 0.3946788608973192, 0,0, 0
0.495177276658019, 0.0, 0.615540063801787, 0.42078999449624616, 0,0, 0
0.46836958690880065, 0.0, 0.6345338713072446, 0.4103383332561846, 0,0, 0
0.6144482139293554, 0.0, 0.5356906582866195, 0.39002873461532156, 0,0, 0
0.6905474622497173, 0.0, 0.49493961878476644, 0.3641185204304147, 0,0, 0
0.2863699860307324, 0.0, 0.7477274416127848, 0.5045512062846833, 0,0, 0
0.6645380163639992, 0.0, 0.4374479365189599, 0.3554616486929835, 0,0, 0
0.23774363067917248, 0.0, 0.7079043599389387, 0.49087669870768574, 0,0, 0
0.230226834297878, 0.0, 0.7029923327414034, 0.4852829715365393, 0,0, 0
0.20894033127120334, 0.0, 0.7379894096061098, 0.49260827654122535, 0,0, 0
0.20827512805161977, 0.0, 0.7259652589097264, 0.4903150820111143, 0,0, 0
0.29614847335861105, 0.0, 0.68769546228077, 0.4799328724407567, 0,0, 0
0.3545533160380496, 0.0, 0.6720651641120441, 0.47171385583405107, 0,0, 0
0.3381893168362935, 0.0, 0.6701554022320493, 0.4595380761548771, 0,0, 0
0.3434444222710038, 0.0, 0.6911758829553574, 0.4741063480506672, 0,0, 0
0.4420940597352491, 0.0, 0.5722545586023949, 0.4269412634865147, 0,0, 0
0.37138295749351424, 0.0, 0.6501171287602284, 0.43520770604761766, 0,0, 0
0.38049624160180934, 0.0, 0.6387605642104486, 0.4304965092095875, 0,0, 0
0.3393866826315439, 0.0, 0.6658918645457759, 0.4358605801883235, 0,0, 0
0.3720481607130979, 0.0, 0.6506674380761656, 0.429173994811374, 0,0, 0
0.4467504822723342, 0.0, 0.5825775748697559, 0.4026638200088162, 0,0, 0
0.43663939333466373, 0.0, 0.5825704358795294, 0.4107110573057743, 0,0, 0
0.38515266413889443, 0.0, 0.60257849306926, 0.4083458396351538, 0,0, 0
0.3566154460187587, 0.0, 0.6375810074623453, 0.41734797770349397, 0,0, 0
0.339586243597419, 0.0, 0.6523556254637259, 0.43329743123660625, 0,0, 0
0.40191578527240074, 0.0, 0.600618521086098, 0.4318989678561808, 0,0, 0
0.47182864365063526, 0.0, 0.5402475868016241, 0.40430843925785753, 0,0, 0
0.494245992150602, 0.0, 0.5253007726496974, 0.40534905648239666, 0,0, 0
0.6104569946118539, 0.0, 0.4879349976096752, 0.3714378112626286, 0,0, 0
0.3792988758065589, 0.0, 0.6722683560938911, 0.46551213514763534, 0,0, 0
0.4867291957693075, 0.0, 0.5601121178061728, 0.40801549122809283, 0,0, 0
0.4472161245260427, 0.0, 0.5600687350895505, 0.4122491731121562, 0,0, 0
0.49677376438501963, 0.0, 0.553673491144006, 0.41118652112855997, 0,0, 0
0.6038714827379764, 0.0, 0.5096006406385447, 0.37998433358834227, 0,0, 0
0.6067318565821859, 0.0, 0.5084792247300265, 0.3653668583163042, 0,0, 0
0.6338056276192376, 0.0, 0.5173062532587047, 0.35958655892243185, 0,0, 0
0.5743364597884654, 0.0, 0.5184793380338154, 0.3966438712916924, 0,0, 0
0.6326747821459456, 0.0, 0.4765922947875066, 0.36738825460796454, 0,0, 0
0.7401716224306526, 0.0, 0.39545608397604676, 0.31911534379196516, 0,0, 0
0.7554047761591166, 0.0, 0.3682616190515886, 0.3191724749087458, 0,0, 0
0.7585977516131178, 0.0, 0.36511573552741255, 0.3123741631840485, 0,0, 0
0.7685757999068715, 0.0, 0.3546310973585638, 0.3089564703275744, 0,0, 0
0.7713031331071643, 0.0, 0.35212440250303173, 0.2989799147025889, 0,0, 0
0.7720348566487062, 0.0, 0.3367434501220793, 0.30076120185602495, 0,0, 0
0.7795516530300006, 0.0, 0.32226229350992097, 0.29377076198105206, 0,0, 0
0.7814142220448347, 0.0, 0.324787429430563, 0.2831365201584656, 0,0, 0
0.7849397991086277, 0.0, 0.3089585375240071, 0.2825341231298633, 0,0, 0
0.7860706445819198, 0.0, 0.30358544384208996, 0.2806663268951425, 0,0, 0
0.7881327745626289, 0.0, 0.29631448158022855, 0.27791578437477044, 0,0, 0
0.788531896494379, 0.0, 0.3065885157221872, 0.2795144956436447, 0,0, 0
0.7881327745626289, 0.0, 0.31517184905552054, 0.2837528196843457, 0,0, 0
0.7834098317035855, 0.0, 0.3113719045494162, 0.28198662056320156, 0,0, 0
0.7832767910596687, 0.0, 0.31803857121608287, 0.28218768106391695, 0,0, 0
0.7882658152065456, 0.0, 0.3068025768183238, 0.2764537076605691, 0,0, 0
0.788531896494379, 0.0, 0.29555257681832375, 0.2801662354455265, 0,0, 0
0.7834763520255438, 0.0, 0.30684692415582054, 0.28273501411391466, 0,0, 0
0.7872680103771702, 0.0, 0.29994596336445656, 0.27550954398499505, 0,0, 0
0.7871349697332535, 0.0, 0.3066126300311232, 0.2783374149977899, 0,0, 0
0.7883323355285039, 0.0, 0.3038449883807382, 0.2741774688585196, 0,0, 0
0.7895962216457127, 0.0, 0.29645279406334724, 0.28240323543935253, 0,0, 0
0.7921905142020887, 0.0, 0.2899464006908432, 0.2778710989364505, 0,0, 0
0.7882658152065456, 0.0, 0.2913254193033644, 0.27849689071558736, 0,0, 0
0.7883323355285039, 0.0, 0.2912621281641239, 0.2733010672046964, 0,0, 0
0.792257034524047, 0.0, 0.28988310955160274, 0.27363157465012283, 0,0, 0
0.7921905142020887, 0.0, 0.2932164428849361, 0.2711099552909492, 0,0, 0
0.7965808554513404, 0.0, 0.2907899722967008, 0.270115064608577, 0,0, 0
0.7954500099780483, 0.0, 0.2882745661342358, 0.2819628462774354, 0,0, 0
0.7956495709439234, 0.0, 0.2945735857420789, 0.2746973648989228, 0,0, 0
0.7927226767777557, 0.0, 0.3040104968701665, 0.28132064002378937, 0,0, 0
0.7931217987095057, 0.0, 0.28401049687016655, 0.27903835575840097, 0,0, 0
0.7932548393534224, 0.0, 0.2890106121714042, 0.2717478452416599, 0,0, 0
0.7939865628949644, 0.0, 0.29985923636596484, 0.27821700248256653, 0,0, 0
0.7932548393534224, 0.0, 0.2946984223539608, 0.27269676804264725, 0,0, 0
0.7933213596753809, 0.0, 0.28969842235396087, 0.2787888553053622, 0,0, 0
0.7729661411561232, 0.0, 0.2936665414622669, 0.27640216198579387, 0,0, 0
0.7937204816071309, 0.0, 0.29751275616829465, 0.27504196078352566, 0,0, 0
0.09266280848799308, 0.0, 0.9117313942827934, 0.27935989587645227, 0,0, 0
0.23288764717621233, 0.0, 0.763855751272486, 0.47147695405831364, 0,0, 0
0.3327346504357081, 0.0, 0.7233734499759382, 0.46293674706152466, 0,0, 0
0.6168429455198563, 0.0, 0.4706660535810563, 0.37147116896317717, 0,0, 0
0.48333665934943126, 0.0, 0.6746059019576175, 0.47457310009109194, 0,0, 0
0.6805028936340052, 0.0, 0.4825039150856558, 0.37771489452462226, 0,0, 0
0.7109692010909333, 0.0, 0.43106610917893695, 0.35213271692578507, 0,0, 0
0.7445619636799042, 0.0, 0.38643569063654304, 0.3310156486421751, 0,0, 0
0.750083150402448, 0.0, 0.41098878261728555, 0.33035823022050254, 0,0, 0
0.7530100445686158, 0.0, 0.3865008555645811, 0.32159370626386546, 0,0, 0
0.17594625157985766, 0.0, 0.80210153854228, 0.5163810328480742, 0,0, 0
0.7299274928490654, 0.0, 0.4042492602218802, 0.3298467313254011, 0,0, 0
0.11714228696866893, 0.0, 0.8693111347949889, 0.5619604916881541, 0,0, 0
0.19783143750415752, 0.0, 0.7840969052635249, 0.5158770494434978, 0,0, 0
0.16277522783210271, 0.0, 0.8298214031429734, 0.5236750731772686, 0,0, 0
0.32288964278587107, 0.0, 0.7236234756090265, 0.49233055539900533, 0,0, 0
0.23641322424000533, 0.0, 0.7665260195085868, 0.4976550043504569, 0,0, 0
0.27605933612718686, 0.0, 0.7249753010965891, 0.48493839932335475, 0,0, 0
0.3032661478081554, 0.0, 0.7049789716230809, 0.4636487303875391, 0,0, 0
0.24067052484534024, 0.0, 0.735031170400146, 0.4821247838807436, 0,0, 0
0.24925164637796848, 0.0, 0.7281893892004625, 0.48381349263233686, 0,0, 0
0.25903013370584715, 0.0, 0.7239801681959661, 0.4809822013972881, 0,0, 0
0.3442426661345041, 0.0, 0.6445413700543754, 0.4578470886265935, 0,0, 0
0.4443557506818333, 0.0, 0.5701511381113487, 0.4181131397056579, 0,0, 0
0.4192110689815739, 0.0, 0.6025842651994558, 0.4186567528010461, 0,0, 0
0.4271269872946185, 0.0, 0.6020451369054779, 0.43122796515634465, 0,0, 0
0.36952038847868024, 0.0, 0.648233391063781, 0.4560494782609467, 0,0, 0
0.2772567019224373, 0.0, 0.7081868383474301, 0.46414561707787305, 0,0, 0
0.2881660347236081, 0.0, 0.6952179569752275, 0.47065521343553823, 0,0, 0
0.24685691478746757, 0.0, 0.7377840283889224, 0.401087686069432, 0,0, 0
0.2667464910530167, 0.0, 0.7112818744412395, 0.46779466162090344, 0,0, 0
0.22723341980975187, 0.0, 0.747309474016991, 0.49033080650882205, 0,0, 0
0.2587640524180137, 0.0, 0.7124472336682007, 0.46581698580655095, 0,0, 0
0.23042639526375308, 0.0, 0.7489143602833687, 0.4965451953697499, 0,0, 0
0.22364132242400053, 0.0, 0.7525039133856336, 0.4940304414341758, 0,0, 0
0.2440630612652165, 0.0, 0.7187280843207802, 0.4645451659402052, 0,0, 0
0.23701190713763054, 0.0, 0.7302807376683836, 0.487891868113587, 0,0, 0
0.27705714095656225, 0.0, 0.6993511828521096, 0.45525634375612667, 0,0, 0
0.2559036785738043, 0.0, 0.7094853909805835, 0.4607857805679678, 0,0, 0
0.2628217920574736, 0.0, 0.6881695952514246, 0.45601009880040555, 0,0, 0
0.5823854187454267, 0.0, 0.4402341295444242, 0.3566507610906395, 0,0, 0
0.38768043637331207, 0.0, 0.556958536108619, 0.4161548799081372, 0,0, 0
0.3465043570810883, 0.0, 0.6707569155576012, 0.44942212636255136, 0,0, 0
0.365396128517262, 0.0, 0.6342612963324734, 0.44655182585868536, 0,0, 0
0.265682165901683, 0.0, 0.7196202732400616, 0.4615500123315695, 0,0, 0
0.24991684959755206, 0.0, 0.7258187521780805, 0.4570532779878942, 0,0, 0
0.2398057606598816, 0.0, 0.7565122565521233, 0.478863671071743, 0,0, 0
0.2906272866360673, 0.0, 0.7194027302787158, 0.4553423640013455, 0,0, 0
0.40717089070711104, 0.0, 0.6000473583839607, 0.4215563090220438, 0,0, 0
0.3643318033659283, 0.0, 0.6383235207952507, 0.4224199723507791, 0,0, 0
0.4248652963480343, 0.0, 0.6228052290105986, 0.40960927673002717, 0,0, 0
0.5958890441029735, 0.0, 0.45202795253706785, 0.3542381994883687, 0,0, 0
0.5358877136965343, 0.0, 0.5103981745751023, 0.38891864193363707, 0,0, 0
0.6165103439100645, 0.0, 0.47602707320981913, 0.36153421156343696, 0,0, 0
0.6443823588106167, 0.0, 0.4616184088945382, 0.3540369584727404, 0,0, 0
0.5295682831104902, 0.0, 0.5344609539404233, 0.3923813131039555, 0,0, 0
0.6213663274130247, 0.0, 0.4777829491773939, 0.35422244262762637, 0,0, 0
0.5736047362469234, 0.0, 0.5326507590396499, 0.37597225511514915, 0,0, 0
0.5241801370318633, 0.0, 0.5364099692483422, 0.3769865869067314, 0,0, 0
0.6054014501430187, 0.0, 0.4794847282073818, 0.3417041909261218, 0,0, 0
0.6455797246058671, 0.0, 0.4344171388430713, 0.34433454360354543, 0,0, 0
0.641122863034657, 0.0, 0.4393331083915132, 0.35338783066192725, 0,0, 0
0.6044701656356016, 0.0, 0.507382198437161, 0.3726204308076973, 0,0, 0
0.6417215459322824, 0.0, 0.44216995718310786, 0.3456817637726683, 0,0, 0
0.6654027805494579, 0.0, 0.4579083955230942, 0.3480006546714739, 0,0, 0
0.5827845406771769, 0.0, 0.5162890210167269, 0.36706737544903445, 0,0, 0
0.5603671921772101, 0.0, 0.5305408691883814, 0.3788743051885848, 0,0, 0
0.5754007849397991, 0.0, 0.5355183584324283, 0.39939989008216026, 0,0, 0
0.10762988092862369, 0.0, 0.8644100044086015, 0.5732327098416731, 0,0, 0
0.656888179338788, 0.0, 0.4733584393987828, 0.3696359574197128, 0,0, 0
0.25623628018359607, 0.0, 0.7617308895375661, 0.5090095450090363, 0,0, 0
0.6114547994412293, 0.0, 0.504697978849428, 0.37757782983525057, 0,0, 0
0.3070578061597818, 0.0, 0.7096900320645005, 0.47315268494778046, 0,0, 0
0.36073970598017696, 0.0, 0.6830255133977965, 0.4356421409374773, 0,0, 0
0.6536952038847869, 0.0, 0.48157781802757055, 0.3869253012281634, 0,0, 0
0.6895496574203419, 0.0, 0.4206029509987833, 0.3506937250995201, 0,0, 0
0.7312578992882326, 0.0, 0.38998039816034935, 0.34380845519339087, 0,0, 0
0.14514734251313777, 0.0, 0.8357975727618652, 0.5518988505921327, 0,0, 0
0.17887314574602542, 0.0, 0.8148396335813822, 0.5524967408775135, 0,0, 0
0.7115013636666001, 0.0, 0.38022294811678053, 0.3273455979808546, 0,0, 0
0.7481540610656555, 0.0, 0.372810310157712, 0.3147461803242964, 0,0, 0
0.1642386749151866, 0.0, 0.8320856633662297, 0.5502468977733804, 0,0, 0
0.15326282179205747, 0.0, 0.8472520458931387, 0.5503975635110155, 0,0, 0
0.14388345639592895, 0.0, 0.8442011170579673, 0.5656854544636913, 0,0, 0
0.2954167498170691, 0.0, 0.7273591448279956, 0.5172954700850307, 0,0, 0
0.27413024679039444, 0.0, 0.7353018305638085, 0.5230043826542948, 0,0, 0
0.24572606931417548, 0.0, 0.7592390275661113, 0.5415502960200176, 0,0, 0
0.16317434976385287, 0.0, 0.8197807103264901, 0.5550002320012666, 0,0, 0
0.21871881859908202, 0.0, 0.7612302950567345, 0.5168140375646149, 0,0, 0
0.39579591565223177, 0.0, 0.6303001295759809, 0.4255344691682714, 0,0, 0
0.6707244063061265, 0.0, 0.436635867809421, 0.3434001069294707, 0,0, 0
0.7215459322823122, 0.0, 0.3814385806047806, 0.31970286665603115, 0,0, 0
0.7460919310849464, 0.0, 0.3566673397973952, 0.3130966706966769, 0,0, 0
0.7459588904410297, 0.0, 0.3616673397973952, 0.3096091815634251, 0,0, 0
0.7499501097585313, 0.0, 0.365871119164096, 0.3172970620428459, 0,0, 0
0.7496175081487394, 0.0, 0.37408540487838166, 0.314530821531771, 0,0, 0
0.27878666932747953, 0.0, 0.7856725100998375, 0.5263463134365427, 0,0, 0
0.2774562628883124, 0.0, 0.8079876416889021, 0.5342234305270099, 0,0, 0
0.29854320494911196, 0.0, 0.7682562250606516, 0.5092551401735901, 0,0, 0
0.2399388013037983, 0.0, 0.7898680659992887, 0.4536648996718926, 0,0, 0
0.7080423069247656, 0.0, 0.3712216724073663, 0.3121579212949693, 0,0, 0
0.08980243464378368, 0.0, 0.9262902723314801, 0.43208015182032544, 0,0, 0
0.2326215658883789, 0.0, 0.7603349602016888, 0.3286849401171122, 0,0, 0
0.23508281780083815, 0.0, 0.838330085137667, 0.5328174726351892, 0,0, 0
0.6021419543670591, 0.0, 0.5012595538044234, 0.3779248649660898, 0,0, 0
0.7486197033193641, 0.0, 0.434445305763227, 0.3422262920283453, 0,0, 0
0.7478214594558638, 0.0, 0.43335447120800114, 0.34422560685542886, 0,0, 0
0.7446284840018625, 0.0, 0.37461070272013225, 0.33378829787284175, 0,0, 0
0.7537417681101577, 0.0, 0.37248889592313866, 0.3261511916493256, 0,0, 0
0.7605268409499102, 0.0, 0.3820531942451242, 0.3216488416441711, 0,0, 0
0.7695070844142886, 0.0, 0.378750315011467, 0.31929453803341146, 0,0, 0
0.17514800771635736, 0.0, 0.8340456125093357, 0.5675791295951508, 0,0, 0
0.7801503359276258, 0.0, 0.38424688005193713, 0.31198619040698816, 0,0, 0
0.23887447615246457, 0.0, 0.8054556319387096, 0.5368100261952603, 0,0, 0
0.3677908601077629, 0.0, 0.6746236146753624, 0.4793702362886382, 0,0, 0
0.3764385019623495, 0.0, 0.6785963558436485, 0.4683746078370083, 0,0, 0
0.29122596953369256, 0.0, 0.7685923392413221, 0.49056599921798383, 0,0, 0
0.2652830439699328, 0.0, 0.7883963203728637, 0.49149908979132656, 0,0, 0
0.30732388744761524, 0.0, 0.7549892778802945, 0.48581006737555543, 0,0, 0
0.3240204882591632, 0.0, 0.730541177505655, 0.4843654895567303, 0,0, 0
0.29568283110490257, 0.0, 0.7901393147709085, 0.49841881674797134, 0,0, 0
0.352025543803632, 0.0, 0.7216935932019278, 0.47813074169509223, 0,0, 0
0.32042839087341185, 0.0, 0.7535562209742355, 0.4923139517315579, 0,0, 0
0.2958823920707776, 0.0, 0.760477857586792, 0.49003333173521946, 0,0, 0
0.2455265083483004, 0.0, 0.7850945631249266, 0.5074617247128732, 0,0, 0
0.27526109226368656, 0.0, 0.7738564276895532, 0.4867192474917021, 0,0, 0
0.3975254440231491, 0.0, 0.6122797762632279, 0.4481750585194919, 0,0, 0
0.4069048094192776, 0.0, 0.6406500599612177, 0.45826632854137067, 0,0, 0
0.3914720947249385, 0.0, 0.6656864164532773, 0.47652556679780195, 0,0, 0
0.3441096254905874, 0.0, 0.7198592618498182, 0.4877148994379603, 0,0, 0
0.3233552850395796, 0.0, 0.7445706532241754, 0.48904284436986734, 0,0, 0
0.4281247921239939, 0.0, 0.6405869643471885, 0.4533347891470841, 0,0, 0
0.7335861105567751, 0.0, 0.36152587080601606, 0.3092239520979033, 0,0, 0
0.730592696068649, 0.0, 0.358214598744744, 0.30522566615420177, 0,0, 0
0.735249118605734, 0.0, 0.35428201447508106, 0.3086351222839068, 0,0, 0
0.7353156389276924, 0.0, 0.36064565083871747, 0.30584453624835195, 0,0, 0
0.738774695669527, 0.0, 0.3448828621543796, 0.30780516164179267, 0,0, 0
0.769773165702122, 0.0, 0.3896742256774187, 0.3152087166453447, 0,0, 0
0.19317501496707243, 0.0, 0.7764889247851963, 0.49406031994243726, 0,0, 0
0.24020488259163175, 0.0, 0.7349505155625076, 0.48662106530744564, 0,0, 0
0.17661145479944124, 0.0, 0.78709394985313, 0.5116500185022073, 0,0, 0
0.22763254174150202, 0.0, 0.7522309798718174, 0.46334058852414617, 0,0, 0
0.2761258564491452, 0.0, 0.7278846573327165, 0.4598488739003942, 0,0, 0
0.4282578327679106, 0.0, 0.6404701202645243, 0.43777466614994454, 0,0, 0
0.39885585046231625, 0.0, 0.6881113581416196, 0.43652574615614415, 0,0, 0
0.43278121466107894, 0.0, 0.6390995853313263, 0.4246890051451297, 0,0, 0
0.4022483868821925, 0.0, 0.6567201215119662, 0.4302574820961236, 0,0, 0
0.49577595955564424, 0.0, 0.572610265291999, 0.40984580678751587, 0,0, 0
0.45539812412692077, 0.0, 0.6407160523717037, 0.41910169720940926, 0,0, 0
0.4623827579325484, 0.0, 0.6224424322556377, 0.4141683229645121, 0,0, 0
0.4607862702055478, 0.0, 0.5891362457814543, 0.3866836719948549, 0,0, 0
0.439100645247123, 0.0, 0.6041328126711779, 0.3951179021433452, 0,0, 0
0.47329209073371914, 0.0, 0.5917126146704549, 0.4117717200076878, 0,0, 0
0.4500764983702521, 0.0, 0.6234441267731436, 0.42254692313661296, 0,0, 0
0.6037384420940597, 0.0, 0.5172941869743767, 0.38356829079350446, 0,0, 0
0.5259096654027805, 0.0, 0.5997501356513143, 0.39912807291246366, 0,0, 0
0.5011641056342713, 0.0, 0.598852312454692, 0.42796941634894237, 0,0, 0
0.5541808022350828, 0.0, 0.5524437399656982, 0.4110407142181745, 0,0, 0
0.46836958690880065, 0.0, 0.6302101847299008, 0.41928082810408623, 0,0, 0
0.5701456795050888, 0.0, 0.48709533565488444, 0.3819461750585311, 0,0, 0
0.6267544734916517, 0.0, 0.45461145162003935, 0.3690240019442473, 0,0, 0
0.6874210071176744, 0.0, 0.4386513847191331, 0.36045616781887946, 0,0, 0
0.6946717222111355, 0.0, 0.4266732730172194, 0.35750304506438113, 0,0, 0
0.7532096055344908, 0.0, 0.3778914077977277, 0.3267058135513901, 0,0, 0
0.7633872147941196, 0.0, 0.38027135130055245, 0.3196573875976447, 0,0, 0
0.7705714095656223, 0.0, 0.3588920367087681, 0.3112342241604439, 0,0, 0
0.7743630679172487, 0.0, 0.35060122536956967, 0.3053224095858084, 0,0, 0
0.7745626288831238, 0.0, 0.3409537209132416, 0.30011601041838454, 0,0, 0
0.7810151001130845, 0.0, 0.32952321873659635, 0.28777804502889415, 0,0, 0
0.7827446284840018, 0.0, 0.3405588497722274, 0.2974885628803798, 0,0, 0
0.7671788731457461, 0.0, 0.34976246968172975, 0.29781405451002574, 0,0, 0
0.7600611986962017, 0.0, 0.33977889078440326, 0.3029758732315572, 0,0, 0
0.7834098317035855, 0.0, 0.33239389702786454, 0.2993439998788875, 0,0, 0
0.7846737178207942, 0.0, 0.33400894127565217, 0.2921869169967707, 0,0, 0
0.7830772300937937, 0.0, 0.3387034208373884, 0.2933195757054417, 0,0, 0
0.7830107097718353, 0.0, 0.34287008750405507, 0.29823922136513387, 0,0, 0
0.7802833765715426, 0.0, 0.3440439552812544, 0.3024320236300285, 0,0, 0
0.7850728397525444, 0.0, 0.33030796088349523, 0.30192483082144295, 0,0, 0
0.7846737178207942, 0.0, 0.34161748469301906, 0.3018323353936825, 0,0, 0
0.7487527439632807, 0.0, 0.34861075320461227, 0.30411760601187166, 0,0, 0
0.7466906139825716, 0.0, 0.34780387489773396, 0.3092808399615648, 0,0, 0
0.7468236546264884, 0.0, 0.34113720823106725, 0.3037769710951569, 0,0, 0
0.7418346304796115, 0.0, 0.3591888869445107, 0.30405800983471676, 0,0, 0
0.7762256369320828, 0.0, 0.348765385874778, 0.2979664027205939, 0,0, 0
0.7925231158118805, 0.0, 0.30825186889067285, 0.2853018223384964, 0,0, 0
0.7787534091665004, 0.0, 0.33383173617785716, 0.2965169653685742, 0,0, 0
0.7791525310982506, 0.0, 0.32769343820132385, 0.29565545280416944, 0,0, 0
0.7800172952837092, 0.0, 0.3148722342480445, 0.29853068274950073, 0,0, 0
0.7810151001130845, 0.0, 0.31690475457324774, 0.29647918513084304, 0,0, 0
0.7810816204350429, 0.0, 0.31357142123991444, 0.2975657317601073, 0,0, 0
0.7768908401516663, 0.0, 0.3203351648709147, 0.29852773316795506, 0,0, 0
0.7812146610789596, 0.0, 0.322075360949346, 0.28738848410971074, 0,0, 0
0.7837424333133772, 0.0, 0.3163394302134154, 0.2965141187784269, 0,0, 0
0.752877003924699, 0.0, 0.3162634346557444, 0.29925224213626406, 0,0, 0
0.7527439632807823, 0.0, 0.32293010132241107, 0.2966247803480622, 0,0, 0
0.7527439632807823, 0.0, 0.32293010132241107, 0.2985599964485009, 0,0, 0
0.7570012638861172, 0.0, 0.31895160669875516, 0.29849816719622885, 0,0, 0
0.7907935874409632, 0.0, 0.3098154810443049, 0.2837685407066719, 0,0, 0
0.7907270671190049, 0.0, 0.3123154810443049, 0.29024656998866216, 0,0, 0
0.7754939133905409, 0.0, 0.31418576762047384, 0.293734631617725, 0,0, 0
0.7897292622896295, 0.0, 0.3071664560280232, 0.29034812685999595, 0,0, 0
0.792988758065589, 0.0, 0.3078116173183458, 0.2907051420940497, 0,0, 0
