acuracia,loss,frr,fpr, removed, n_clf, tp_removed
0.09825051553249518, 0.0, 0.8944041643372586, 0.40467750686587217, 0,0, 0
0.09991352358145414, 0.0, 0.9273376082964652, 0.5903021367674232, 0,0, 0
0.09878267810816205, 0.0, 0.9000015148416551, 0.5829859948380453, 0,0, 0
0.09878267810816205, 0.0, 0.9000015148416551, 0.5790616546244044, 0,0, 0
0.09878267810816205, 0.0, 0.9000015148416551, 0.5803096990103931, 0,0, 0
0.09878267810816205, 0.0, 0.9000015148416551, 0.5818503041844845, 0,0, 0
0.09878267810816205, 0.0, 0.9000015148416551, 0.5792463241260415, 0,0, 0
0.09878267810816205, 0.0, 0.9000015148416551, 0.5814418371712777, 0,0, 0
0.09878267810816205, 0.0, 0.9000015148416551, 0.5798057587521873, 0,0, 0
0.09878267810816205, 0.0, 0.9000015148416551, 0.5803398993843945, 0,0, 0
0.09878267810816205, 0.0, 0.9000015148416551, 0.5795754055339354, 0,0, 0
0.09878267810816205, 0.0, 0.9000015148416551, 0.5804434183844328, 0,0, 0
0.09878267810816205, 0.0, 0.9000015148416551, 0.5795308613554957, 0,0, 0
0.09878267810816205, 0.0, 0.9000015148416551, 0.5780602990522299, 0,0, 0
0.09878267810816205, 0.0, 0.9000015148416551, 0.5818003569653278, 0,0, 0
0.09878267810816205, 0.0, 0.9000015148416551, 0.5809984572452336, 0,0, 0
0.09878267810816205, 0.0, 0.9000015148416551, 0.5790991341742723, 0,0, 0
0.09878267810816205, 0.0, 0.9000015148416551, 0.5789030838030429, 0,0, 0
0.09878267810816205, 0.0, 0.9000015148416551, 0.5832298923812999, 0,0, 0
0.09878267810816205, 0.0, 0.9000015148416551, 0.5817392656671259, 0,0, 0
0.09878267810816205, 0.0, 0.9000015148416551, 0.581217013254625, 0,0, 0
0.09878267810816205, 0.0, 0.9000015148416551, 0.5836387420594247, 0,0, 0
0.09878267810816205, 0.0, 0.9000015148416551, 0.5799209840507633, 0,0, 0
0.09878267810816205, 0.0, 0.9000015148416551, 0.5800687014692172, 0,0, 0
0.09878267810816205, 0.0, 0.9000015148416551, 0.578397523815929, 0,0, 0
0.09878267810816205, 0.0, 0.9000015148416551, 0.579943469960971, 0,0, 0
0.09878267810816205, 0.0, 0.9000015148416551, 0.5795576555217026, 0,0, 0
0.09878267810816205, 0.0, 0.9000015148416551, 0.5823663686002167, 0,0, 0
0.09878267810816205, 0.0, 0.9000015148416551, 0.5817281556528558, 0,0, 0
0.09878267810816205, 0.0, 0.9000015148416551, 0.5834927049452907, 0,0, 0
0.09878267810816205, 0.0, 0.9000015148416551, 0.5787909545228873, 0,0, 0
0.09878267810816205, 0.0, 0.9000015148416551, 0.5774232761207988, 0,0, 0
0.09878267810816205, 0.0, 0.9000015148416551, 0.5825876963375857, 0,0, 0
0.09904875939599547, 0.0, 0.8938837418790088, 0.5728073618366407, 0,0, 0
0.10017960486928756, 0.0, 0.8835487229879121, 0.5736816021976803, 0,0, 0
0.10024612519124593, 0.0, 0.88033626681359, 0.5634377156322139, 0,0, 0
0.10024612519124593, 0.0, 0.88033626681359, 0.5570960963340174, 0,0, 0
0.10024612519124593, 0.0, 0.88033626681359, 0.5592035570860665, 0,0, 0
0.10111088937670458, 0.0, 0.9116167084157132, 0.5830868271397992, 0,0, 0
0.10111088937670458, 0.0, 0.9116167084157132, 0.5798668588214658, 0,0, 0
0.09958092197166234, 0.0, 0.8933638062721464, 0.5778764809096288, 0,0, 0
0.0996474422936207, 0.0, 0.9424463317291131, 0.5857953518315271, 0,0, 0
0.09991352358145414, 0.0, 0.9273376082964652, 0.589353022115359, 0,0, 0
0.10111088937670458, 0.0, 0.9116167084157132, 0.5835964681843941, 0,0, 0
0.10024612519124593, 0.0, 0.88033626681359, 0.5613244550336406, 0,0, 0
0.09958092197166234, 0.0, 0.8933638062721464, 0.5783854102513828, 0,0, 0
0.09991352358145414, 0.0, 0.9273376082964652, 0.5907194060661203, 0,0, 0
0.09904875939599547, 0.0, 0.8938837418790088, 0.5773311679852844, 0,0, 0
0.09958092197166234, 0.0, 0.8933638062721464, 0.5793052471885278, 0,0, 0
0.09904875939599547, 0.0, 0.8938837418790088, 0.5780167631503123, 0,0, 0
0.09958092197166234, 0.0, 0.8933638062721464, 0.577036436272083, 0,0, 0
0.09958092197166234, 0.0, 0.8933638062721464, 0.5763445195904947, 0,0, 0
0.09958092197166234, 0.0, 0.8933638062721464, 0.5774216120825073, 0,0, 0
0.09878267810816205, 0.0, 0.9000015148416551, 0.5822214036835309, 0,0, 0
0.10111088937670458, 0.0, 0.9116167084157132, 0.5826240070200011, 0,0, 0
0.10111088937670458, 0.0, 0.9116167084157132, 0.5811266982939958, 0,0, 0
0.10111088937670458, 0.0, 0.9116167084157132, 0.57808005314353, 0,0, 0
0.10111088937670458, 0.0, 0.9116167084157132, 0.5786587760684739, 0,0, 0
0.10111088937670458, 0.0, 0.9116167084157132, 0.5821211560299459, 0,0, 0
0.10111088937670458, 0.0, 0.9116167084157132, 0.5775252413580358, 0,0, 0
0.10111088937670458, 0.0, 0.9116167084157132, 0.5797898318415048, 0,0, 0
0.10111088937670458, 0.0, 0.9116167084157132, 0.5790180338572385, 0,0, 0
0.10111088937670458, 0.0, 0.9116167084157132, 0.5868025957516914, 0,0, 0
0.10111088937670458, 0.0, 0.9116167084157132, 0.579079942034832, 0,0, 0
0.10111088937670458, 0.0, 0.9116167084157132, 0.579159912040282, 0,0, 0
0.10111088937670458, 0.0, 0.9116167084157132, 0.5832591298447436, 0,0, 0
0.10111088937670458, 0.0, 0.9116167084157132, 0.5844014532565778, 0,0, 0
0.10111088937670458, 0.0, 0.9116167084157132, 0.5820940488681713, 0,0, 0
0.10111088937670458, 0.0, 0.9116167084157132, 0.5793231221487971, 0,0, 0
0.10111088937670458, 0.0, 0.9116167084157132, 0.5800511625283349, 0,0, 0
0.10111088937670458, 0.0, 0.9116167084157132, 0.5794211961768102, 0,0, 0
0.10111088937670458, 0.0, 0.9116167084157132, 0.5811445034698199, 0,0, 0
0.10111088937670458, 0.0, 0.9116167084157132, 0.5769666732541586, 0,0, 0
0.10111088937670458, 0.0, 0.9116167084157132, 0.5830168550802957, 0,0, 0
0.10111088937670458, 0.0, 0.9116167084157132, 0.582225476997583, 0,0, 0
0.10111088937670458, 0.0, 0.9116167084157132, 0.5822531138019749, 0,0, 0
0.10111088937670458, 0.0, 0.9116167084157132, 0.5836685265151885, 0,0, 0
0.10111088937670458, 0.0, 0.9116167084157132, 0.5819902448493937, 0,0, 0
0.10111088937670458, 0.0, 0.9116167084157132, 0.5831673638361282, 0,0, 0
0.10111088937670458, 0.0, 0.9116167084157132, 0.5804203124850879, 0,0, 0
0.10111088937670458, 0.0, 0.9116167084157132, 0.5831621267530273, 0,0, 0
0.10111088937670458, 0.0, 0.9116167084157132, 0.5783680546694794, 0,0, 0
0.10111088937670458, 0.0, 0.9116167084157132, 0.5780910370641325, 0,0, 0
0.10111088937670458, 0.0, 0.9116167084157132, 0.5836663132127842, 0,0, 0
0.10111088937670458, 0.0, 0.9116167084157132, 0.577986674066294, 0,0, 0
0.10111088937670458, 0.0, 0.9116167084157132, 0.5828890901884748, 0,0, 0
0.10111088937670458, 0.0, 0.9116167084157132, 0.5783294628559511, 0,0, 0
0.10111088937670458, 0.0, 0.9116167084157132, 0.5799939151325135, 0,0, 0
0.10111088937670458, 0.0, 0.9116167084157132, 0.5780428222894562, 0,0, 0
0.10111088937670458, 0.0, 0.9116167084157132, 0.5796203969463579, 0,0, 0
0.10111088937670458, 0.0, 0.9116167084157132, 0.5846544600223413, 0,0, 0
0.10111088937670458, 0.0, 0.9116167084157132, 0.583575423020849, 0,0, 0
0.10111088937670458, 0.0, 0.9116167084157132, 0.5774516361557173, 0,0, 0
0.10111088937670458, 0.0, 0.9116167084157132, 0.5840137060301371, 0,0, 0
0.10111088937670458, 0.0, 0.9116167084157132, 0.5800428446285164, 0,0, 0
0.10111088937670458, 0.0, 0.9116167084157132, 0.5799813358153191, 0,0, 0
0.10111088937670458, 0.0, 0.9116167084157132, 0.5787508809425449, 0,0, 0
0.10111088937670458, 0.0, 0.9116167084157132, 0.5752710082354322, 0,0, 0
0.10111088937670458, 0.0, 0.9116167084157132, 0.5797041359157538, 0,0, 0
0.10111088937670458, 0.0, 0.9116167084157132, 0.5776764976464124, 0,0, 0
0.10111088937670458, 0.0, 0.9116167084157132, 0.5784460941005286, 0,0, 0
0.09266280848799308, 0.0, 0.9142707797011692, 0.37465699368518324, 0,0, 0
0.09878267810816205, 0.0, 0.9000015148416551, 0.5839186796291184, 0,0, 0
0.0996474422936207, 0.0, 0.9424463317291131, 0.5902437349964361, 0,0, 0
0.0996474422936207, 0.0, 0.9424463317291131, 0.5910102592352983, 0,0, 0
0.0996474422936207, 0.0, 0.9424463317291131, 0.593941875006732, 0,0, 0
0.09904875939599547, 0.0, 0.8938837418790088, 0.5761367391759998, 0,0, 0
0.0996474422936207, 0.0, 0.9424463317291131, 0.5907655489785301, 0,0, 0
0.09904875939599547, 0.0, 0.8938837418790088, 0.5725666757827506, 0,0, 0
0.09904875939599547, 0.0, 0.8938837418790088, 0.5799154467493538, 0,0, 0
0.09904875939599547, 0.0, 0.8938837418790088, 0.573955434143986, 0,0, 0
0.09904875939599547, 0.0, 0.8938837418790088, 0.5709186264260327, 0,0, 0
0.09904875939599547, 0.0, 0.8938837418790088, 0.5737710038749378, 0,0, 0
0.09904875939599547, 0.0, 0.8938837418790088, 0.5711689263056955, 0,0, 0
0.09904875939599547, 0.0, 0.8938837418790088, 0.5751401013211849, 0,0, 0
0.09904875939599547, 0.0, 0.8938837418790088, 0.5760651252751784, 0,0, 0
0.09904875939599547, 0.0, 0.8938837418790088, 0.5835703393763874, 0,0, 0
0.09904875939599547, 0.0, 0.8938837418790088, 0.5823815608930338, 0,0, 0
0.09904875939599547, 0.0, 0.8938837418790088, 0.572027950433471, 0,0, 0
0.09904875939599547, 0.0, 0.8938837418790088, 0.5751226636973423, 0,0, 0
0.09904875939599547, 0.0, 0.8938837418790088, 0.5727529777054481, 0,0, 0
0.09904875939599547, 0.0, 0.8938837418790088, 0.5747664414910186, 0,0, 0
0.09904875939599547, 0.0, 0.8938837418790088, 0.5751809224502238, 0,0, 0
0.09904875939599547, 0.0, 0.8938837418790088, 0.5724511947492329, 0,0, 0
0.10097784873278787, 0.0, 0.8896953824485279, 0.5717823638755408, 0,0, 0
0.09904875939599547, 0.0, 0.8938837418790088, 0.5713505989751639, 0,0, 0
0.10097784873278787, 0.0, 0.8896953824485279, 0.5728409206555021, 0,0, 0
0.10097784873278787, 0.0, 0.8896953824485279, 0.5704614923570389, 0,0, 0
0.10097784873278787, 0.0, 0.8919959930412896, 0.3708525878292319, 0,0, 0
0.07164238674915187, 0.0, 0.9204960748479533, 0.3249822309697912, 0,0, 0
0.09958092197166234, 0.0, 0.8933638062721464, 0.5754425111397893, 0,0, 0
0.09878267810816205, 0.0, 0.9000015148416551, 0.579231903057961, 0,0, 0
0.10017960486928756, 0.0, 0.8835487229879121, 0.5806543277585042, 0,0, 0
0.10051220647907935, 0.0, 0.8777699163158681, 0.5750439942891129, 0,0, 0
0.10051220647907935, 0.0, 0.8777699163158681, 0.5757240869867281, 0,0, 0
0.10024612519124593, 0.0, 0.88033626681359, 0.5613199845249798, 0,0, 0
0.10024612519124593, 0.0, 0.88033626681359, 0.5604884381106267, 0,0, 0
0.10017960486928756, 0.0, 0.8835487229879121, 0.57705007372017, 0,0, 0
0.10111088937670458, 0.0, 0.9116167084157132, 0.5800307045927081, 0,0, 0
0.10111088937670458, 0.0, 0.9116167084157132, 0.5812374149134476, 0,0, 0
0.0996474422936207, 0.0, 0.9424463317291131, 0.5883138934102647, 0,0, 0
0.0996474422936207, 0.0, 0.9424463317291131, 0.5867684875243718, 0,0, 0
0.09878267810816205, 0.0, 0.9000015148416551, 0.5791483763093956, 0,0, 0
0.08707510144349098, 0.0, 0.9145925686977081, 0.40605377311874363, 0,0, 0
0.10017960486928756, 0.0, 0.8835487229879121, 0.5765987481847575, 0,0, 0
0.10017960486928756, 0.0, 0.8835487229879121, 0.5740811445575386, 0,0, 0
0.10017960486928756, 0.0, 0.8835487229879121, 0.5759579374490478, 0,0, 0
0.10017960486928756, 0.0, 0.8835487229879121, 0.5755884954599021, 0,0, 0
0.0996474422936207, 0.0, 0.9424463317291131, 0.5881795115049058, 0,0, 0
0.0996474422936207, 0.0, 0.9424463317291131, 0.591972235134198, 0,0, 0
0.0996474422936207, 0.0, 0.9424463317291131, 0.5877018383128649, 0,0, 0
0.09958092197166234, 0.0, 0.8933638062721464, 0.5798279618581881, 0,0, 0
0.10017960486928756, 0.0, 0.8835487229879121, 0.5747856515905309, 0,0, 0
0.0996474422936207, 0.0, 0.9424463317291131, 0.5870394945434163, 0,0, 0
0.09878267810816205, 0.0, 0.9000015148416551, 0.5813914120165498, 0,0, 0
0.10111088937670458, 0.0, 0.9116167084157132, 0.5817410180182478, 0,0, 0
0.09878267810816205, 0.0, 0.9000015148416551, 0.5776926089849702, 0,0, 0
0.10051220647907935, 0.0, 0.8777699163158681, 0.5759786512614088, 0,0, 0
0.10111088937670458, 0.0, 0.9116167084157132, 0.581380605962044, 0,0, 0
0.0996474422936207, 0.0, 0.9424463317291131, 0.5876702666938294, 0,0, 0
0.0996474422936207, 0.0, 0.9424463317291131, 0.5927387219633027, 0,0, 0
0.0996474422936207, 0.0, 0.9424463317291131, 0.5909388347535759, 0,0, 0
0.0996474422936207, 0.0, 0.9424463317291131, 0.5881535867626284, 0,0, 0
0.0996474422936207, 0.0, 0.9424463317291131, 0.586904345554836, 0,0, 0
0.0996474422936207, 0.0, 0.9424463317291131, 0.5917843793849825, 0,0, 0
0.09878267810816205, 0.0, 0.9000015148416551, 0.5817895979520732, 0,0, 0
0.09991352358145414, 0.0, 0.9273376082964652, 0.5961384801780292, 0,0, 0
0.10111088937670458, 0.0, 0.9116167084157132, 0.5803832998830492, 0,0, 0
0.10111088937670458, 0.0, 0.9116167084157132, 0.5820605543980131, 0,0, 0
0.10017960486928756, 0.0, 0.8835487229879121, 0.5719318200818835, 0,0, 0
0.09958092197166234, 0.0, 0.8933638062721464, 0.580354776844388, 0,0, 0
0.10111088937670458, 0.0, 0.9116167084157132, 0.5786067586305379, 0,0, 0
0.10111088937670458, 0.0, 0.9116167084157132, 0.5856492415231965, 0,0, 0
0.10111088937670458, 0.0, 0.9116167084157132, 0.5801049563171926, 0,0, 0
0.10111088937670458, 0.0, 0.9116167084157132, 0.5833612595275111, 0,0, 0
0.09878267810816205, 0.0, 0.9000015148416551, 0.5822978678455221, 0,0, 0
0.09958092197166234, 0.0, 0.8933638062721464, 0.5821205503764666, 0,0, 0
0.10111088937670458, 0.0, 0.9116167084157132, 0.5827725240903121, 0,0, 0
0.0996474422936207, 0.0, 0.9424463317291131, 0.589283140619466, 0,0, 0
0.11035721412891639, 0.0, 0.9163753249161586, 0.3966851656968845, 0,0, 0
0.10017960486928756, 0.0, 0.8835487229879121, 0.573167458839502, 0,0, 0
0.10051220647907935, 0.0, 0.8777699163158681, 0.5698607220024684, 0,0, 0
0.10051220647907935, 0.0, 0.8777699163158681, 0.5759384825176713, 0,0, 0
0.10111088937670458, 0.0, 0.9116167084157132, 0.5829750623055717, 0,0, 0
0.10111088937670458, 0.0, 0.9116167084157132, 0.5809272656923263, 0,0, 0
0.09878267810816205, 0.0, 0.9000015148416551, 0.5825230885134475, 0,0, 0
0.0996474422936207, 0.0, 0.9424463317291131, 0.5890194148867676, 0,0, 0
0.0996474422936207, 0.0, 0.9424463317291131, 0.5881102944700131, 0,0, 0
0.09971396261557906, 0.0, 0.942413109137751, 0.5912274473156195, 0,0, 0
0.0996474422936207, 0.0, 0.9424463317291131, 0.5897748896888411, 0,0, 0
0.09878267810816205, 0.0, 0.9000015148416551, 0.5805774690886861, 0,0, 0
0.09878267810816205, 0.0, 0.9000015148416551, 0.5770899137111162, 0,0, 0
0.09878267810816205, 0.0, 0.9000015148416551, 0.5801283519948773, 0,0, 0
0.10051220647907935, 0.0, 0.8777699163158681, 0.5706815811181399, 0,0, 0
0.10051220647907935, 0.0, 0.8777699163158681, 0.5820918880917954, 0,0, 0
0.09878267810816205, 0.0, 0.9000015148416551, 0.5803759451386951, 0,0, 0
0.10051220647907935, 0.0, 0.8777699163158681, 0.5735630174694051, 0,0, 0
0.10051220647907935, 0.0, 0.8777699163158681, 0.5763588090137917, 0,0, 0
0.10051220647907935, 0.0, 0.8777699163158681, 0.5749679762105318, 0,0, 0
0.10051220647907935, 0.0, 0.8777699163158681, 0.580795062085218, 0,0, 0
0.10017960486928756, 0.0, 0.8835487229879121, 0.5760327470690119, 0,0, 0
0.10111088937670458, 0.0, 0.9116167084157132, 0.5810514330751889, 0,0, 0
0.10031264551320429, 0.0, 0.8817123114680165, 0.47165397770238743, 0,0, 0
0.09958092197166234, 0.0, 0.8933638062721464, 0.575599586338778, 0,0, 0
0.09991352358145414, 0.0, 0.9273376082964652, 0.589679707297107, 0,0, 0
0.09878267810816205, 0.0, 0.9000015148416551, 0.5859297359909967, 0,0, 0
0.10111088937670458, 0.0, 0.9116167084157132, 0.5787948696166412, 0,0, 0
0.09878267810816205, 0.0, 0.9000015148416551, 0.5782127934576035, 0,0, 0
0.09878267810816205, 0.0, 0.9000015148416551, 0.5810764443817349, 0,0, 0
0.09878267810816205, 0.0, 0.9000015148416551, 0.5796331571378832, 0,0, 0
0.09878267810816205, 0.0, 0.9000015148416551, 0.5766993928899915, 0,0, 0
0.09878267810816205, 0.0, 0.9000015148416551, 0.576633873975287, 0,0, 0
0.09878267810816205, 0.0, 0.9000015148416551, 0.5811078601578649, 0,0, 0
0.09878267810816205, 0.0, 0.9000015148416551, 0.5792249610967213, 0,0, 0
0.09878267810816205, 0.0, 0.9000015148416551, 0.5790858888052216, 0,0, 0
0.09878267810816205, 0.0, 0.9000015148416551, 0.5840484605257036, 0,0, 0
0.09878267810816205, 0.0, 0.9000015148416551, 0.5805325591363343, 0,0, 0
0.09878267810816205, 0.0, 0.9000015148416551, 0.57822088527003, 0,0, 0
0.09878267810816205, 0.0, 0.9000015148416551, 0.5821937239517938, 0,0, 0
0.09878267810816205, 0.0, 0.9000015148416551, 0.5801420270184332, 0,0, 0
0.09878267810816205, 0.0, 0.9000015148416551, 0.5774140766899385, 0,0, 0
0.09878267810816205, 0.0, 0.9000015148416551, 0.579790021927424, 0,0, 0
0.09878267810816205, 0.0, 0.9000015148416551, 0.581232640802138, 0,0, 0
0.09878267810816205, 0.0, 0.9000015148416551, 0.5789188075706778, 0,0, 0
0.09878267810816205, 0.0, 0.9000015148416551, 0.5798141214250127, 0,0, 0
0.09878267810816205, 0.0, 0.9000015148416551, 0.578454161189131, 0,0, 0
0.09878267810816205, 0.0, 0.9000015148416551, 0.5834085076751768, 0,0, 0
0.09878267810816205, 0.0, 0.9000015148416551, 0.5833836057728646, 0,0, 0
0.09878267810816205, 0.0, 0.9000015148416551, 0.5818627222615401, 0,0, 0
0.09878267810816205, 0.0, 0.9000015148416551, 0.5787138075368305, 0,0, 0
0.09878267810816205, 0.0, 0.9000015148416551, 0.581725846344023, 0,0, 0
0.10111088937670458, 0.0, 0.9116167084157132, 0.5843065981841599, 0,0, 0
0.09878267810816205, 0.0, 0.9000015148416551, 0.579135577098657, 0,0, 0
0.09878267810816205, 0.0, 0.9000015148416551, 0.5777339364747702, 0,0, 0
0.09878267810816205, 0.0, 0.9000015148416551, 0.5782635460247267, 0,0, 0
0.09878267810816205, 0.0, 0.9000015148416551, 0.5801700134678718, 0,0, 0
0.09878267810816205, 0.0, 0.9000015148416551, 0.5819294106117731, 0,0, 0
0.09878267810816205, 0.0, 0.9000015148416551, 0.5813535575737336, 0,0, 0
0.09878267810816205, 0.0, 0.9000015148416551, 0.5863476033637302, 0,0, 0
0.09878267810816205, 0.0, 0.9000015148416551, 0.5839626344719062, 0,0, 0
0.09878267810816205, 0.0, 0.9000015148416551, 0.5800171309221287, 0,0, 0
0.09878267810816205, 0.0, 0.9000015148416551, 0.5899442725183557, 0,0, 0
0.09878267810816205, 0.0, 0.9000015148416551, 0.5790911261986506, 0,0, 0
0.09878267810816205, 0.0, 0.9000015148416551, 0.5801855359168214, 0,0, 0
0.09878267810816205, 0.0, 0.9000015148416551, 0.5812151075489435, 0,0, 0
0.10111088937670458, 0.0, 0.9116167084157132, 0.5811605562782387, 0,0, 0
0.0996474422936207, 0.0, 0.9424463317291131, 0.5875938447635841, 0,0, 0
0.09878267810816205, 0.0, 0.9000015148416551, 0.5836373321081125, 0,0, 0
0.10017960486928756, 0.0, 0.8835487229879121, 0.5756669973460726, 0,0, 0
0.10111088937670458, 0.0, 0.9116167084157132, 0.5782851295172039, 0,0, 0
0.10111088937670458, 0.0, 0.9116167084157132, 0.5845241025914354, 0,0, 0
0.09991352358145414, 0.0, 0.9273376082964652, 0.5893150176471423, 0,0, 0
0.10024612519124593, 0.0, 0.88033626681359, 0.562722922720738, 0,0, 0
0.0996474422936207, 0.0, 0.9424463317291131, 0.5862979292042337, 0,0, 0
0.09991352358145414, 0.0, 0.9273376082964652, 0.5893564944448844, 0,0, 0
0.10111088937670458, 0.0, 0.9116167084157132, 0.581011130722322, 0,0, 0
0.09904875939599547, 0.0, 0.8938837418790088, 0.5714718865242755, 0,0, 0
0.09958092197166234, 0.0, 0.8933638062721464, 0.5746439667324933, 0,0, 0
0.09878267810816205, 0.0, 0.9000015148416551, 0.5790868684579685, 0,0, 0
0.10111088937670458, 0.0, 0.9116167084157132, 0.5814812044771959, 0,0, 0
0.09991352358145414, 0.0, 0.9273376082964652, 0.5884508185295169, 0,0, 0
0.09878267810816205, 0.0, 0.9000015148416551, 0.5775391626650084, 0,0, 0
0.10024612519124593, 0.0, 0.88033626681359, 0.5586749018914893, 0,0, 0
0.09991352358145414, 0.0, 0.9273376082964652, 0.5903706172600264, 0,0, 0
0.09904875939599547, 0.0, 0.8938837418790088, 0.5766073234198587, 0,0, 0
0.10097784873278787, 0.0, 0.8896953824485279, 0.5743626827718976, 0,0, 0
0.09904875939599547, 0.0, 0.8938837418790088, 0.5788627440407392, 0,0, 0
0.11361670990487593, 0.0, 0.8941604056253689, 0.4018559571871836, 0,0, 0
0.10097784873278787, 0.0, 0.8896953824485279, 0.5717802194728041, 0,0, 0
0.10051220647907935, 0.0, 0.8777699163158681, 0.5701378453653274, 0,0, 0
0.10097784873278787, 0.0, 0.8896953824485279, 0.5718879212960607, 0,0, 0
0.09831703585445353, 0.0, 0.8947367699411823, 0.573803143299547, 0,0, 0
0.09991352358145414, 0.0, 0.9273376082964652, 0.5970611761764296, 0,0, 0
0.09991352358145414, 0.0, 0.9273376082964652, 0.59390446324608, 0,0, 0
0.09991352358145414, 0.0, 0.9273376082964652, 0.5873908285588424, 0,0, 0
0.0996474422936207, 0.0, 0.9424463317291131, 0.5894989555681069, 0,0, 0
0.09991352358145414, 0.0, 0.9273376082964652, 0.5894817659395044, 0,0, 0
0.09998004390341249, 0.0, 0.8931597477230752, 0.5528485798634751, 0,0, 0
0.0996474422936207, 0.0, 0.9424463317291131, 0.5868165409880036, 0,0, 0
0.0996474422936207, 0.0, 0.9424114033271797, 0.5848323518387513, 0,0, 0
0.09911527971795384, 0.0, 0.8937555367508037, 0.5729768026954696, 0,0, 0
0.09931484068382891, 0.0, 0.8939597905727407, 0.5634003356799456, 0,0, 0
0.09931484068382891, 0.0, 0.9426069681224901, 0.5686102320926394, 0,0, 0
0.10111088937670458, 0.0, 0.9116167084157132, 0.5806342514472655, 0,0, 0
0.10111088937670458, 0.0, 0.9116167084157132, 0.5835821202633023, 0,0, 0
0.10111088937670458, 0.0, 0.9116167084157132, 0.5782216456992098, 0,0, 0
0.10111088937670458, 0.0, 0.9116167084157132, 0.579036443659974, 0,0, 0
0.10111088937670458, 0.0, 0.9116167084157132, 0.5802384975861749, 0,0, 0
0.10111088937670458, 0.0, 0.9116167084157132, 0.5809786015122075, 0,0, 0
0.10111088937670458, 0.0, 0.9116167084157132, 0.5806814177138158, 0,0, 0
0.10111088937670458, 0.0, 0.9116167084157132, 0.5796513973055037, 0,0, 0
0.10111088937670458, 0.0, 0.9116167084157132, 0.5790757199574093, 0,0, 0
0.10111088937670458, 0.0, 0.9116167084157132, 0.5803544326123835, 0,0, 0
0.10111088937670458, 0.0, 0.9116167084157132, 0.5798133805177095, 0,0, 0
0.10111088937670458, 0.0, 0.9116167084157132, 0.5823180115957635, 0,0, 0
0.10111088937670458, 0.0, 0.9116167084157132, 0.5778168069040635, 0,0, 0
0.10111088937670458, 0.0, 0.9116167084157132, 0.5816541347532299, 0,0, 0
0.10111088937670458, 0.0, 0.9116167084157132, 0.5785904756291607, 0,0, 0
0.10111088937670458, 0.0, 0.9116167084157132, 0.5829663905449225, 0,0, 0
0.10111088937670458, 0.0, 0.9116167084157132, 0.5807198517918117, 0,0, 0
0.10111088937670458, 0.0, 0.9116167084157132, 0.5807872052748791, 0,0, 0
0.10111088937670458, 0.0, 0.9116167084157132, 0.5776949084898384, 0,0, 0
0.10111088937670458, 0.0, 0.9116167084157132, 0.5817251522288257, 0,0, 0
0.10836160447016563, 0.0, 0.8921704768732954, 0.28092798334287095, 0,0, 0
0.10051220647907935, 0.0, 0.8777699163158681, 0.5742239647455064, 0,0, 0
0.10111088937670458, 0.0, 0.9116167084157132, 0.5790351070999764, 0,0, 0
0.09878267810816205, 0.0, 0.9000015148416551, 0.5806922406712086, 0,0, 0
0.09878267810816205, 0.0, 0.9000015148416551, 0.5820083979185661, 0,0, 0
0.09878267810816205, 0.0, 0.9000015148416551, 0.5819892539531062, 0,0, 0
0.09878267810816205, 0.0, 0.9000015148416551, 0.5820882550074363, 0,0, 0
0.09878267810816205, 0.0, 0.9000015148416551, 0.5816005584755642, 0,0, 0
0.09878267810816205, 0.0, 0.9000015148416551, 0.5817944580948826, 0,0, 0
0.09878267810816205, 0.0, 0.9000015148416551, 0.5827580645797843, 0,0, 0
0.09878267810816205, 0.0, 0.9000015148416551, 0.5807802022201475, 0,0, 0
0.09878267810816205, 0.0, 0.9000015148416551, 0.5753611421197222, 0,0, 0
0.09878267810816205, 0.0, 0.9000015148416551, 0.5806400851303937, 0,0, 0
0.09878267810816205, 0.0, 0.9000015148416551, 0.5846036082188241, 0,0, 0
0.09878267810816205, 0.0, 0.9000015148416551, 0.5812443417324977, 0,0, 0
0.09878267810816205, 0.0, 0.9000015148416551, 0.5807511440173286, 0,0, 0
0.09878267810816205, 0.0, 0.9000015148416551, 0.5796741081053729, 0,0, 0
0.09878267810816205, 0.0, 0.9000015148416551, 0.5836664836657536, 0,0, 0
0.09878267810816205, 0.0, 0.9000015148416551, 0.5808153762372998, 0,0, 0
0.10097784873278787, 0.0, 0.8896953824485279, 0.5749122796788915, 0,0, 0
0.09904875939599547, 0.0, 0.8938837418790088, 0.5716529227690049, 0,0, 0
0.10111088937670458, 0.0, 0.9116167084157132, 0.5821939261007137, 0,0, 0
0.10111088937670458, 0.0, 0.9116167084157132, 0.5816709598982175, 0,0, 0
0.10024612519124593, 0.0, 0.88033626681359, 0.5591308330190247, 0,0, 0
0.09904875939599547, 0.0, 0.8938837418790088, 0.5727292511719441, 0,0, 0
0.09958092197166234, 0.0, 0.8933638062721464, 0.581375461615334, 0,0, 0
0.0996474422936207, 0.0, 0.9424463317291131, 0.5881568939444477, 0,0, 0
0.09878267810816205, 0.0, 0.9000015148416551, 0.581853531118415, 0,0, 0
0.10051220647907935, 0.0, 0.8777699163158681, 0.5799708629725777, 0,0, 0
0.09904875939599547, 0.0, 0.8938837418790088, 0.5784118815052015, 0,0, 0
0.09904875939599547, 0.0, 0.8938837418790088, 0.5763099237867835, 0,0, 0
0.10111088937670458, 0.0, 0.9116167084157132, 0.5848880364668076, 0,0, 0
0.13244196101909134, 0.0, 0.8451346719715758, 0.3790323648782244, 0,0, 0
0.09904875939599547, 0.0, 0.8938837418790088, 0.5796958400502666, 0,0, 0
0.09904875939599547, 0.0, 0.8938837418790088, 0.5703319202886663, 0,0, 0
0.10111088937670458, 0.0, 0.9116167084157132, 0.5797534444395933, 0,0, 0
0.10111088937670458, 0.0, 0.9116167084157132, 0.5817590415386998, 0,0, 0
0.10111088937670458, 0.0, 0.9116167084157132, 0.5818807935065388, 0,0, 0
0.09904875939599547, 0.0, 0.8938837418790088, 0.5753766313213741, 0,0, 0
0.09904875939599547, 0.0, 0.8938837418790088, 0.5716062650433826, 0,0, 0
0.09904875939599547, 0.0, 0.8938837418790088, 0.5768340123220037, 0,0, 0
0.09904875939599547, 0.0, 0.8938837418790088, 0.5777807951492422, 0,0, 0
0.10051220647907935, 0.0, 0.8777699163158681, 0.5741285911324627, 0,0, 0
0.11667664471496042, 0.0, 0.8735859848545371, 0.3833949664825333, 0,0, 0
0.09904875939599547, 0.0, 0.8938837418790088, 0.5727305214874876, 0,0, 0
0.09904875939599547, 0.0, 0.8938837418790088, 0.5776602537208624, 0,0, 0
0.10051220647907935, 0.0, 0.8777699163158681, 0.5757333653974659, 0,0, 0
0.09904875939599547, 0.0, 0.8938837418790088, 0.5745999237674542, 0,0, 0
0.09904875939599547, 0.0, 0.8938837418790088, 0.573365770743467, 0,0, 0
0.09958092197166234, 0.0, 0.8933638062721464, 0.5799918200132259, 0,0, 0
0.09904875939599547, 0.0, 0.8938837418790088, 0.5739816199207521, 0,0, 0
0.09904875939599547, 0.0, 0.8938837418790088, 0.571844439181541, 0,0, 0
0.09904875939599547, 0.0, 0.8938837418790088, 0.5775548948367194, 0,0, 0
0.09904875939599547, 0.0, 0.8938837418790088, 0.5876642549637933, 0,0, 0
0.09958092197166234, 0.0, 0.8933638062721464, 0.5812502408910235, 0,0, 0
0.09958092197166234, 0.0, 0.8933638062721464, 0.5800246529635049, 0,0, 0
0.09904875939599547, 0.0, 0.8938837418790088, 0.5726581157475872, 0,0, 0
0.09958092197166234, 0.0, 0.8933638062721464, 0.5786830547256537, 0,0, 0
0.09904875939599547, 0.0, 0.8938837418790088, 0.5802130446886459, 0,0, 0
0.09958092197166234, 0.0, 0.8933638062721464, 0.5811454349343519, 0,0, 0
0.09958092197166234, 0.0, 0.8933638062721464, 0.5802380040685893, 0,0, 0
0.09958092197166234, 0.0, 0.8933638062721464, 0.5818692450901891, 0,0, 0
0.09958092197166234, 0.0, 0.8933638062721464, 0.5764957849429327, 0,0, 0
0.09958092197166234, 0.0, 0.8933638062721464, 0.5753336978331388, 0,0, 0
0.09958092197166234, 0.0, 0.8933638062721464, 0.5770300421341892, 0,0, 0
0.09958092197166234, 0.0, 0.8933638062721464, 0.5803814640495744, 0,0, 0
0.09958092197166234, 0.0, 0.8933638062721464, 0.579762584483114, 0,0, 0
0.09958092197166234, 0.0, 0.8933638062721464, 0.5753278861618335, 0,0, 0
0.09958092197166234, 0.0, 0.8933638062721464, 0.5747909729438949, 0,0, 0
0.09958092197166234, 0.0, 0.8933638062721464, 0.5829210170708286, 0,0, 0
0.09958092197166234, 0.0, 0.8933638062721464, 0.5753879096084789, 0,0, 0
0.09958092197166234, 0.0, 0.8933638062721464, 0.5789230190444146, 0,0, 0
0.09146544269274264, 0.0, 0.9199895200741889, 0.4875858704337104, 0,0, 0
0.10004656422537085, 0.0, 0.8990241489894666, 0.5725867045056316, 0,0, 0
0.10111088937670458, 0.0, 0.9116167084157132, 0.5813382146233761, 0,0, 0
0.10111088937670458, 0.0, 0.9116167084157132, 0.5772852230036718, 0,0, 0
0.10111088937670458, 0.0, 0.9116167084157132, 0.5791609717446086, 0,0, 0
0.10111088937670458, 0.0, 0.9116167084157132, 0.5812243189018098, 0,0, 0
0.10111088937670458, 0.0, 0.9116167084157132, 0.5796907326202094, 0,0, 0
0.10111088937670458, 0.0, 0.9116167084157132, 0.5795251443401376, 0,0, 0
0.10111088937670458, 0.0, 0.9116167084157132, 0.5783367502352913, 0,0, 0
0.10111088937670458, 0.0, 0.9116167084157132, 0.5809962313592391, 0,0, 0
0.10111088937670458, 0.0, 0.9116167084157132, 0.5806963957148319, 0,0, 0
0.10111088937670458, 0.0, 0.9116167084157132, 0.581576095158252, 0,0, 0
0.10111088937670458, 0.0, 0.9116167084157132, 0.584624660608661, 0,0, 0
0.10111088937670458, 0.0, 0.9116167084157132, 0.5789667388724804, 0,0, 0
0.10111088937670458, 0.0, 0.9116167084157132, 0.5809080386696636, 0,0, 0
0.10111088937670458, 0.0, 0.9116167084157132, 0.5800562337922088, 0,0, 0
0.10111088937670458, 0.0, 0.9116167084157132, 0.5809530678035465, 0,0, 0
0.10111088937670458, 0.0, 0.9116167084157132, 0.5805163985366762, 0,0, 0
0.10111088937670458, 0.0, 0.9116167084157132, 0.5818117785264142, 0,0, 0
0.10111088937670458, 0.0, 0.9116167084157132, 0.5835286023383237, 0,0, 0
0.10111088937670458, 0.0, 0.9116167084157132, 0.5801361181913705, 0,0, 0
0.10111088937670458, 0.0, 0.9116167084157132, 0.5788348825189583, 0,0, 0
0.10111088937670458, 0.0, 0.9116167084157132, 0.5831856086208218, 0,0, 0
0.10111088937670458, 0.0, 0.9116167084157132, 0.5810051109178321, 0,0, 0
0.10111088937670458, 0.0, 0.9116167084157132, 0.5854725516143106, 0,0, 0
0.10111088937670458, 0.0, 0.9116167084157132, 0.5786106074110933, 0,0, 0
0.10111088937670458, 0.0, 0.9116167084157132, 0.5813011953767763, 0,0, 0
0.10111088937670458, 0.0, 0.9116167084157132, 0.5871829916364306, 0,0, 0
0.10111088937670458, 0.0, 0.9116167084157132, 0.5821009504354623, 0,0, 0
0.10403778354287235, 0.0, 0.8956375096706843, 0.32365040281498353, 0,0, 0
0.09991352358145414, 0.0, 0.9273376082964652, 0.5892747437147375, 0,0, 0
0.09904875939599547, 0.0, 0.8938837418790088, 0.5784073737518155, 0,0, 0
0.09991352358145414, 0.0, 0.9273376082964652, 0.5900037603738786, 0,0, 0
0.09991352358145414, 0.0, 0.9273376082964652, 0.5887590091609688, 0,0, 0
0.10017960486928756, 0.0, 0.8835487229879121, 0.5714341456744372, 0,0, 0
0.10017960486928756, 0.0, 0.8835487229879121, 0.5780087167819269, 0,0, 0
0.10017960486928756, 0.0, 0.8835487229879121, 0.5777025098285844, 0,0, 0
0.10017960486928756, 0.0, 0.8835487229879121, 0.5796996791976123, 0,0, 0
0.10017960486928756, 0.0, 0.8835487229879121, 0.5743453751819714, 0,0, 0
0.10017960486928756, 0.0, 0.8835487229879121, 0.5753157419859624, 0,0, 0
0.10017960486928756, 0.0, 0.8835487229879121, 0.5752184228393519, 0,0, 0
0.10017960486928756, 0.0, 0.8835487229879121, 0.5733118873339997, 0,0, 0
0.10017960486928756, 0.0, 0.8835487229879121, 0.5787255551554525, 0,0, 0
0.10017960486928756, 0.0, 0.8835487229879121, 0.5781091816825108, 0,0, 0
0.10017960486928756, 0.0, 0.8835487229879121, 0.5790835970996686, 0,0, 0
0.10017960486928756, 0.0, 0.8835487229879121, 0.5768526764947637, 0,0, 0
0.10017960486928756, 0.0, 0.8835487229879121, 0.5716782700494494, 0,0, 0
0.10017960486928756, 0.0, 0.8835487229879121, 0.5706386906465465, 0,0, 0
0.10017960486928756, 0.0, 0.8835487229879121, 0.5769608485458362, 0,0, 0
0.10017960486928756, 0.0, 0.8835487229879121, 0.5782412742223922, 0,0, 0
0.10017960486928756, 0.0, 0.8835487229879121, 0.5702802826131093, 0,0, 0
0.10017960486928756, 0.0, 0.8835487229879121, 0.5743368859181834, 0,0, 0
0.10017960486928756, 0.0, 0.8835487229879121, 0.5804028088246005, 0,0, 0
0.10017960486928756, 0.0, 0.8835487229879121, 0.5722308769046663, 0,0, 0
0.10024612519124593, 0.0, 0.88033626681359, 0.5591060543248326, 0,0, 0
0.10024612519124593, 0.0, 0.88033626681359, 0.562544103772179, 0,0, 0
0.09958092197166234, 0.0, 0.8933638062721464, 0.5796007381004514, 0,0, 0
0.10017960486928756, 0.0, 0.8835487229879121, 0.5808813636650131, 0,0, 0
0.10024612519124593, 0.0, 0.88033626681359, 0.5586062125069848, 0,0, 0
0.10024612519124593, 0.0, 0.88033626681359, 0.5584181749529991, 0,0, 0
0.0996474422936207, 0.0, 0.9424463317291131, 0.5885302273704148, 0,0, 0
0.0996474422936207, 0.0, 0.9424463317291131, 0.5860118924029836, 0,0, 0
0.09904875939599547, 0.0, 0.8938837418790088, 0.578869791244595, 0,0, 0
0.10024612519124593, 0.0, 0.88033626681359, 0.5605415127362673, 0,0, 0
0.10017960486928756, 0.0, 0.8835487229879121, 0.5733115947705375, 0,0, 0
0.0996474422936207, 0.0, 0.9424463317291131, 0.5898202005913673, 0,0, 0
0.09991352358145414, 0.0, 0.9273376082964652, 0.5930136847556594, 0,0, 0
0.09991352358145414, 0.0, 0.9273376082964652, 0.5956517964876243, 0,0, 0
0.0996474422936207, 0.0, 0.9424463317291131, 0.5892111363862448, 0,0, 0
0.09991352358145414, 0.0, 0.9273376082964652, 0.5911728033434519, 0,0, 0
0.09904875939599547, 0.0, 0.8938837418790088, 0.5812785749897342, 0,0, 0
0.09904875939599547, 0.0, 0.8938837418790088, 0.5771227957192474, 0,0, 0
0.11374975054879266, 0.0, 0.928331857305507, 0.42650585588751094, 0,0, 0
0.0996474422936207, 0.0, 0.9424463317291131, 0.5916260018760936, 0,0, 0
0.10017960486928756, 0.0, 0.8835487229879121, 0.5720267884176519, 0,0, 0
0.10017960486928756, 0.0, 0.8835487229879121, 0.5747177524480744, 0,0, 0
0.09904875939599547, 0.0, 0.8938837418790088, 0.5729372256870605, 0,0, 0
0.09904875939599547, 0.0, 0.8938837418790088, 0.5760761205817299, 0,0, 0
0.09904875939599547, 0.0, 0.8938837418790088, 0.572199390562981, 0,0, 0
0.09904875939599547, 0.0, 0.8938837418790088, 0.5740725632036197, 0,0, 0
0.0996474422936207, 0.0, 0.9424463317291131, 0.5895738017872049, 0,0, 0
0.0996474422936207, 0.0, 0.9424463317291131, 0.5890099955083639, 0,0, 0
0.09991352358145414, 0.0, 0.9273376082964652, 0.5922248817998, 0,0, 0
0.09991352358145414, 0.0, 0.9273376082964652, 0.5858009738614375, 0,0, 0
0.09904875939599547, 0.0, 0.8938837418790088, 0.5755271214761769, 0,0, 0
0.09904875939599547, 0.0, 0.8938837418790088, 0.573210744575826, 0,0, 0
0.09904875939599547, 0.0, 0.8938837418790088, 0.5735663824462943, 0,0, 0
0.10017960486928756, 0.0, 0.8835487229879121, 0.5725881853295878, 0,0, 0
0.09572274329807756, 0.0, 0.9258579729489494, 0.5349907584292972, 0,0, 0
0.10064524712299608, 0.0, 0.8839128322149854, 0.5621506651746134, 0,0, 0
0.09991352358145414, 0.0, 0.9273376082964652, 0.5896137620383268, 0,0, 0
0.0996474422936207, 0.0, 0.9424463317291131, 0.587878063929536, 0,0, 0
0.09991352358145414, 0.0, 0.9273376082964652, 0.587072595056068, 0,0, 0
0.09991352358145414, 0.0, 0.9273376082964652, 0.5870895432454728, 0,0, 0
0.09991352358145414, 0.0, 0.9273376082964652, 0.5883666018345788, 0,0, 0
0.09904875939599547, 0.0, 0.9283541913062517, 0.5784023638687745, 0,0, 0
0.09938136100578727, 0.0, 0.9276775754157189, 0.5854711052538798, 0,0, 0
0.09984700325949578, 0.0, 0.927507099821889, 0.589206378694698, 0,0, 0
0.09984700325949578, 0.0, 0.9273677287783929, 0.5888393718472127, 0,0, 0
0.09971396261557906, 0.0, 0.9274335103202941, 0.5914103084804223, 0,0, 0
0.09891571875207876, 0.0, 0.9235243171789748, 0.5069875677074526, 0,0, 0
0.09991352358145414, 0.0, 0.9273376082964652, 0.5926845204998831, 0,0, 0
0.09991352358145414, 0.0, 0.9273376082964652, 0.5895452087215688, 0,0, 0
0.09958092197166234, 0.0, 0.927158362435918, 0.586066370594801, 0,0, 0
0.10117740969866294, 0.0, 0.9115571846061894, 0.5794763507187766, 0,0, 0
0.10017960486928756, 0.0, 0.8835487229879121, 0.5768167302496364, 0,0, 0
0.09904875939599547, 0.0, 0.8938837418790088, 0.5731199919450386, 0,0, 0
0.09991352358145414, 0.0, 0.9273376082964652, 0.5900391467585822, 0,0, 0
0.09991352358145414, 0.0, 0.9273376082964652, 0.5935244097921478, 0,0, 0
0.09904875939599547, 0.0, 0.8938837418790088, 0.5749263421652359, 0,0, 0
0.09904875939599547, 0.0, 0.8938837418790088, 0.5737679728961919, 0,0, 0
0.10097784873278787, 0.0, 0.8896953824485279, 0.5719575673689916, 0,0, 0
0.09904875939599547, 0.0, 0.8938837418790088, 0.5735051247921613, 0,0, 0
0.09904875939599547, 0.0, 0.8938837418790088, 0.5715390246871429, 0,0, 0
0.09904875939599547, 0.0, 0.8938837418790088, 0.5755871598135976, 0,0, 0
0.10097784873278787, 0.0, 0.8896953824485279, 0.5741160741888888, 0,0, 0
0.09904875939599547, 0.0, 0.8938837418790088, 0.5741547033108872, 0,0, 0
0.10097784873278787, 0.0, 0.8896953824485279, 0.57262953870362, 0,0, 0
0.10097784873278787, 0.0, 0.8896953824485279, 0.5739368922666883, 0,0, 0
0.10097784873278787, 0.0, 0.8896953824485279, 0.5726522349844672, 0,0, 0
0.10097784873278787, 0.0, 0.8896953824485279, 0.5732762590771517, 0,0, 0
0.10097784873278787, 0.0, 0.8896953824485279, 0.5699706890837439, 0,0, 0
0.10097784873278787, 0.0, 0.8896953824485279, 0.5737724924223653, 0,0, 0
0.10111088937670458, 0.0, 0.9116167084157132, 0.5871214500309906, 0,0, 0
0.10111088937670458, 0.0, 0.9116167084157132, 0.583399898251553, 0,0, 0
0.10111088937670458, 0.0, 0.9116167084157132, 0.5815012025324866, 0,0, 0
0.10111088937670458, 0.0, 0.9116167084157132, 0.5811826245743524, 0,0, 0
0.10111088937670458, 0.0, 0.9116167084157132, 0.5786936358620813, 0,0, 0
0.10111088937670458, 0.0, 0.9116167084157132, 0.5820891199905807, 0,0, 0
0.10111088937670458, 0.0, 0.9116167084157132, 0.5799713152350308, 0,0, 0
0.09605534490786935, 0.0, 0.9277148532385796, 0.5210927700345236, 0,0, 0
0.10017960486928756, 0.0, 0.8835487229879121, 0.5711694732283983, 0,0, 0
0.09878267810816205, 0.0, 0.9000015148416551, 0.5828898721987339, 0,0, 0
0.09991352358145414, 0.0, 0.9273376082964652, 0.5873565692265516, 0,0, 0
0.10111088937670458, 0.0, 0.9116167084157132, 0.5812057431414189, 0,0, 0
0.10111088937670458, 0.0, 0.9116167084157132, 0.5800461190304106, 0,0, 0
0.10024612519124593, 0.0, 0.88033626681359, 0.5617721471642682, 0,0, 0
0.10024612519124593, 0.0, 0.88033626681359, 0.5617656136420152, 0,0, 0
0.10024612519124593, 0.0, 0.88033626681359, 0.5553560201419865, 0,0, 0
0.10024612519124593, 0.0, 0.88033626681359, 0.5621072921855156, 0,0, 0
0.10024612519124593, 0.0, 0.88033626681359, 0.5610508495661106, 0,0, 0
0.10024612519124593, 0.0, 0.88033626681359, 0.5612047921503633, 0,0, 0
0.10024612519124593, 0.0, 0.88033626681359, 0.5562200019796726, 0,0, 0
0.10024612519124593, 0.0, 0.88033626681359, 0.5612310209313967, 0,0, 0
0.10024612519124593, 0.0, 0.88033626681359, 0.5577084169335841, 0,0, 0
0.10024612519124593, 0.0, 0.88033626681359, 0.5629805190594734, 0,0, 0
0.10024612519124593, 0.0, 0.88033626681359, 0.5603110114608628, 0,0, 0
0.10024612519124593, 0.0, 0.88033626681359, 0.5623801701958555, 0,0, 0
0.10024612519124593, 0.0, 0.88033626681359, 0.5638487169663848, 0,0, 0
0.10024612519124593, 0.0, 0.88033626681359, 0.5603598194766729, 0,0, 0
0.10024612519124593, 0.0, 0.88033626681359, 0.5592547354179838, 0,0, 0
0.10024612519124593, 0.0, 0.88033626681359, 0.5625722114777819, 0,0, 0
0.10024612519124593, 0.0, 0.88033626681359, 0.5595724444150244, 0,0, 0
0.10024612519124593, 0.0, 0.88033626681359, 0.556773853904345, 0,0, 0
0.10024612519124593, 0.0, 0.88033626681359, 0.5637513437643409, 0,0, 0
0.10024612519124593, 0.0, 0.88033626681359, 0.5578634071629411, 0,0, 0
0.10024612519124593, 0.0, 0.88033626681359, 0.5628284181525951, 0,0, 0
0.10024612519124593, 0.0, 0.88033626681359, 0.5584603520490475, 0,0, 0
0.0996474422936207, 0.0, 0.9424463317291131, 0.5941073465815969, 0,0, 0
0.09958092197166234, 0.0, 0.8933638062721464, 0.5784042701654953, 0,0, 0
0.09958092197166234, 0.0, 0.8933638062721464, 0.5771175962119729, 0,0, 0
0.0996474422936207, 0.0, 0.9424463317291131, 0.5887882529524066, 0,0, 0
0.0996474422936207, 0.0, 0.9424463317291131, 0.5884715865428848, 0,0, 0
0.0996474422936207, 0.0, 0.9424463317291131, 0.5885809079249708, 0,0, 0
0.10024612519124593, 0.0, 0.88033626681359, 0.5699549766055588, 0,0, 0
0.09904875939599547, 0.0, 0.8938837418790088, 0.5745952850756325, 0,0, 0
0.10097784873278787, 0.0, 0.8896953824485279, 0.5727022871157541, 0,0, 0
0.10051220647907935, 0.0, 0.8777699163158681, 0.5739068139996943, 0,0, 0
0.0996474422936207, 0.0, 0.9424463317291131, 0.5875988884523898, 0,0, 0
0.10097784873278787, 0.0, 0.8896953824485279, 0.5714030501692394, 0,0, 0
0.09904875939599547, 0.0, 0.8938837418790088, 0.5768427357503894, 0,0, 0
0.09904875939599547, 0.0, 0.8938837418790088, 0.5764699726041497, 0,0, 0
0.0996474422936207, 0.0, 0.9424463317291131, 0.5893768131406263, 0,0, 0
0.0996474422936207, 0.0, 0.9424463317291131, 0.5882142335979377, 0,0, 0
0.0996474422936207, 0.0, 0.9424463317291131, 0.587873760278473, 0,0, 0
0.0996474422936207, 0.0, 0.9424463317291131, 0.5871932249674654, 0,0, 0
0.09904875939599547, 0.0, 0.8938837418790088, 0.5766115274206727, 0,0, 0
0.10051220647907935, 0.0, 0.8777699163158681, 0.5709305528563152, 0,0, 0
0.09845007649837025, 0.0, 0.894416056899658, 0.5556357068668595, 0,0, 0
0.10051220647907935, 0.0, 0.8777699163158681, 0.5742838141730211, 0,0, 0
0.10177609259628817, 0.0, 0.8920102167437365, 0.46032445276785977, 0,0, 0
0.10310649903545534, 0.0, 0.8894864635280675, 0.44275021130863673, 0,0, 0
0.10456994611853922, 0.0, 0.8881433792557337, 0.43553858248488564, 0,0, 0
0.10051220647907935, 0.0, 0.8777699163158681, 0.5741143192502551, 0,0, 0
0.09479145879066055, 0.0, 0.892476277671527, 0.4041128946274511, 0,0, 0
0.09904875939599547, 0.0, 0.8938837418790088, 0.5759799206764797, 0,0, 0
0.10051220647907935, 0.0, 0.8777699163158681, 0.5739540824838555, 0,0, 0
0.10051220647907935, 0.0, 0.8777699163158681, 0.5751648265700325, 0,0, 0
0.10051220647907935, 0.0, 0.8777699163158681, 0.5759242739993078, 0,0, 0
0.10051220647907935, 0.0, 0.8777699163158681, 0.571948042212092, 0,0, 0
0.0996474422936207, 0.0, 0.9424463317291131, 0.5895855083818763, 0,0, 0
0.0996474422936207, 0.0, 0.9424463317291131, 0.5889035201392526, 0,0, 0
0.0996474422936207, 0.0, 0.9424463317291131, 0.5891734715408969, 0,0, 0
0.0996474422936207, 0.0, 0.9424463317291131, 0.5867231301246816, 0,0, 0
0.0996474422936207, 0.0, 0.9424463317291131, 0.5925499346427452, 0,0, 0
0.0996474422936207, 0.0, 0.9424463317291131, 0.5907467464999077, 0,0, 0
0.09904875939599547, 0.0, 0.8938837418790088, 0.5735023751933639, 0,0, 0
0.0996474422936207, 0.0, 0.9424463317291131, 0.59603277109253, 0,0, 0
0.0996474422936207, 0.0, 0.9424463317291131, 0.5895274392119414, 0,0, 0
0.0996474422936207, 0.0, 0.9424463317291131, 0.5952786689734275, 0,0, 0
0.09904875939599547, 0.0, 0.8938837418790088, 0.5711273868940749, 0,0, 0
0.09904875939599547, 0.0, 0.8938837418790088, 0.5722777044937483, 0,0, 0
0.0996474422936207, 0.0, 0.9424463317291131, 0.5893069839511452, 0,0, 0
0.0996474422936207, 0.0, 0.9424463317291131, 0.5900715307782507, 0,0, 0
0.0996474422936207, 0.0, 0.9424463317291131, 0.5903776401403937, 0,0, 0
0.0996474422936207, 0.0, 0.9424463317291131, 0.5866500072499954, 0,0, 0
0.0996474422936207, 0.0, 0.9424463317291131, 0.5880999582108369, 0,0, 0
0.0996474422936207, 0.0, 0.9424463317291131, 0.5865456020252734, 0,0, 0
0.10051220647907935, 0.0, 0.8777699163158681, 0.5774564693333757, 0,0, 0
0.10051220647907935, 0.0, 0.8777699163158681, 0.5766732065226665, 0,0, 0
0.0996474422936207, 0.0, 0.9424463317291131, 0.5905044284554662, 0,0, 0
0.0996474422936207, 0.0, 0.9424463317291131, 0.5895904148483518, 0,0, 0
0.0996474422936207, 0.0, 0.9424463317291131, 0.5861760997713898, 0,0, 0
0.0996474422936207, 0.0, 0.9424463317291131, 0.5917347710707591, 0,0, 0
0.0996474422936207, 0.0, 0.9424463317291131, 0.5888825693054698, 0,0, 0
0.0996474422936207, 0.0, 0.9424463317291131, 0.5941423054907662, 0,0, 0
0.0996474422936207, 0.0, 0.9424463317291131, 0.5911722784187017, 0,0, 0
0.0996474422936207, 0.0, 0.9424463317291131, 0.5976344983179507, 0,0, 0
0.0996474422936207, 0.0, 0.9424463317291131, 0.588149026661452, 0,0, 0
0.09904875939599547, 0.0, 0.8938837418790088, 0.5815450817943291, 0,0, 0
0.10097784873278787, 0.0, 0.8896953824485279, 0.5781111297865358, 0,0, 0
0.10097784873278787, 0.0, 0.8896953824485279, 0.5741602282955155, 0,0, 0
0.09904875939599547, 0.0, 0.8938837418790088, 0.5721619882121918, 0,0, 0
0.09904875939599547, 0.0, 0.8938837418790088, 0.5741003857800139, 0,0, 0
0.0996474422936207, 0.0, 0.9424463317291131, 0.5945823414196038, 0,0, 0
0.09904875939599547, 0.0, 0.8938837418790088, 0.5799802240503302, 0,0, 0
0.09904875939599547, 0.0, 0.8938837418790088, 0.5764932650485509, 0,0, 0
0.10097784873278787, 0.0, 0.8896953824485279, 0.5717152785186251, 0,0, 0
0.10097784873278787, 0.0, 0.8896953824485279, 0.5703317026849511, 0,0, 0
0.0996474422936207, 0.0, 0.9424463317291131, 0.5903283335103852, 0,0, 0
0.0996474422936207, 0.0, 0.9424463317291131, 0.5872215363259358, 0,0, 0
0.10297345839153861, 0.0, 0.8826302958662793, 0.3592189741973562, 0,0, 0
0.09958092197166234, 0.0, 0.8933638062721464, 0.5777366497958841, 0,0, 0
0.09991352358145414, 0.0, 0.9273376082964652, 0.5921856202455871, 0,0, 0
0.09991352358145414, 0.0, 0.9273376082964652, 0.5869403446181373, 0,0, 0
0.10017960486928756, 0.0, 0.8835487229879121, 0.5724645223365674, 0,0, 0
0.09991352358145414, 0.0, 0.9273376082964652, 0.5902133893930928, 0,0, 0
0.10017960486928756, 0.0, 0.8835487229879121, 0.5804668145512009, 0,0, 0
0.10017960486928756, 0.0, 0.8835487229879121, 0.5758835652810878, 0,0, 0
0.10017960486928756, 0.0, 0.8835487229879121, 0.581641750558495, 0,0, 0
0.10017960486928756, 0.0, 0.8835487229879121, 0.5754861522557826, 0,0, 0
0.10017960486928756, 0.0, 0.8835487229879121, 0.5729977194925024, 0,0, 0
0.10017960486928756, 0.0, 0.8835487229879121, 0.5748018908776715, 0,0, 0
0.10017960486928756, 0.0, 0.8835487229879121, 0.58263158971222, 0,0, 0
0.10017960486928756, 0.0, 0.8835487229879121, 0.5732573046929795, 0,0, 0
0.10017960486928756, 0.0, 0.8835487229879121, 0.577012198213094, 0,0, 0
0.10017960486928756, 0.0, 0.8835487229879121, 0.5723077190605746, 0,0, 0
0.10017960486928756, 0.0, 0.8835487229879121, 0.5741315557428291, 0,0, 0
0.10017960486928756, 0.0, 0.8835487229879121, 0.5756089429990195, 0,0, 0
0.10017960486928756, 0.0, 0.8835487229879121, 0.577175547954536, 0,0, 0
0.10017960486928756, 0.0, 0.8835487229879121, 0.5745041072538385, 0,0, 0
0.10017960486928756, 0.0, 0.8835487229879121, 0.5726723053612728, 0,0, 0
0.10017960486928756, 0.0, 0.8835487229879121, 0.572079364650441, 0,0, 0
0.10017960486928756, 0.0, 0.8835487229879121, 0.5739316362375626, 0,0, 0
0.10017960486928756, 0.0, 0.8835487229879121, 0.5734870668666643, 0,0, 0
0.10017960486928756, 0.0, 0.8835487229879121, 0.574202962086554, 0,0, 0
0.10017960486928756, 0.0, 0.8835487229879121, 0.5749888590395065, 0,0, 0
0.10017960486928756, 0.0, 0.8835487229879121, 0.5743071883662768, 0,0, 0
0.09878267810816205, 0.0, 0.9000015148416551, 0.5808446889018483, 0,0, 0
0.09904875939599547, 0.0, 0.8938837418790088, 0.5723018117893603, 0,0, 0
0.09904875939599547, 0.0, 0.8938837418790088, 0.574871862393928, 0,0, 0
0.11315106765116743, 0.0, 0.8964549040454425, 0.2916830448907311, 0,0, 0
0.10111088937670458, 0.0, 0.9116167084157132, 0.5795755615148843, 0,0, 0
0.09878267810816205, 0.0, 0.9000015148416551, 0.5811991274963864, 0,0, 0
0.09878267810816205, 0.0, 0.9000015148416551, 0.580402300394437, 0,0, 0
0.09958092197166234, 0.0, 0.8933638062721464, 0.5767444734182939, 0,0, 0
0.09958092197166234, 0.0, 0.8933638062721464, 0.57725078927362, 0,0, 0
0.0996474422936207, 0.0, 0.9424463317291131, 0.5950107362133312, 0,0, 0
0.0996474422936207, 0.0, 0.9424463317291131, 0.5865245531286467, 0,0, 0
0.10024612519124593, 0.0, 0.88033626681359, 0.5621449154184649, 0,0, 0
0.10017960486928756, 0.0, 0.8835487229879121, 0.5728885945801714, 0,0, 0
0.0996474422936207, 0.0, 0.9424463317291131, 0.588313672577084, 0,0, 0
0.10024612519124593, 0.0, 0.88033626681359, 0.5606116098618327, 0,0, 0
0.10024612519124593, 0.0, 0.88033626681359, 0.5668526606713276, 0,0, 0
0.09878267810816205, 0.0, 0.9000015148416551, 0.5768850871259975, 0,0, 0
0.09991352358145414, 0.0, 0.9273376082964652, 0.5890345479778208, 0,0, 0
0.09904875939599547, 0.0, 0.8938837418790088, 0.5786334987129813, 0,0, 0
0.09991352358145414, 0.0, 0.9273376082964652, 0.5887737006663527, 0,0, 0
0.09991352358145414, 0.0, 0.9273376082964652, 0.5940048251553951, 0,0, 0
0.09904875939599547, 0.0, 0.8938837418790088, 0.5762251174000615, 0,0, 0
0.09904875939599547, 0.0, 0.8938837418790088, 0.575016500431428, 0,0, 0
0.09904875939599547, 0.0, 0.8938837418790088, 0.57113986987806, 0,0, 0
0.09904875939599547, 0.0, 0.8938837418790088, 0.575314890763988, 0,0, 0
0.09904875939599547, 0.0, 0.8938837418790088, 0.5706970177464474, 0,0, 0
0.09904875939599547, 0.0, 0.8938837418790088, 0.5749202112777677, 0,0, 0
0.09904875939599547, 0.0, 0.8938837418790088, 0.5766693511709506, 0,0, 0
0.09904875939599547, 0.0, 0.8938837418790088, 0.575833717240682, 0,0, 0
0.09904875939599547, 0.0, 0.8938837418790088, 0.5721215231858416, 0,0, 0
0.09904875939599547, 0.0, 0.8938837418790088, 0.5767271797843726, 0,0, 0
0.09904875939599547, 0.0, 0.8938837418790088, 0.5779975719613735, 0,0, 0
0.09904875939599547, 0.0, 0.8938837418790088, 0.573142777640966, 0,0, 0
0.09904875939599547, 0.0, 0.8938837418790088, 0.5761414376231844, 0,0, 0
0.09904875939599547, 0.0, 0.8938837418790088, 0.5752118262241087, 0,0, 0
0.09904875939599547, 0.0, 0.8938837418790088, 0.5740964502924522, 0,0, 0
0.09904875939599547, 0.0, 0.8938837418790088, 0.5714608402962662, 0,0, 0
0.09904875939599547, 0.0, 0.8938837418790088, 0.5770466199350377, 0,0, 0
0.09991352358145414, 0.0, 0.9273376082964652, 0.5886597425335753, 0,0, 0
0.09991352358145414, 0.0, 0.9273376082964652, 0.5864134785966391, 0,0, 0
0.09991352358145414, 0.0, 0.9273376082964652, 0.5877247168538561, 0,0, 0
0.09991352358145414, 0.0, 0.9273376082964652, 0.5881942623951087, 0,0, 0
0.09991352358145414, 0.0, 0.9273376082964652, 0.5887683304927168, 0,0, 0
0.10017960486928756, 0.0, 0.8835487229879121, 0.5779292722899154, 0,0, 0
0.10097784873278787, 0.0, 0.8896953824485279, 0.5734546875535775, 0,0, 0
0.10097784873278787, 0.0, 0.8896953824485279, 0.5700740804594917, 0,0, 0
0.0996474422936207, 0.0, 0.9424463317291131, 0.5868363470050492, 0,0, 0
0.0996474422936207, 0.0, 0.9424463317291131, 0.5931825645528506, 0,0, 0
0.0996474422936207, 0.0, 0.9425088473580203, 0.5838024402187176, 0,0, 0
0.0996474422936207, 0.0, 0.9424463317291131, 0.5918980147539584, 0,0, 0
0.09904875939599547, 0.0, 0.8938837418790088, 0.5695719818737344, 0,0, 0
0.09904875939599547, 0.0, 0.8938837418790088, 0.5715129353982698, 0,0, 0
0.10051220647907935, 0.0, 0.8777699163158681, 0.577737905174984, 0,0, 0
0.09904875939599547, 0.0, 0.8938837418790088, 0.5745533605584358, 0,0, 0
0.09173152398057606, 0.0, 0.9027821080768781, 0.48050339291542316, 0,0, 0
0.09991352358145414, 0.0, 0.9273376082964652, 0.5901706028442824, 0,0, 0
0.09991352358145414, 0.0, 0.9273376082964652, 0.5877682811353114, 0,0, 0
0.09904875939599547, 0.0, 0.8938837418790088, 0.5738945840638894, 0,0, 0
0.09991352358145414, 0.0, 0.9273376082964652, 0.5930148995980254, 0,0, 0
0.10017960486928756, 0.0, 0.8835487229879121, 0.5760270487637877, 0,0, 0
0.09991352358145414, 0.0, 0.9273376082964652, 0.5933730071052176, 0,0, 0
0.09991352358145414, 0.0, 0.9273376082964652, 0.5901209687082953, 0,0, 0
0.09991352358145414, 0.0, 0.9273376082964652, 0.5905373276078909, 0,0, 0
0.09991352358145414, 0.0, 0.9273376082964652, 0.5878354579357614, 0,0, 0
0.09991352358145414, 0.0, 0.9273376082964652, 0.5888232922229567, 0,0, 0
0.09991352358145414, 0.0, 0.9273376082964652, 0.5928514729028967, 0,0, 0
0.09745227166899488, 0.0, 0.9252248750363069, 0.4975308357204053, 0,0, 0
0.09904875939599547, 0.0, 0.8938837418790088, 0.5754540851404836, 0,0, 0
0.09991352358145414, 0.0, 0.9273376082964652, 0.5867860649786905, 0,0, 0
0.09904875939599547, 0.0, 0.8938837418790088, 0.571244376366703, 0,0, 0
0.09904875939599547, 0.0, 0.8938837418790088, 0.5763431763920586, 0,0, 0
0.09991352358145414, 0.0, 0.9273376082964652, 0.5928882942716623, 0,0, 0
0.09991352358145414, 0.0, 0.9273376082964652, 0.5919314439575698, 0,0, 0
0.09991352358145414, 0.0, 0.9273376082964652, 0.59249922488588, 0,0, 0
0.10270737710370519, 0.0, 0.886403684513527, 0.26568078507710413, 0,0, 0
0.10097784873278787, 0.0, 0.8896953824485279, 0.5719421545116745, 0,0, 0
0.10051220647907935, 0.0, 0.8777699163158681, 0.5738992106468781, 0,0, 0
0.10051220647907935, 0.0, 0.8777699163158681, 0.5749072241471748, 0,0, 0
0.09904875939599547, 0.0, 0.8938837418790088, 0.5724284202571781, 0,0, 0
0.0996474422936207, 0.0, 0.9424463317291131, 0.5881357896890741, 0,0, 0
0.09904875939599547, 0.0, 0.8938837418790088, 0.5803072663394713, 0,0, 0
0.09904875939599547, 0.0, 0.8938837418790088, 0.5823012035916321, 0,0, 0
0.09904875939599547, 0.0, 0.8938837418790088, 0.5794358639190252, 0,0, 0
0.09904875939599547, 0.0, 0.8938837418790088, 0.5741206304976131, 0,0, 0
0.09904875939599547, 0.0, 0.8938837418790088, 0.5745533902554358, 0,0, 0
0.09904875939599547, 0.0, 0.8938837418790088, 0.5747911731022821, 0,0, 0
0.09904875939599547, 0.0, 0.8938837418790088, 0.5759038548251137, 0,0, 0
0.09904875939599547, 0.0, 0.8938837418790088, 0.5758939122555249, 0,0, 0
0.09904875939599547, 0.0, 0.8938837418790088, 0.5756902006119308, 0,0, 0
0.09904875939599547, 0.0, 0.8938837418790088, 0.5752165811942033, 0,0, 0
0.09904875939599547, 0.0, 0.8938837418790088, 0.5742780389083083, 0,0, 0
0.09904875939599547, 0.0, 0.8938837418790088, 0.5772467227973302, 0,0, 0
0.09904875939599547, 0.0, 0.8938837418790088, 0.574623686084081, 0,0, 0
0.09904875939599547, 0.0, 0.8938837418790088, 0.5765074801490343, 0,0, 0
0.09904875939599547, 0.0, 0.8938837418790088, 0.5764700936154693, 0,0, 0
0.09904875939599547, 0.0, 0.8938837418790088, 0.5760619162181574, 0,0, 0
0.09904875939599547, 0.0, 0.8938837418790088, 0.5800339806472956, 0,0, 0
0.09904875939599547, 0.0, 0.8938837418790088, 0.5725879076851065, 0,0, 0
0.09904875939599547, 0.0, 0.8938837418790088, 0.5783841415252271, 0,0, 0
0.09904875939599547, 0.0, 0.8938837418790088, 0.5760185130488464, 0,0, 0
0.09904875939599547, 0.0, 0.8938837418790088, 0.5732220468880111, 0,0, 0
0.09958092197166234, 0.0, 0.8933638062721464, 0.5750644719852028, 0,0, 0
0.09958092197166234, 0.0, 0.8933638062721464, 0.5789494984365947, 0,0, 0
0.09904875939599547, 0.0, 0.8938837418790088, 0.5812203226500826, 0,0, 0
0.09958092197166234, 0.0, 0.8933638062721464, 0.5798976740209724, 0,0, 0
0.09958092197166234, 0.0, 0.8933638062721464, 0.5803647931138358, 0,0, 0
0.09153196301470098, 0.0, 0.9156312777968648, 0.334060192788656, 0,0, 0
0.09805095456662011, 0.0, 0.8881938742437984, 0.4614223947590538, 0,0, 0
0.10024612519124593, 0.0, 0.88033626681359, 0.5608857498584289, 0,0, 0
0.12253043304729595, 0.0, 0.8764871288338156, 0.3812333924667338, 0,0, 0
0.0996474422936207, 0.0, 0.9424463317291131, 0.5850283147370693, 0,0, 0
0.0996474422936207, 0.0, 0.9424463317291131, 0.5853377062743392, 0,0, 0
0.09878267810816205, 0.0, 0.9000015148416551, 0.5809470618279583, 0,0, 0
0.0996474422936207, 0.0, 0.9424463317291131, 0.5929224397734936, 0,0, 0
0.09958092197166234, 0.0, 0.8933638062721464, 0.5810777028418648, 0,0, 0
0.0996474422936207, 0.0, 0.9424463317291131, 0.588078457516444, 0,0, 0
0.10024612519124593, 0.0, 0.88033626681359, 0.5657333805163797, 0,0, 0
0.10111088937670458, 0.0, 0.9116167084157132, 0.5823299367854602, 0,0, 0
0.0996474422936207, 0.0, 0.9424463317291131, 0.5932858444036403, 0,0, 0
0.0996474422936207, 0.0, 0.9424463317291131, 0.5875189234182298, 0,0, 0
0.10097784873278787, 0.0, 0.8896953824485279, 0.5719488088127737, 0,0, 0
0.10097784873278787, 0.0, 0.8896953824485279, 0.574673031163921, 0,0, 0
0.10097784873278787, 0.0, 0.8896953824485279, 0.5726888702318638, 0,0, 0
0.10097784873278787, 0.0, 0.8896953824485279, 0.5736847806818753, 0,0, 0
0.10097784873278787, 0.0, 0.8896953824485279, 0.577360999288315, 0,0, 0
0.10097784873278787, 0.0, 0.8896953824485279, 0.578197462942637, 0,0, 0
0.10097784873278787, 0.0, 0.8896953824485279, 0.5784127253256094, 0,0, 0
0.10097784873278787, 0.0, 0.8896953824485279, 0.5752643573209495, 0,0, 0
0.10097784873278787, 0.0, 0.8896953824485279, 0.5714808483167436, 0,0, 0
0.10097784873278787, 0.0, 0.8896953824485279, 0.5748851724642293, 0,0, 0
0.10097784873278787, 0.0, 0.8896953824485279, 0.5752777233930868, 0,0, 0
0.10097784873278787, 0.0, 0.8896953824485279, 0.5726969494501759, 0,0, 0
0.10097784873278787, 0.0, 0.8896953824485279, 0.5744590267255366, 0,0, 0
0.10097784873278787, 0.0, 0.8896953824485279, 0.5753153290295444, 0,0, 0
0.10097784873278787, 0.0, 0.8896953824485279, 0.5679301803947284, 0,0, 0
0.10097784873278787, 0.0, 0.8896953824485279, 0.5745241763235825, 0,0, 0
0.10051220647907935, 0.0, 0.8777699163158681, 0.575385730882292, 0,0, 0
0.10097784873278787, 0.0, 0.8896953824485279, 0.575884927000176, 0,0, 0
0.09878267810816205, 0.0, 0.9000015148416551, 0.5813485347272577, 0,0, 0
0.09878267810816205, 0.0, 0.9000015148416551, 0.5818577709979578, 0,0, 0
0.09878267810816205, 0.0, 0.9000015148416551, 0.5827521593303077, 0,0, 0
0.09904875939599547, 0.0, 0.8938837418790088, 0.5740571432749546, 0,0, 0
0.09904875939599547, 0.0, 0.8938837418790088, 0.5784863337399353, 0,0, 0
0.09904875939599547, 0.0, 0.8938837418790088, 0.571291221815274, 0,0, 0
0.09904875939599547, 0.0, 0.8938837418790088, 0.5730874230264925, 0,0, 0
0.10017960486928756, 0.0, 0.8835487229879121, 0.5724267933209366, 0,0, 0
0.10017960486928756, 0.0, 0.8835487229879121, 0.5735357205121031, 0,0, 0
0.10017960486928756, 0.0, 0.8835487229879121, 0.573603073486911, 0,0, 0
0.09991352358145414, 0.0, 0.9273376082964652, 0.5905203281157317, 0,0, 0
0.09991352358145414, 0.0, 0.9273376082964652, 0.5872950634371138, 0,0, 0
0.09991352358145414, 0.0, 0.9273376082964652, 0.5889311475072577, 0,0, 0
0.09991352358145414, 0.0, 0.9273376082964652, 0.5891577314158208, 0,0, 0
0.10111088937670458, 0.0, 0.9116167084157132, 0.5787522768837204, 0,0, 0
0.10111088937670458, 0.0, 0.9116167084157132, 0.57859998075368, 0,0, 0
0.10111088937670458, 0.0, 0.9116167084157132, 0.5811393655535347, 0,0, 0
0.10097784873278787, 0.0, 0.8896953824485279, 0.5722694917250927, 0,0, 0
0.09904875939599547, 0.0, 0.8938837418790088, 0.5739062450018548, 0,0, 0
0.10097784873278787, 0.0, 0.8896953824485279, 0.5736181260118621, 0,0, 0
0.0996474422936207, 0.0, 0.9424463317291131, 0.5898408130359105, 0,0, 0
0.10097784873278787, 0.0, 0.8896953824485279, 0.5721918449626691, 0,0, 0
0.10097784873278787, 0.0, 0.8896953824485279, 0.5813335919819557, 0,0, 0
0.09878267810816205, 0.0, 0.9000015148416551, 0.579264826216635, 0,0, 0
0.10051220647907935, 0.0, 0.8777699163158681, 0.573931252020405, 0,0, 0
0.0996474422936207, 0.0, 0.9424463317291131, 0.5845816565300773, 0,0, 0
0.0996474422936207, 0.0, 0.9424463317291131, 0.588982227224924, 0,0, 0
0.0996474422936207, 0.0, 0.9424463317291131, 0.5908754139737052, 0,0, 0
0.10051220647907935, 0.0, 0.8777699163158681, 0.5692809394528421, 0,0, 0
0.09904875939599547, 0.0, 0.8938837418790088, 0.5808338638888187, 0,0, 0
0.0996474422936207, 0.0, 0.9424463317291131, 0.586998813653762, 0,0, 0
0.09944788132774562, 0.0, 0.8935221491787999, 0.5528492459806077, 0,0, 0
0.09904875939599547, 0.0, 0.8938837418790088, 0.5744428957922544, 0,0, 0
0.09904875939599547, 0.0, 0.8938837418790088, 0.5766495856177616, 0,0, 0
0.09904875939599547, 0.0, 0.8938837418790088, 0.5739383784576115, 0,0, 0
0.0996474422936207, 0.0, 0.9424463317291131, 0.5882221334431786, 0,0, 0
0.0996474422936207, 0.0, 0.9424463317291131, 0.589614183726717, 0,0, 0
0.09359409299541009, 0.0, 0.8993925336370806, 0.4485987559960266, 0,0, 0
0.10097784873278787, 0.0, 0.8896953824485279, 0.5710459547428998, 0,0, 0
0.10111088937670458, 0.0, 0.9116167084157132, 0.5803549251400891, 0,0, 0
0.10111088937670458, 0.0, 0.9116167084157132, 0.574472796189397, 0,0, 0
0.10111088937670458, 0.0, 0.9116167084157132, 0.5848521862479199, 0,0, 0
0.10111088937670458, 0.0, 0.9116167084157132, 0.584023958186091, 0,0, 0
0.10111088937670458, 0.0, 0.9116167084157132, 0.5804996848236956, 0,0, 0
0.10111088937670458, 0.0, 0.9116167084157132, 0.5835055090940869, 0,0, 0
0.10111088937670458, 0.0, 0.9116167084157132, 0.5856595915669718, 0,0, 0
0.10111088937670458, 0.0, 0.9116167084157132, 0.5831506188188691, 0,0, 0
0.10111088937670458, 0.0, 0.9116167084157132, 0.5806005479511573, 0,0, 0
0.10111088937670458, 0.0, 0.9116167084157132, 0.580808517848349, 0,0, 0
0.10111088937670458, 0.0, 0.9116167084157132, 0.5805176829854648, 0,0, 0
0.10111088937670458, 0.0, 0.9116167084157132, 0.581783048298552, 0,0, 0
0.10111088937670458, 0.0, 0.9116167084157132, 0.5794926436697654, 0,0, 0
0.10111088937670458, 0.0, 0.9116167084157132, 0.5790467237030289, 0,0, 0
0.10024612519124593, 0.0, 0.88033626681359, 0.5631403638981061, 0,0, 0
0.0996474422936207, 0.0, 0.9424463317291131, 0.5912090396229004, 0,0, 0
0.10024612519124593, 0.0, 0.88033626681359, 0.5581114297033306, 0,0, 0
0.0996474422936207, 0.0, 0.9424463317291131, 0.5904926589693716, 0,0, 0
0.10024612519124593, 0.0, 0.88033626681359, 0.5614412492733015, 0,0, 0
0.09958092197166234, 0.0, 0.8933638062721464, 0.5761193456466411, 0,0, 0
0.10024612519124593, 0.0, 0.88033626681359, 0.5600076046839207, 0,0, 0
0.0996474422936207, 0.0, 0.9424463317291131, 0.5892986108535401, 0,0, 0
0.10017960486928756, 0.0, 0.8835487229879121, 0.5748090896982457, 0,0, 0
0.10051220647907935, 0.0, 0.8777699163158681, 0.5791413170973511, 0,0, 0
0.0996474422936207, 0.0, 0.9424463317291131, 0.586117697509312, 0,0, 0
0.09904875939599547, 0.0, 0.8938837418790088, 0.5795824356850925, 0,0, 0
0.09904875939599547, 0.0, 0.8938837418790088, 0.5724767796355407, 0,0, 0
0.10097784873278787, 0.0, 0.8896953824485279, 0.5755373041792101, 0,0, 0
0.09904875939599547, 0.0, 0.8938837418790088, 0.5707018386530348, 0,0, 0
0.09904875939599547, 0.0, 0.8938837418790088, 0.574081411937631, 0,0, 0
0.0996474422936207, 0.0, 0.9424463317291131, 0.5873429492976973, 0,0, 0
0.0996474422936207, 0.0, 0.9424463317291131, 0.5884062558287554, 0,0, 0
0.0996474422936207, 0.0, 0.9424463317291131, 0.5899873920383889, 0,0, 0
0.0996474422936207, 0.0, 0.9424463317291131, 0.5889932226001487, 0,0, 0
0.0996474422936207, 0.0, 0.9424463317291131, 0.5881038262960435, 0,0, 0
0.0996474422936207, 0.0, 0.9424463317291131, 0.5886416325108572, 0,0, 0
0.0996474422936207, 0.0, 0.9424463317291131, 0.5857422082411388, 0,0, 0
0.0996474422936207, 0.0, 0.9424463317291131, 0.591477696624768, 0,0, 0
0.0996474422936207, 0.0, 0.9424463317291131, 0.5889710558366396, 0,0, 0
0.0996474422936207, 0.0, 0.9424463317291131, 0.5918113559092825, 0,0, 0
0.0996474422936207, 0.0, 0.9424463317291131, 0.587271296912506, 0,0, 0
0.09904875939599547, 0.0, 0.8938837418790088, 0.5719151717563528, 0,0, 0
0.09904875939599547, 0.0, 0.8938837418790088, 0.5800406983846036, 0,0, 0
0.09904875939599547, 0.0, 0.8938837418790088, 0.5759771661803672, 0,0, 0
0.09904875939599547, 0.0, 0.8938837418790088, 0.5711168223504131, 0,0, 0
0.09904875939599547, 0.0, 0.8938837418790088, 0.5775487978259879, 0,0, 0
0.09904875939599547, 0.0, 0.8938837418790088, 0.5763339270788674, 0,0, 0
0.09991352358145414, 0.0, 0.9273376082964652, 0.590312443712912, 0,0, 0
0.0996474422936207, 0.0, 0.9424463317291131, 0.5887494973719125, 0,0, 0
0.0996474422936207, 0.0, 0.9424463317291131, 0.5871249525026395, 0,0, 0
0.0996474422936207, 0.0, 0.9424463317291131, 0.5941876028050854, 0,0, 0
0.0996474422936207, 0.0, 0.9424463317291131, 0.5893199869186665, 0,0, 0
0.0996474422936207, 0.0, 0.9424463317291131, 0.5885028986997822, 0,0, 0
0.10024612519124593, 0.0, 0.88033626681359, 0.5612838486033003, 0,0, 0
0.10024612519124593, 0.0, 0.88033626681359, 0.5628396121491125, 0,0, 0
0.0996474422936207, 0.0, 0.9424463317291131, 0.5890485662971877, 0,0, 0
0.09904875939599547, 0.0, 0.8938837418790088, 0.5718238361567264, 0,0, 0
0.09991352358145414, 0.0, 0.9273376082964652, 0.5930171163758486, 0,0, 0
0.0996474422936207, 0.0, 0.9424463317291131, 0.5875151720207579, 0,0, 0
0.0996474422936207, 0.0, 0.9424463317291131, 0.587070070459808, 0,0, 0
0.0996474422936207, 0.0, 0.9424463317291131, 0.5882657486907525, 0,0, 0
0.0996474422936207, 0.0, 0.9424463317291131, 0.5897503011568905, 0,0, 0
0.09991352358145414, 0.0, 0.9273376082964652, 0.594942086711544, 0,0, 0
0.0996474422936207, 0.0, 0.9424463317291131, 0.5930401928653444, 0,0, 0
0.09991352358145414, 0.0, 0.9273376082964652, 0.5961591410848455, 0,0, 0
0.09991352358145414, 0.0, 0.9273376082964652, 0.5936921728595428, 0,0, 0
0.09991352358145414, 0.0, 0.9273376082964652, 0.5915712048809268, 0,0, 0
0.09991352358145414, 0.0, 0.9273376082964652, 0.5929358259707357, 0,0, 0
0.09904875939599547, 0.0, 0.8938837418790088, 0.5748067849074849, 0,0, 0
0.09904875939599547, 0.0, 0.8938837418790088, 0.5734229378567087, 0,0, 0
0.09991352358145414, 0.0, 0.9273376082964652, 0.5880425058992365, 0,0, 0
0.09991352358145414, 0.0, 0.9273376082964652, 0.5858838687300143, 0,0, 0
0.09991352358145414, 0.0, 0.9273376082964652, 0.5895603291390116, 0,0, 0
0.0996474422936207, 0.0, 0.9424463317291131, 0.5902523919410728, 0,0, 0
0.09904875939599547, 0.0, 0.8938837418790088, 0.5740078897419039, 0,0, 0
0.0996474422936207, 0.0, 0.9424463317291131, 0.59223814181409, 0,0, 0
0.0996474422936207, 0.0, 0.9424463317291131, 0.591846714032071, 0,0, 0
0.0996474422936207, 0.0, 0.9424463317291131, 0.5895991246976434, 0,0, 0
0.09991352358145414, 0.0, 0.9273376082964652, 0.5913930293537206, 0,0, 0
0.09991352358145414, 0.0, 0.9273376082964652, 0.5910522485657903, 0,0, 0
0.09984700325949578, 0.0, 0.897821829046315, 0.5433705412694008, 0,0, 0
0.09904875939599547, 0.0, 0.8938837418790088, 0.576246236550899, 0,0, 0
0.0996474422936207, 0.0, 0.9424463317291131, 0.5899062601275604, 0,0, 0
0.09984700325949578, 0.0, 0.9273519349440297, 0.5918926922097352, 0,0, 0
0.0996474422936207, 0.0, 0.9424463317291131, 0.5910393901657208, 0,0, 0
0.0996474422936207, 0.0, 0.9424463317291131, 0.5865133584282557, 0,0, 0
0.0996474422936207, 0.0, 0.9424463317291131, 0.5858079378578449, 0,0, 0
0.10756336060666534, 0.0, 0.8848058404924791, 0.510204290432117, 0,0, 0
0.12000266081287833, 0.0, 0.88997511366932, 0.3918717427892673, 0,0, 0
0.13124459522384088, 0.0, 0.8936616740749403, 0.4593096644890853, 0,0, 0
0.0991818000399122, 0.0, 0.9426281458149878, 0.5876305098654951, 0,0, 0
0.0996474422936207, 0.0, 0.9424463317291131, 0.590215702615977, 0,0, 0
0.0996474422936207, 0.0, 0.9424463317291131, 0.5877667132290664, 0,0, 0
0.0996474422936207, 0.0, 0.9424463317291131, 0.5880833584776806, 0,0, 0
0.0996474422936207, 0.0, 0.9424463317291131, 0.5942269204793845, 0,0, 0
0.0996474422936207, 0.0, 0.9424463317291131, 0.5910686350662179, 0,0, 0
0.0996474422936207, 0.0, 0.9424463317291131, 0.5911870165463415, 0,0, 0
0.09991352358145414, 0.0, 0.9273376082964652, 0.5875725947632211, 0,0, 0
0.09991352358145414, 0.0, 0.9273376082964652, 0.5913918954240155, 0,0, 0
0.0972527107031198, 0.0, 0.8907759407927404, 0.3235294726197844, 0,0, 0
0.10024612519124593, 0.0, 0.88033626681359, 0.5588775348722528, 0,0, 0
0.10017960486928756, 0.0, 0.8835487229879121, 0.5756483607168853, 0,0, 0
0.09904875939599547, 0.0, 0.8938837418790088, 0.5716037620322659, 0,0, 0
0.09904875939599547, 0.0, 0.8938837418790088, 0.5724679721558013, 0,0, 0
0.09904875939599547, 0.0, 0.8938837418790088, 0.5774626554975186, 0,0, 0
0.09904875939599547, 0.0, 0.8938837418790088, 0.5734178527122239, 0,0, 0
0.09958092197166234, 0.0, 0.8933638062721464, 0.5770000364952205, 0,0, 0
0.09958092197166234, 0.0, 0.8933638062721464, 0.5770787282075248, 0,0, 0
0.09958092197166234, 0.0, 0.8933638062721464, 0.5789813340339254, 0,0, 0
0.09958092197166234, 0.0, 0.8933638062721464, 0.580796364292912, 0,0, 0
0.09958092197166234, 0.0, 0.8933638062721464, 0.5775624428010613, 0,0, 0
0.09958092197166234, 0.0, 0.8933638062721464, 0.5795551948995743, 0,0, 0
0.09958092197166234, 0.0, 0.8933638062721464, 0.5762597092041855, 0,0, 0
0.09958092197166234, 0.0, 0.8933638062721464, 0.58133128160638, 0,0, 0
0.09958092197166234, 0.0, 0.8933638062721464, 0.5778584850153755, 0,0, 0
0.09958092197166234, 0.0, 0.8933638062721464, 0.5780655407229556, 0,0, 0
0.09958092197166234, 0.0, 0.8933638062721464, 0.5817739862539673, 0,0, 0
0.09958092197166234, 0.0, 0.8933638062721464, 0.5745451977987931, 0,0, 0
0.09958092197166234, 0.0, 0.8933638062721464, 0.5765629604552575, 0,0, 0
0.09958092197166234, 0.0, 0.8933638062721464, 0.5760096879968805, 0,0, 0
0.09958092197166234, 0.0, 0.8933638062721464, 0.5790281097844467, 0,0, 0
0.09958092197166234, 0.0, 0.8933638062721464, 0.5779440644295806, 0,0, 0
0.09958092197166234, 0.0, 0.8933638062721464, 0.5796814635985928, 0,0, 0
0.09958092197166234, 0.0, 0.8933638062721464, 0.5759384403259281, 0,0, 0
0.09958092197166234, 0.0, 0.8933638062721464, 0.577496426404694, 0,0, 0
0.09958092197166234, 0.0, 0.8933638062721464, 0.5767428793048343, 0,0, 0
0.09958092197166234, 0.0, 0.8933638062721464, 0.5794937028454897, 0,0, 0
0.09958092197166234, 0.0, 0.8933638062721464, 0.5800538551166763, 0,0, 0
0.09958092197166234, 0.0, 0.8933638062721464, 0.577360359331182, 0,0, 0
0.09958092197166234, 0.0, 0.8933638062721464, 0.5748802331102083, 0,0, 0
0.09958092197166234, 0.0, 0.8933638062721464, 0.5852053643359786, 0,0, 0
0.09958092197166234, 0.0, 0.8933638062721464, 0.5808444123147041, 0,0, 0
0.09698662941528637, 0.0, 0.8984874235880285, 0.37985971055848144, 0,0, 0
0.09026807689749218, 0.0, 0.886396956443905, 0.4069390912562394, 0,0, 0
0.10716423867491519, 0.0, 0.926056280693917, 0.41679717725454457, 0,0, 0
0.11062329541674981, 0.0, 0.8659755756099767, 0.407165554643062, 0,0, 0
0.09958092197166234, 0.0, 0.8933638062721464, 0.5791937486709899, 0,0, 0
0.09958092197166234, 0.0, 0.8933638062721464, 0.5759224358644958, 0,0, 0
0.09878267810816205, 0.0, 0.9000015148416551, 0.5823289814098859, 0,0, 0
0.10024612519124593, 0.0, 0.88033626681359, 0.5617590278450281, 0,0, 0
0.10111088937670458, 0.0, 0.9116167084157132, 0.5828907893782369, 0,0, 0
0.09958092197166234, 0.0, 0.8933638062721464, 0.5750490520428388, 0,0, 0
0.10111088937670458, 0.0, 0.9116167084157132, 0.5815196196368736, 0,0, 0
0.10111088937670458, 0.0, 0.9116167084157132, 0.5830174758376852, 0,0, 0
0.10024612519124593, 0.0, 0.88033626681359, 0.5600569472613705, 0,0, 0
0.10111088937670458, 0.0, 0.9116167084157132, 0.5819134568616104, 0,0, 0
0.09958092197166234, 0.0, 0.8933638062721464, 0.5782819013447559, 0,0, 0
0.10024612519124593, 0.0, 0.88033626681359, 0.5639106262236542, 0,0, 0
0.0996474422936207, 0.0, 0.9424463317291131, 0.5856441001163207, 0,0, 0
0.09904875939599547, 0.0, 0.8938837418790088, 0.5735249947653361, 0,0, 0
0.09904875939599547, 0.0, 0.8938837418790088, 0.5773127463340305, 0,0, 0
0.09904875939599547, 0.0, 0.8938837418790088, 0.5818702377040342, 0,0, 0
0.09904875939599547, 0.0, 0.8938837418790088, 0.5702564466449696, 0,0, 0
0.09904875939599547, 0.0, 0.8938837418790088, 0.5731218761069078, 0,0, 0
0.09904875939599547, 0.0, 0.8938837418790088, 0.5725320082782616, 0,0, 0
0.09904875939599547, 0.0, 0.8938837418790088, 0.5742985339220676, 0,0, 0
0.09904875939599547, 0.0, 0.8938837418790088, 0.572168789882031, 0,0, 0
0.09904875939599547, 0.0, 0.8938837418790088, 0.5754085437751941, 0,0, 0
0.10111088937670458, 0.0, 0.9116167084157132, 0.5769206429436441, 0,0, 0
0.10051220647907935, 0.0, 0.8777699163158681, 0.5744757262160806, 0,0, 0
0.10051220647907935, 0.0, 0.8777699163158681, 0.5775214391078627, 0,0, 0
0.10051220647907935, 0.0, 0.8777699163158681, 0.5738734800964264, 0,0, 0
0.09904875939599547, 0.0, 0.8938837418790088, 0.5758705936524534, 0,0, 0
0.09904875939599547, 0.0, 0.8938837418790088, 0.5768900380157652, 0,0, 0
0.09904875939599547, 0.0, 0.8938837418790088, 0.5713843497610691, 0,0, 0
0.09904875939599547, 0.0, 0.8938837418790088, 0.5715574452130252, 0,0, 0
0.09904875939599547, 0.0, 0.8938837418790088, 0.5800921876822271, 0,0, 0
0.09904875939599547, 0.0, 0.8938837418790088, 0.5745809925896079, 0,0, 0
0.09904875939599547, 0.0, 0.8938837418790088, 0.5741102431751135, 0,0, 0
0.09904875939599547, 0.0, 0.8938837418790088, 0.5733574872200237, 0,0, 0
0.09904875939599547, 0.0, 0.8938837418790088, 0.5746693391425801, 0,0, 0
0.09984700325949578, 0.0, 0.9423366032024617, 0.588049186572221, 0,0, 0
0.09911527971795384, 0.0, 0.8938327214708456, 0.5698463680299182, 0,0, 0
0.09904875939599547, 0.0, 0.8938837418790088, 0.5736482857792938, 0,0, 0
0.09904875939599547, 0.0, 0.8938837418790088, 0.5719453319484878, 0,0, 0
0.10011308454732921, 0.0, 0.8835720874738934, 0.5704766160583246, 0,0, 0
0.09904875939599547, 0.0, 0.8938837418790088, 0.5747777822984271, 0,0, 0
0.09904875939599547, 0.0, 0.8938837418790088, 0.5754487855386384, 0,0, 0
0.09904875939599547, 0.0, 0.8938837418790088, 0.5824098139953019, 0,0, 0
0.09924832036187055, 0.0, 0.8937291486679482, 0.5757373387262039, 0,0, 0
0.09904875939599547, 0.0, 0.8938837418790088, 0.572642703043298, 0,0, 0
0.09904875939599547, 0.0, 0.8938837418790088, 0.5732880021409958, 0,0, 0
0.10111088937670458, 0.0, 0.9116167084157132, 0.5820383968436684, 0,0, 0
0.09904875939599547, 0.0, 0.8938837418790088, 0.580270453364183, 0,0, 0
0.09904875939599547, 0.0, 0.8938837418790088, 0.5752705813197062, 0,0, 0
0.09904875939599547, 0.0, 0.8938837418790088, 0.5736031920620125, 0,0, 0
0.09904875939599547, 0.0, 0.8938837418790088, 0.5755521302778127, 0,0, 0
0.09904875939599547, 0.0, 0.8938837418790088, 0.5730332691717571, 0,0, 0
0.09904875939599547, 0.0, 0.8938837418790088, 0.5706644648864301, 0,0, 0
0.09904875939599547, 0.0, 0.8938837418790088, 0.5831253921406488, 0,0, 0
0.09904875939599547, 0.0, 0.8938837418790088, 0.5767545620197658, 0,0, 0
0.09904875939599547, 0.0, 0.8938837418790088, 0.5792208653563133, 0,0, 0
0.09904875939599547, 0.0, 0.8938837418790088, 0.5781969150091837, 0,0, 0
0.10111088937670458, 0.0, 0.9116167084157132, 0.5824331053747978, 0,0, 0
0.09944788132774562, 0.0, 0.8934521503766121, 0.5667779254944846, 0,0, 0
0.09904875939599547, 0.0, 0.8938837418790088, 0.5722400982712019, 0,0, 0
0.09944788132774562, 0.0, 0.893443822878393, 0.5704097207523153, 0,0, 0
0.10111088937670458, 0.0, 0.9116167084157132, 0.5818141226154426, 0,0, 0
0.10111088937670458, 0.0, 0.9116167084157132, 0.5830555627376217, 0,0, 0
0.10111088937670458, 0.0, 0.9116167084157132, 0.5775041776587551, 0,0, 0
