acuracia,loss,frr,fpr, removed, n_clf, tp_removed
0.09825051553249518, 0.0, 0.8944041643372586, 0.40467750686587217, 0,0, 0
0.2741967671123528, 0.0, 0.7722725997185453, 0.48548084106846173, 0,0, 0
0.45539812412692077, 0.0, 0.6899907518247356, 0.4431230502730742, 0,0, 0
0.498702853721812, 0.0, 0.6531655723568902, 0.4083866645092722, 0,3, 0
0.5587707044502095, 0.0, 0.6095640018723177, 0.4117821942766375, 0,4, 0
0.6120534823388545, 0.0, 0.559382790699525, 0.3578956598166873, 0,4, 0
0.6503691877868689, 0.0, 0.5158331441728693, 0.3373961464372488, 0,3, 0
0.6771103572141289, 0.0, 0.5281601100638826, 0.35685050247480066, 0,3, 0
0.7309252976784407, 0.0, 0.4532825573556182, 0.3223731205341512, 0,4, 0
0.7633206944721612, 0.0, 0.3853301903522224, 0.2675670359191379, 0,4, 0
0.7363134437570678, 0.0, 0.4390260814986411, 0.29373521363905086, 0,2, 0
0.7424998336991951, 0.0, 0.4228373571976548, 0.2856188113540224, 0,4, 0
0.7381094924499435, 0.0, 0.446169930058196, 0.3200974148630813, 0,5, 0
0.7893966606798377, 0.0, 0.3724411731223094, 0.27446963815058295, 0,4, 0
0.7799507749617508, 0.0, 0.3940780110890494, 0.28067560849167617, 0,6, 0
0.783143750415752, 0.0, 0.3856414539602395, 0.2737540705471177, 0,2, 0
0.7771569214394998, 0.0, 0.39132605524649283, 0.2843514852378275, 0,3, 0
0.7988425463979245, 0.0, 0.33786674299895053, 0.2764809460452373, 0,2, 0
0.792988758065589, 0.0, 0.3590248273087493, 0.2685089492962882, 0,2, 0
0.7861371649038781, 0.0, 0.37131810270099985, 0.2675475120856706, 0,0, 0
0.7936539612851726, 0.0, 0.33752829991738603, 0.2518484977834111, 0,2, 0
0.7947848067584647, 0.0, 0.3494035747017522, 0.25946486832589744, 0,1, 0
0.7936539612851726, 0.0, 0.3452132125463965, 0.2611211574157028, 0,5, 0
0.8122796514335129, 0.0, 0.30245091591940754, 0.24610654145057304, 0,1, 0
0.8083549524379698, 0.0, 0.31895567046631634, 0.24997400023193106, 0,2, 0
0.810816204350429, 0.0, 0.29435416263243147, 0.2439059880535065, 0,5, 0
0.8001729528370918, 0.0, 0.3364792030538089, 0.25459666613173715, 0,1, 0
0.8094857979112619, 0.0, 0.2951625944678422, 0.2523926655586833, 0,4, 0
0.8115479278919709, 0.0, 0.283736880808898, 0.24048950125189705, 0,5, 0
0.8118140091798044, 0.0, 0.28710250888319755, 0.24193550952860157, 0,2, 0
0.8210603339320163, 0.0, 0.2614387131607282, 0.2313211227350215, 0,1, 0
0.8192642852391405, 0.0, 0.269995921669956, 0.23447914668545383, 0,2, 0
0.8190647242732655, 0.0, 0.2697527580147985, 0.2338054822223608, 0,4, 0
0.8179338787999734, 0.0, 0.2738123554318451, 0.23884184938864217, 0,2, 0
0.8175347568682232, 0.0, 0.2960623555293694, 0.24212543625918198, 0,0, 0
0.8118805295017628, 0.0, 0.2849917682468133, 0.25149453018699636, 0,6, 0
0.8100179604869288, 0.0, 0.27343657156316464, 0.2528699662884545, 0,4, 0
0.8117474888578461, 0.0, 0.29988651039676884, 0.2514035044403199, 0,4, 0
0.8005720747688418, 0.0, 0.31138362047893264, 0.2646364109003181, 0,4, 0
0.8090201556575534, 0.0, 0.30219354945549315, 0.25860641481820795, 0,1, 0
0.8139426594824719, 0.0, 0.2837499670680788, 0.24528048406262992, 0,2, 0
0.8010377170225504, 0.0, 0.3043023108451358, 0.24626626274471927, 0,3, 0
0.8193308055610989, 0.0, 0.2568823572224053, 0.23175682708024659, 0,1, 0
0.8199960087806825, 0.0, 0.26882410747029406, 0.24154253868735195, 0,2, 0
0.8164704317168895, 0.0, 0.27345857632325765, 0.2557879363239611, 0,4, 0
0.8171356349364731, 0.0, 0.2722058549489973, 0.24953089120275881, 0,4, 0
0.8122131311115546, 0.0, 0.2857712878730948, 0.25941278852085026, 0,6, 0
0.8162708707510145, 0.0, 0.2807782079894718, 0.25273416469828797, 0,2, 0
0.8172686755803898, 0.0, 0.2681004325820625, 0.2463557458815478, 0,2, 0
0.8199294884587242, 0.0, 0.2664402352472527, 0.2399335148410838, 0,3, 0
0.8157387081753475, 0.0, 0.28786017785481444, 0.2519408912993595, 0,5, 0
0.8184660413756403, 0.0, 0.2727187268753621, 0.23853154990420156, 0,4, 0
0.8218585777955165, 0.0, 0.2616417910601594, 0.2407657789435813, 0,2, 0
0.8191312445952238, 0.0, 0.27112634419556375, 0.24386608150783165, 0,2, 0
0.8156056675314308, 0.0, 0.2811545975592987, 0.2495663378327392, 0,5, 0
0.8131444156189715, 0.0, 0.2809365160001807, 0.25099041796236937, 0,4, 0
0.8143417814142221, 0.0, 0.28436044748805694, 0.2528735668488339, 0,1, 0
0.8091531963014701, 0.0, 0.2938330430358631, 0.25602586722358955, 0,5, 0
0.8091531963014701, 0.0, 0.3053296862720855, 0.25896693930043035, 0,3, 0
0.8140091798044302, 0.0, 0.2759671088074521, 0.24922383654629054, 0,3, 0
0.8197964478148074, 0.0, 0.2594617796620823, 0.24290191548678297, 0,2, 0
0.821193374575933, 0.0, 0.268257548386972, 0.23922621352270837, 0,2, 0
0.8199294884587242, 0.0, 0.2645742420018907, 0.24823655168101313, 0,5, 0
0.8193308055610989, 0.0, 0.27813452768096497, 0.24952675561600754, 0,2, 0
0.82212465908335, 0.0, 0.26104316858625665, 0.23595107316313726, 0,1, 0
0.8243198297079758, 0.0, 0.25078215275894705, 0.236230938404007, 0,1, 0
0.824918512605601, 0.0, 0.2659657875195559, 0.23946986073590262, 0,3, 0
0.8233220248786004, 0.0, 0.26348063925913034, 0.2395376231331606, 0,2, 0
0.8228563826248919, 0.0, 0.2750935466910985, 0.23838954204899654, 0,2, 0
0.8202620900685159, 0.0, 0.2626468974098083, 0.23919369187427228, 0,4, 0
0.8203286103904743, 0.0, 0.27999411732353036, 0.24419207737714507, 0,0, 0
0.82212465908335, 0.0, 0.26824610788599984, 0.24072436784814447, 0,4, 0
0.8192642852391405, 0.0, 0.2681365556942506, 0.24741602437595883, 0,4, 0
0.8219250981174749, 0.0, 0.2680306802469342, 0.24157860999636466, 0,3, 0
0.8227233419809752, 0.0, 0.2561285923691777, 0.23974611597563192, 0,3, 0
0.8237211468103506, 0.0, 0.26468090713365006, 0.23630999448292173, 0,0, 0
0.8229894232688086, 0.0, 0.262907312641631, 0.23625293132897024, 0,2, 0
0.8217255371515998, 0.0, 0.25924791476208603, 0.23440281557681394, 0,3, 0
0.823987228098184, 0.0, 0.25197755581632875, 0.23932021296606962, 0,4, 0
0.8259828377569347, 0.0, 0.25307429139195575, 0.23773936549963787, 0,2, 0
0.8226568216590169, 0.0, 0.2539393368359037, 0.23987779508706822, 0,4, 0
0.8193973258830572, 0.0, 0.2658263108138559, 0.24482249230500372, 0,4, 0
0.8156056675314308, 0.0, 0.2772557200521315, 0.2542859605340584, 0,4, 0
0.8196634071708907, 0.0, 0.2624835135191506, 0.23597096169226486, 0,2, 0
0.8181334397658485, 0.0, 0.26424886460451774, 0.24365139125238502, 0,2, 0
0.8176677975121399, 0.0, 0.2550137298094474, 0.24061889120882557, 0,3, 0
0.8211268542539746, 0.0, 0.2636885317524247, 0.2482669101983169, 0,1, 0
0.8203951307124326, 0.0, 0.25795226148770684, 0.24409316407685508, 0,1, 0
0.8205281713563494, 0.0, 0.2624164677109121, 0.2449318734973717, 0,2, 0
0.8254506751812679, 0.0, 0.2514771072171522, 0.22942760624628125, 0,0, 0
0.8241202687421008, 0.0, 0.2666854495264973, 0.24283023962421563, 0,2, 0
0.8253176345373512, 0.0, 0.26177679010692734, 0.23654141384289049, 0,2, 0
0.8201290494245992, 0.0, 0.27154150599718385, 0.246777152083788, 0,4, 0
0.8244528703518925, 0.0, 0.26766398684799253, 0.2413493603200996, 0,2, 0
0.8253841548593095, 0.0, 0.25197953209210217, 0.2392811017084306, 0,4, 0
0.8233885452005588, 0.0, 0.2510212055722109, 0.2376682779765923, 0,5, 0
0.8219250981174749, 0.0, 0.26226859910678546, 0.23380093562903506, 0,2, 0
0.8228563826248919, 0.0, 0.27165574118501534, 0.24543011433250114, 0,2, 0
0.8222576997272667, 0.0, 0.25863909492664944, 0.2503402273094701, 0,4, 0
0.8220581387613916, 0.0, 0.24636103439051138, 0.22547698134928254, 0,4, 0
0.818798642985432, 0.0, 0.26731615411347226, 0.24438999231779931, 0,2, 0
0.10104436905474623, 0.0, 0.8898434663187138, 0.4824561481369107, 0,0, 0
0.1819330805561099, 0.0, 0.8233564169840917, 0.5461908088581104, 0,0, 0
0.31597152930220185, 0.0, 0.7716664585178595, 0.5012074086060647, 0,0, 0
0.5448679571609126, 0.0, 0.5334196077932818, 0.2925579630714459, 0,3, 0
0.5980842147275993, 0.0, 0.5510370439493264, 0.36771143683853924, 0,2, 0
0.6550921306459123, 0.0, 0.4926964002657689, 0.2854403787931652, 0,4, 0
0.7001929089336792, 0.0, 0.45412223252146705, 0.3150060858349264, 0,3, 0
0.6966008115479279, 0.0, 0.4730489566289258, 0.3397342339022875, 0,4, 0
0.7238741435508548, 0.0, 0.449851204988415, 0.33121591894564417, 0,5, 0
0.7559369387347835, 0.0, 0.4180260774977023, 0.2858977466173721, 0,2, 0
0.7699062063460387, 0.0, 0.40830159960725054, 0.3002866985970655, 0,1, 0
0.7745626288831238, 0.0, 0.3739320710055619, 0.2620791773276248, 0,2, 0
0.7641189383356616, 0.0, 0.37792758989006847, 0.2724321956445317, 0,1, 0
0.7484866626754474, 0.0, 0.39647269887864955, 0.29199979878611443, 0,5, 0
0.7656489057407038, 0.0, 0.3860844247073564, 0.2977191187210324, 0,2, 0
0.7653828244528703, 0.0, 0.3808581662342347, 0.2986312663939432, 0,1, 0
0.7719018160047895, 0.0, 0.36318298789027215, 0.27641954448348416, 0,1, 0
0.7710370518193308, 0.0, 0.3517704245125857, 0.27101148706889644, 0,4, 0
0.7721013769706645, 0.0, 0.32971360482414325, 0.2616749430160568, 0,4, 0
0.7657819463846205, 0.0, 0.3477029528655454, 0.26557993148930353, 0,5, 0
0.7625889709306193, 0.0, 0.34731994008249045, 0.27493718040868775, 0,2, 0
0.7750947914587907, 0.0, 0.32974522195671974, 0.2785524676768425, 0,4, 0
0.7964478148074237, 0.0, 0.31557978478471604, 0.2683047693129905, 0,4, 0
0.7934544003192976, 0.0, 0.3184001473515778, 0.26923747203511345, 0,5, 0
0.7938535222510477, 0.0, 0.31944083256144046, 0.2727377818055754, 0,4, 0
0.783143750415752, 0.0, 0.35441817088711436, 0.28815350924917266, 0,4, 0
0.7854719616842946, 0.0, 0.3443962467109825, 0.2782694309585924, 0,3, 0
0.7872680103771702, 0.0, 0.3554285638990461, 0.28392303560928744, 0,3, 0
0.7917248719483803, 0.0, 0.3186988365753142, 0.26639081761948913, 0,1, 0
0.7997738309053416, 0.0, 0.30774184999219395, 0.25535058423116785, 0,3, 0
0.7958491319097984, 0.0, 0.3144968775890348, 0.2589476159735411, 0,3, 0
0.7906605467970464, 0.0, 0.3301409561027736, 0.2839827816517175, 0,4, 0
0.7914587906605468, 0.0, 0.31965992257204534, 0.26967723299903457, 0,4, 0
0.791857912592297, 0.0, 0.3283252613710641, 0.27642280565131566, 0,1, 0
0.8005720747688418, 0.0, 0.30153929283962244, 0.2596680485535066, 0,2, 0
0.7975786602807158, 0.0, 0.3108426095586866, 0.2641521146463153, 0,4, 0
0.7976451806026741, 0.0, 0.30178628736214685, 0.26336047195861384, 0,2, 0
0.7998403512272999, 0.0, 0.30322844754808986, 0.2723850440677442, 0,1, 0
0.8020355218519257, 0.0, 0.2981306104120465, 0.25430309410062923, 0,2, 0
0.8036985299008848, 0.0, 0.3063343535952998, 0.26353617950773806, 0,3, 0
0.8049624160180935, 0.0, 0.296002286992537, 0.2525361745307504, 0,1, 0
0.801902481208009, 0.0, 0.29346010321794824, 0.25999892459279966, 0,3, 0
0.8063593427792191, 0.0, 0.2980315867842418, 0.25142698132751834, 0,2, 0
0.8113483669260959, 0.0, 0.29385881575727446, 0.24834507012787385, 0,2, 0
0.8097518791990953, 0.0, 0.2746570851397589, 0.24515614655396414, 0,1, 0
0.8037650502228431, 0.0, 0.30260109455504086, 0.2591999766898728, 0,6, 0
0.8029668063593428, 0.0, 0.2762593232815808, 0.24915376479521176, 0,4, 0
0.8147409033459722, 0.0, 0.2777753064203654, 0.24766708403811186, 0,6, 0
0.8136765781946385, 0.0, 0.27866575309129804, 0.24626871384164115, 0,2, 0
0.8139426594824719, 0.0, 0.27876608153813087, 0.24956816925758163, 0,4, 0
0.8134770172287634, 0.0, 0.282774689364021, 0.24793306150135724, 0,3, 0
0.8127452936872215, 0.0, 0.27090290135073974, 0.2445444262586587, 0,5, 0
0.8145413423800971, 0.0, 0.2822679092382306, 0.2495238192314331, 0,4, 0
0.8146078627020554, 0.0, 0.27552833170545027, 0.2461869364441676, 0,5, 0
0.8083549524379698, 0.0, 0.29589747223839763, 0.2625328328617497, 0,2, 0
0.8090866759795118, 0.0, 0.2981806948762038, 0.2585039719505047, 0,4, 0
0.8120800904676378, 0.0, 0.2881615547113389, 0.24698001490776594, 0,2, 0
0.8102840417747622, 0.0, 0.2895233990172051, 0.25774207942130667, 0,3, 0
0.812479212399388, 0.0, 0.28641847563302003, 0.25105557261929534, 0,3, 0
0.8077562695403446, 0.0, 0.290810803951774, 0.25632871748030817, 0,5, 0
0.8078893101842612, 0.0, 0.2890281828480138, 0.25905288340051436, 0,3, 0
0.808022350828178, 0.0, 0.29626724525289455, 0.2563731303494074, 0,3, 0
0.81321093594093, 0.0, 0.2836515527305991, 0.25086225143438656, 0,2, 0
0.8082884321160114, 0.0, 0.2876532029520344, 0.2549623235908189, 0,5, 0
0.809685358877137, 0.0, 0.2932227466359533, 0.2584036022682003, 0,2, 0
0.8096188385551786, 0.0, 0.288183168654488, 0.25075412968307675, 0,2, 0
0.8124126920774296, 0.0, 0.28159677921465837, 0.25018750286131936, 0,4, 0
0.8066919443890108, 0.0, 0.29871064707488065, 0.2650716535816938, 0,4, 0
0.8104170824186789, 0.0, 0.2858318613630999, 0.24829049061920536, 0,0, 0
0.8175347568682232, 0.0, 0.2666338027084347, 0.23763293749217126, 0,3, 0
0.8170025942925564, 0.0, 0.25093364968079074, 0.23398845555491982, 0,2, 0
0.8175347568682232, 0.0, 0.26855203864812355, 0.2370912930769292, 0,2, 0
0.816004789463181, 0.0, 0.2773774539009923, 0.24629772622214496, 0,4, 0
0.8188651633073905, 0.0, 0.268204655007893, 0.23808929260512854, 0,1, 0
0.8203286103904743, 0.0, 0.2658179512151946, 0.23958184882404146, 0,1, 0
0.819530366526974, 0.0, 0.2739662099476034, 0.23770343156869805, 0,2, 0
0.818599082019557, 0.0, 0.264457096593985, 0.23838605747715721, 0,3, 0
0.8173351959023482, 0.0, 0.26700023140656276, 0.24435150874082923, 0,4, 0
0.8152065455996808, 0.0, 0.2827978743291519, 0.25593453206277417, 0,4, 0
0.8106831637065124, 0.0, 0.2856575205370451, 0.25920148624088135, 0,3, 0
0.8131444156189715, 0.0, 0.28370602049959237, 0.2566884522637685, 0,1, 0
0.8199960087806825, 0.0, 0.25819913671907707, 0.2389242620546318, 0,1, 0
0.8190647242732655, 0.0, 0.27611546819129146, 0.24635456247085416, 0,2, 0
0.8207942526441828, 0.0, 0.2695663770797408, 0.24075301154851705, 0,2, 0
0.8198629681367657, 0.0, 0.2584253213018955, 0.23684063147949996, 0,3, 0
0.8211268542539746, 0.0, 0.26015899958410826, 0.23973623434071276, 0,2, 0
0.8175347568682232, 0.0, 0.27654065706292197, 0.24342086005810532, 0,4, 0
0.8181999600878068, 0.0, 0.2674560263120766, 0.239194530792907, 0,3, 0
0.8181999600878068, 0.0, 0.2725541876616008, 0.24732633143078206, 0,1, 0
0.8186656023415153, 0.0, 0.27367324900601475, 0.2457929982277904, 0,4, 0
0.815805228497306, 0.0, 0.2824602537919004, 0.24845519401105612, 0,4, 0
0.8203286103904743, 0.0, 0.2559342772927222, 0.24156183957003066, 0,1, 0
0.8227898623029335, 0.0, 0.25571389544159306, 0.23493599920303285, 0,2, 0
0.8209938136100579, 0.0, 0.2715124133295319, 0.24624769729614834, 0,2, 0
0.8201290494245992, 0.0, 0.2698770303397152, 0.24024103429367613, 0,4, 0
0.8184660413756403, 0.0, 0.26765095521510196, 0.24281350810521402, 0,3, 0
0.8229894232688086, 0.0, 0.2411182485522973, 0.2321009846864716, 0,1, 0
0.8225903013370585, 0.0, 0.25646747965082944, 0.23061097354638121, 0,2, 0
0.8198629681367657, 0.0, 0.26297438781718113, 0.23716317264126288, 0,4, 0
0.8193973258830572, 0.0, 0.2616096369743811, 0.2380058649403305, 0,5, 0
0.8202620900685159, 0.0, 0.25830097741530084, 0.23963191263587247, 0,3, 0
0.10164305195237144, 0.0, 0.8802097624175035, 0.37866295856134313, 0,0, 0
0.25563759728597085, 0.0, 0.7378852752881728, 0.35964971325406486, 0,0, 0
0.3260160979179139, 0.0, 0.6988016650004286, 0.42532400936106113, 0,0, 0
0.48766048027672454, 0.0, 0.5815396655048608, 0.30047832822752735, 0,3, 0
0.4950442360141023, 0.0, 0.604020472330253, 0.4119658587137192, 0,3, 0
0.5983502960154328, 0.0, 0.4947126687227243, 0.314418201946543, 0,2, 0
0.6050023282112685, 0.0, 0.5010626654399349, 0.30513988515797763, 0,2, 0
0.5866427193507616, 0.0, 0.5347250244745926, 0.3701971010566982, 0,1, 0
0.7161577862036852, 0.0, 0.41748645056418704, 0.2768367253451892, 0,3, 0
0.712765249783809, 0.0, 0.43726196490389546, 0.28761827822006386, 0,3, 0
0.7311913789662742, 0.0, 0.4130054127658031, 0.2802282051055319, 0,3, 0
0.7280649238342314, 0.0, 0.4041476693313813, 0.2695513513853599, 0,2, 0
0.7571343045300339, 0.0, 0.4003140740492149, 0.3010974723183704, 0,3, 0
0.7327213463713165, 0.0, 0.375195629706112, 0.27211392716585003, 0,1, 0
0.7587973125789929, 0.0, 0.36161950858986097, 0.27121703234666533, 0,1, 0
0.7613916051353689, 0.0, 0.35577508694297405, 0.2794280842230916, 0,1, 0
0.7883988558504623, 0.0, 0.34191479237052413, 0.2584054559956932, 0,5, 0
0.7878666932747954, 0.0, 0.3755790782798725, 0.2791568096829189, 0,2, 0
0.7957160912658817, 0.0, 0.35401375059334805, 0.2726151969503092, 0,0, 0
0.7915253109825051, 0.0, 0.3283408593381019, 0.24988470285801628, 0,2, 0
0.791857912592297, 0.0, 0.3193601435652307, 0.25137032753180355, 0,3, 0
0.7981108228563826, 0.0, 0.3322577671400604, 0.2587124719750694, 0,3, 0
0.7992416683296747, 0.0, 0.3096308762135758, 0.250753370874261, 0,3, 0
0.7924565954899222, 0.0, 0.3341493760910761, 0.27882019715902073, 0,3, 0
0.780549457859376, 0.0, 0.35943175907356123, 0.2830955311399547, 0,3, 0
0.7869354087673784, 0.0, 0.3256616926272446, 0.2702064407264749, 0,3, 0
0.7842745958890441, 0.0, 0.3463179596129587, 0.28337918608475476, 0,2, 0
0.7818133439765849, 0.0, 0.33024211570207634, 0.27817151983479105, 0,4, 0
0.7850728397525444, 0.0, 0.33039217312367947, 0.26139244955909957, 0,0, 0
0.7990421073637997, 0.0, 0.30207315839981663, 0.25202055569856635, 0,2, 0
0.8057606598815938, 0.0, 0.2958093062312471, 0.2606679858511635, 0,4, 0
0.7919244329142553, 0.0, 0.30307669248855695, 0.24800659018607277, 0,2, 0
0.8082884321160114, 0.0, 0.29314734222105054, 0.2521277259964609, 0,1, 0
0.8133439765848467, 0.0, 0.2759210968685522, 0.2483657034385011, 0,2, 0
0.8055610989157187, 0.0, 0.29343669130781763, 0.25663658980220816, 0,4, 0
0.8010377170225504, 0.0, 0.30644450081836083, 0.2670016719674873, 0,4, 0
0.7924565954899222, 0.0, 0.32213830984646835, 0.27921584465488125, 0,2, 0
0.7878666932747954, 0.0, 0.3265177607346589, 0.2816178587834492, 0,3, 0
0.7851393600745028, 0.0, 0.33723394275204044, 0.28096628226532877, 0,3, 0
0.7883988558504623, 0.0, 0.30835858707815583, 0.2683218795989782, 0,1, 0
0.77755604337125, 0.0, 0.32780374295686576, 0.27870128743310413, 0,4, 0
0.7935874409632142, 0.0, 0.3078343259863772, 0.2680486094304987, 0,2, 0
0.7965143351293821, 0.0, 0.2986046329293521, 0.26297818913630683, 0,2, 0
0.7959821725537152, 0.0, 0.30446332742137794, 0.2608653298451607, 0,3, 0
0.7977117009246325, 0.0, 0.3066547870990341, 0.26277032031591085, 0,2, 0
0.8100179604869288, 0.0, 0.29532695527143277, 0.26340161064511863, 0,2, 0
0.8092862369453868, 0.0, 0.28949872968650386, 0.26892899925807356, 0,5, 0
0.8062928224572606, 0.0, 0.2923692822686088, 0.26402826238422683, 0,4, 0
0.8058271802035522, 0.0, 0.286625897608376, 0.259078910185216, 0,4, 0
0.807091066320761, 0.0, 0.28624977951849784, 0.26165382065090415, 0,4, 0
0.8027007250715094, 0.0, 0.3009378070363759, 0.27028788867560194, 0,4, 0
0.8049624160180935, 0.0, 0.3031507480848478, 0.27334853715378243, 0,2, 0
0.7992416683296747, 0.0, 0.3075698009179249, 0.27174770311533397, 0,3, 0
0.8084214727599282, 0.0, 0.281234503410532, 0.26018540379928523, 0,2, 0
0.8071575866427193, 0.0, 0.27769144950259866, 0.25993362958837435, 0,2, 0
0.8101510011308455, 0.0, 0.2848894696368658, 0.252823615142193, 0,0, 0
0.8089536353355951, 0.0, 0.29286738428108394, 0.2609641966024862, 0,3, 0
0.8040976518326348, 0.0, 0.2925908572510752, 0.26801950448337586, 0,3, 0
0.8023016031397592, 0.0, 0.30008554314798724, 0.2624382902107347, 0,4, 0
0.8060267411694273, 0.0, 0.29022185985815147, 0.2677323439292624, 0,3, 0
0.8060932614913856, 0.0, 0.2970918522533355, 0.2635515828084929, 0,2, 0
0.8052284973059269, 0.0, 0.2915132528405072, 0.2696034967620786, 0,1, 0
0.8020355218519257, 0.0, 0.3021540997952023, 0.27272578206370346, 0,2, 0
0.8034989689350096, 0.0, 0.29849326814135496, 0.26874248669830547, 0,0, 0
0.807091066320761, 0.0, 0.29799230258216114, 0.2646342458846731, 0,4, 0
0.8065589037450941, 0.0, 0.2881235924401808, 0.2603494145562103, 0,3, 0
0.8058937005255106, 0.0, 0.2878324256289318, 0.2725115492517593, 0,4, 0
0.8062263021353023, 0.0, 0.28411582524584156, 0.2664759790889592, 0,3, 0
0.8041641721545932, 0.0, 0.29207579501946446, 0.2724536234325168, 0,4, 0
0.7984434244661744, 0.0, 0.29976792379006634, 0.26805450463402125, 0,3, 0
0.8047628550522185, 0.0, 0.2967279895978277, 0.2715802388024562, 0,3, 0
0.8011042373445088, 0.0, 0.29697087471080186, 0.27356020418635607, 0,1, 0
0.8062263021353023, 0.0, 0.280087828715704, 0.25453948922988245, 0,2, 0
0.8066919443890108, 0.0, 0.2736119326480296, 0.26719908834766815, 0,2, 0
0.8128783343311382, 0.0, 0.27403986378942785, 0.2544827934754324, 0,1, 0
0.8157387081753475, 0.0, 0.28071594431530356, 0.25169074873982583, 0,0, 0
0.8136100578726801, 0.0, 0.26500695075991254, 0.24776456764483235, 0,4, 0
0.81321093594093, 0.0, 0.28435437643286354, 0.25426657186254636, 0,4, 0
0.8160713097851393, 0.0, 0.2775342787374018, 0.2556070367294018, 0,1, 0
0.8104170824186789, 0.0, 0.2974837428863769, 0.27054924323957136, 0,3, 0
0.8126122530433048, 0.0, 0.26627086061722294, 0.24717134065875038, 0,5, 0
0.8120135701456795, 0.0, 0.2801655546664708, 0.2504743843370909, 0,1, 0
0.8108827246723874, 0.0, 0.28708075058835375, 0.2531115942129252, 0,5, 0
0.810616643384554, 0.0, 0.28133154608363153, 0.25959806500955535, 0,3, 0
0.8059602208474689, 0.0, 0.286503640941291, 0.26184967347831195, 0,5, 0
0.8051619769839686, 0.0, 0.30224843961096576, 0.2690312268831919, 0,1, 0
0.809884919843012, 0.0, 0.2745794826803729, 0.25277988068311624, 0,4, 0
0.8138096188385552, 0.0, 0.2757434303319498, 0.24981927369019677, 0,1, 0
0.8139426594824719, 0.0, 0.2739088989858676, 0.2512483832677746, 0,1, 0
0.813410496906805, 0.0, 0.28512534358545966, 0.2641179811118277, 0,1, 0
0.8138761391605135, 0.0, 0.28990429828267317, 0.25466339930250764, 0,4, 0
0.8155391472094725, 0.0, 0.27852279808729574, 0.25409499285695725, 0,1, 0
0.8129448546530965, 0.0, 0.2701444687635212, 0.25425661512290604, 0,2, 0
0.8131444156189715, 0.0, 0.27469329968956047, 0.24843233151726526, 0,3, 0
0.8137430985165969, 0.0, 0.2724235426108842, 0.25314564008246593, 0,1, 0
0.8092862369453868, 0.0, 0.28807006927169637, 0.2607763631812886, 0,3, 0
0.8116809685358877, 0.0, 0.28806210348928174, 0.26208380415293, 0,1, 0
0.8126122530433048, 0.0, 0.29123127152448847, 0.255203923774794, 0,2, 0
0.8140091798044302, 0.0, 0.28195177812514205, 0.2513693991232243, 0,3, 0
0.8120135701456795, 0.0, 0.2861625059746024, 0.25829059091506634, 0,3, 0
0.8164704317168895, 0.0, 0.27342890753581117, 0.2519339017994921, 0,2, 0
0.10017960486928756, 0.0, 0.8860616037358734, 0.36662911972728807, 0,0, 0
0.26408567817468237, 0.0, 0.811582764514334, 0.5247915946676396, 0,0, 0
0.3675912991418879, 0.0, 0.7430865973281234, 0.4809255524148335, 0,0, 0
0.5020288698197299, 0.0, 0.6543968011204305, 0.43230417054862924, 0,4, 0
0.5704117607929222, 0.0, 0.5959275291832333, 0.40017888105487587, 0,4, 0
0.6210337258032329, 0.0, 0.5837003694770909, 0.39063120679773733, 0,2, 0
0.6751812678773366, 0.0, 0.5125849977904082, 0.33772990718384827, 0,2, 0
0.6675979511740837, 0.0, 0.5486680594668141, 0.36739761296492907, 0,2, 0
0.7246723874143551, 0.0, 0.46191428930208944, 0.2741724695156845, 0,2, 0
0.7204816071309785, 0.0, 0.46338909355291963, 0.30847395797451055, 0,6, 0
0.7253375906339387, 0.0, 0.4632517221307284, 0.32648906622451174, 0,2, 0
0.7372447282644848, 0.0, 0.445941337304756, 0.2993422246582032, 0,4, 0
0.7483536220315307, 0.0, 0.4261709228516203, 0.2944150983875606, 0,1, 0
0.7520122397392404, 0.0, 0.41626383875982326, 0.2939105117292083, 0,2, 0
0.7492183862169893, 0.0, 0.42672857179421364, 0.31605790492702335, 0,7, 0
0.7568682232422005, 0.0, 0.39069626368967186, 0.2810438215339352, 0,2, 0
0.7578660280715759, 0.0, 0.3896850351175547, 0.30162335046514704, 0,2, 0
0.762921572540411, 0.0, 0.3858903112396401, 0.27315367399150814, 0,3, 0
0.7598616377303267, 0.0, 0.37803598193960347, 0.28081484130573053, 0,2, 0
0.7558704184128251, 0.0, 0.4026137629715009, 0.28918912855228573, 0,4, 0
0.7598616377303267, 0.0, 0.387015833813674, 0.2826614934894682, 0,4, 0
0.7687753608727467, 0.0, 0.3804332585074786, 0.27315701683664956, 0,1, 0
0.7827446284840018, 0.0, 0.3345130845848355, 0.25650147947665863, 0,4, 0
0.7731657021219983, 0.0, 0.38138545912299743, 0.3053464815034604, 0,4, 0
0.7843411162110024, 0.0, 0.349617611035598, 0.28040742937740676, 0,1, 0
0.774230027273332, 0.0, 0.3369417087990204, 0.26818547430096523, 0,4, 0
0.7695736047362469, 0.0, 0.38657913701840885, 0.2950807296235658, 0,1, 0
0.7794186123860839, 0.0, 0.32444743831281414, 0.26197277297871857, 0,5, 0
0.7818133439765849, 0.0, 0.3252727430504787, 0.26881995602433917, 0,3, 0
0.7836759129914189, 0.0, 0.32755470144854876, 0.27333726111776246, 0,4, 0
0.7858045632940863, 0.0, 0.3146497538739586, 0.25769878026411247, 0,2, 0
0.7691079624825384, 0.0, 0.3469577273431154, 0.2876010625463628, 0,3, 0
0.7963147741635069, 0.0, 0.3161566984812421, 0.26351820351108085, 0,2, 0
0.7731657021219983, 0.0, 0.3433202841127932, 0.2911387600422439, 0,3, 0
0.7855384820062529, 0.0, 0.31424137188347395, 0.27879381061792985, 0,5, 0
0.7808820594691678, 0.0, 0.3315195502611318, 0.27042013344423127, 0,2, 0
0.7930552783875474, 0.0, 0.3085465621366145, 0.2595908969329641, 0,3, 0
0.7925231158118805, 0.0, 0.3000264016472621, 0.2548211754599519, 0,3, 0
0.7825450675181268, 0.0, 0.3291068617092017, 0.27555733040721764, 0,4, 0
0.7883988558504623, 0.0, 0.3104950947886084, 0.2589787673636579, 0,5, 0
0.7862702055477948, 0.0, 0.32351904822280636, 0.26586402737958276, 0,1, 0
0.7887314574602541, 0.0, 0.3092333367897201, 0.25851683444658413, 0,4, 0
0.7954500099780483, 0.0, 0.3010235592843408, 0.2544673709187637, 0,1, 0
0.800039912193175, 0.0, 0.3001403129240542, 0.25982430877288154, 0,1, 0
0.8032994079691346, 0.0, 0.29595834940870547, 0.25855554098823047, 0,3, 0
0.7907935874409632, 0.0, 0.3110679866063338, 0.2636373902880973, 0,3, 0
0.8076232288964279, 0.0, 0.2931863052541347, 0.25047159886349457, 0,0, 0
0.8078227898623029, 0.0, 0.3012212311869444, 0.2592410330126754, 0,5, 0
0.8074901882525112, 0.0, 0.29350817332708157, 0.2554054795384, 0,4, 0
0.809685358877137, 0.0, 0.29106568847997694, 0.2501239765586268, 0,3, 0
0.810616643384554, 0.0, 0.29603829918674957, 0.2570833916417348, 0,4, 0
0.8114148872480543, 0.0, 0.2907662600989533, 0.26664236973782385, 0,1, 0
0.8062928224572606, 0.0, 0.2897248562124522, 0.2627919041400147, 0,4, 0
0.8113483669260959, 0.0, 0.2892704524806626, 0.2572266702617018, 0,3, 0
0.8102175214528038, 0.0, 0.29166963385367217, 0.2606680691135262, 0,5, 0
0.8074901882525112, 0.0, 0.3020875103207644, 0.25919221256789493, 0,3, 0
0.8103505620967205, 0.0, 0.29266142569470244, 0.2589440884175971, 0,2, 0
0.8134770172287634, 0.0, 0.2902809769545973, 0.25075590780869506, 0,4, 0
0.8126122530433048, 0.0, 0.29340941205853044, 0.25721006541117186, 0,3, 0
0.809685358877137, 0.0, 0.2974827860969829, 0.2579067248138549, 0,3, 0
0.8097518791990953, 0.0, 0.29793668957757335, 0.255903561021289, 0,3, 0
0.8072241069646777, 0.0, 0.2994956112098641, 0.2556081357121142, 0,3, 0
0.8104836027406372, 0.0, 0.28806777998497063, 0.24892265006956318, 0,2, 0
0.8097518791990953, 0.0, 0.2784128443885082, 0.24637616166863668, 0,4, 0
0.8110822856382625, 0.0, 0.2964947234757345, 0.2560238085546174, 0,3, 0
0.8141422204483469, 0.0, 0.2853452410666265, 0.25289488866992216, 0,3, 0
0.8124126920774296, 0.0, 0.27792906185912464, 0.24828762419410036, 0,4, 0
0.8165369520388479, 0.0, 0.26587526453676363, 0.24346184539813076, 0,1, 0
0.8170025942925564, 0.0, 0.2677309838340649, 0.2430686179697589, 0,2, 0
0.8142752610922637, 0.0, 0.27954348565411574, 0.2490542966775597, 0,3, 0
0.8137430985165969, 0.0, 0.28143909947677814, 0.2477080961834149, 0,3, 0
0.8170691146145147, 0.0, 0.2695576272482998, 0.2416652854284702, 0,5, 0
0.8142752610922637, 0.0, 0.26927312346852494, 0.24263924957662003, 0,2, 0
0.8140757001263886, 0.0, 0.27978299390807254, 0.2523835935475428, 0,3, 0
0.816936073970598, 0.0, 0.2701841871389641, 0.24058891207979247, 0,3, 0
0.8137430985165969, 0.0, 0.27575539272012023, 0.24958639379276876, 0,3, 0
0.8188651633073905, 0.0, 0.26488657480419436, 0.23360540286508136, 0,1, 0
0.8202620900685159, 0.0, 0.2580614670473648, 0.2320179837555048, 0,2, 0
0.8227898623029335, 0.0, 0.2486352305944278, 0.2277828588459725, 0,0, 0
0.8214594558637663, 0.0, 0.26898903435913907, 0.23643827453334293, 0,5, 0
0.8233885452005588, 0.0, 0.26654300785012386, 0.23295509033451428, 0,0, 0
0.8199960087806825, 0.0, 0.27298240592540335, 0.23677251135552305, 0,3, 0
0.8150069846338056, 0.0, 0.28524265755593364, 0.24964855921380077, 0,4, 0
0.8156721878533892, 0.0, 0.2730380684398167, 0.24459077321094086, 0,2, 0
0.8166034723608062, 0.0, 0.27154800663212697, 0.24422859113817566, 0,3, 0
0.815805228497306, 0.0, 0.27021902560579025, 0.25047011929586105, 0,3, 0
0.8172686755803898, 0.0, 0.27452820222035096, 0.24726862387751689, 0,2, 0
0.818798642985432, 0.0, 0.2719072908002149, 0.2393671529984579, 0,1, 0
0.8182664804097651, 0.0, 0.2750071900247446, 0.24672985086666496, 0,3, 0
0.8196634071708907, 0.0, 0.26960885969351095, 0.2425453439350453, 0,2, 0
0.8180669194438901, 0.0, 0.27882600041625033, 0.24708415708342035, 0,3, 0
0.8198629681367657, 0.0, 0.26269843503474355, 0.23653904049348604, 0,3, 0
0.8195968868489324, 0.0, 0.27068529959306614, 0.24563716865177562, 0,1, 0
0.821392935541808, 0.0, 0.27070805093685724, 0.2344898793442062, 0,1, 0
0.8201955697465576, 0.0, 0.27259805656697134, 0.24361403013254548, 0,2, 0
0.8231224639127254, 0.0, 0.2680351358647099, 0.24537883045693448, 0,3, 0
0.8196634071708907, 0.0, 0.2760971998561235, 0.24817502410757275, 0,4, 0
0.819530366526974, 0.0, 0.27715990677830116, 0.24290013180271408, 0,2, 0
0.8235881061664339, 0.0, 0.2573491524782752, 0.22936730534565208, 0,2, 0
0.8220581387613916, 0.0, 0.2593545845056921, 0.23470450184364997, 0,2, 0
0.8255171955032262, 0.0, 0.26165470548525255, 0.22836867663470295, 0,3, 0
0.0996474422936207, 0.0, 0.926194627971663, 0.5179228363948245, 0,0, 0
0.3033991884520721, 0.0, 0.7481494631976164, 0.4725497461375721, 0,0, 0
0.42400053216257566, 0.0, 0.6761488848759089, 0.40131211413154944, 0,0, 0
0.4563294086343378, 0.0, 0.684688295725606, 0.4547214371615522, 0,3, 0
0.5636266879531697, 0.0, 0.5586933093459251, 0.29046844406219163, 0,1, 0
0.5800572074768842, 0.0, 0.5156402422924173, 0.2977724569902456, 0,3, 0
0.60453668595756, 0.0, 0.5332596669177883, 0.3394956889480526, 0,3, 0
0.6578859841681634, 0.0, 0.46021127064878564, 0.27069842464268334, 0,4, 0
0.7362469234351094, 0.0, 0.4204738869429723, 0.294832166663337, 0,3, 0
0.6827645845805894, 0.0, 0.4661210170304341, 0.309607153603727, 0,3, 0
0.6924100312645514, 0.0, 0.4785792522185993, 0.34574183443273887, 0,3, 0
0.7077097053149737, 0.0, 0.42452598588247775, 0.29789822008354805, 0,2, 0
0.7063127785538482, 0.0, 0.46406865889282173, 0.3352447882580114, 0,2, 0
0.7596620767644515, 0.0, 0.40948672371065364, 0.31020916551471167, 0,4, 0
0.7479545000997805, 0.0, 0.42513061784964584, 0.32803631655638726, 0,4, 0
0.7731657021219983, 0.0, 0.3893967278411045, 0.30420853937756176, 0,7, 0
0.7768908401516663, 0.0, 0.36120121857847254, 0.29375948101510885, 0,2, 0
0.7680436373312047, 0.0, 0.3793344630215911, 0.286877792901979, 0,1, 0
0.7934544003192976, 0.0, 0.34535778173106463, 0.28514533364522054, 0,5, 0
0.7764917182199161, 0.0, 0.3831454492757053, 0.3091377400486637, 0,2, 0
0.7923235548460055, 0.0, 0.34250266820029573, 0.28324505871213035, 0,3, 0
0.7930552783875474, 0.0, 0.35904271848063146, 0.29789007923518096, 0,5, 0
0.789463181001796, 0.0, 0.34171934989215247, 0.2952347838901161, 0,2, 0
0.7794851327080423, 0.0, 0.3373331883209076, 0.2887116086520541, 0,3, 0
0.759928158052285, 0.0, 0.3702308857500736, 0.3088285839126279, 0,5, 0
0.7746291492050822, 0.0, 0.36152199660000806, 0.3065262463107647, 0,5, 0
0.7542739306858245, 0.0, 0.3750893766435403, 0.30793716548272926, 0,2, 0
0.7739639459854986, 0.0, 0.3677778559505381, 0.303186785006097, 0,6, 0
0.7609924832036187, 0.0, 0.3646902439505489, 0.2919953431598386, 0,1, 0
0.7709705314973725, 0.0, 0.334382878343633, 0.2839212771601429, 0,5, 0
0.7792190514202089, 0.0, 0.32959266855342323, 0.2834618196354718, 0,4, 0
0.7860706445819198, 0.0, 0.33884991544702087, 0.2907041748636431, 0,4, 0
0.7789529701323754, 0.0, 0.3326801758945379, 0.2811471785087142, 0,1, 0
0.7758930353222909, 0.0, 0.3441609626981473, 0.2913065651746113, 0,3, 0
0.7764251978979578, 0.0, 0.34487256776677777, 0.29981871085913797, 0,2, 0
0.7721013769706645, 0.0, 0.33384019052525366, 0.28475657409131067, 0,3, 0
0.7776225636932083, 0.0, 0.3217536475794392, 0.2868254485301987, 0,5, 0
0.7932548393534224, 0.0, 0.32829057651248666, 0.2878486406303003, 0,4, 0
0.7913257500166301, 0.0, 0.3282615217331653, 0.2860715657601536, 0,3, 0
0.7800838156056675, 0.0, 0.3263230173301021, 0.28961423538954817, 0,2, 0
0.7713696534291226, 0.0, 0.33414019945389534, 0.2860683833309052, 0,2, 0
0.7937204816071309, 0.0, 0.30458295030459387, 0.27602094148175566, 0,4, 0
0.792988758065589, 0.0, 0.3255843372671459, 0.2896532395941333, 0,2, 0
0.7774230027273332, 0.0, 0.31130202221942616, 0.2841037289106494, 0,3, 0
0.7772899620834165, 0.0, 0.33174545199689776, 0.2902164492169494, 0,5, 0
0.789263620035921, 0.0, 0.3219294333422534, 0.28522811198891135, 0,3, 0
0.7901283842213797, 0.0, 0.3068796815384461, 0.2819304492822868, 0,4, 0
0.7931217987095057, 0.0, 0.3253989749445384, 0.2831195058366508, 0,4, 0
0.7949178474023815, 0.0, 0.3032138921782542, 0.2767449473964044, 0,2, 0
0.7934544003192976, 0.0, 0.31883433726714594, 0.27989437953560276, 0,1, 0
0.7893301403578793, 0.0, 0.3082669206669324, 0.2792364479099594, 0,4, 0
0.7938535222510477, 0.0, 0.3045661253109752, 0.27404997665826425, 0,4, 0
0.7941196035388811, 0.0, 0.31625120533360485, 0.28134676636311307, 0,4, 0
0.777755604337125, 0.0, 0.3060547939285016, 0.282858186657525, 0,4, 0
0.7926561564557972, 0.0, 0.30917526490033514, 0.2850175585324817, 0,2, 0
0.7784873278786669, 0.0, 0.3117503998005471, 0.28499015655487886, 0,3, 0
0.7951174083682565, 0.0, 0.30965361175071715, 0.2806470619900237, 0,1, 0
0.7888644981041708, 0.0, 0.31463030172740714, 0.2774745644821335, 0,2, 0
0.794851327080423, 0.0, 0.309947729397776, 0.2780212392333661, 0,3, 0
0.7949843677243398, 0.0, 0.3003158935299391, 0.27946235411259757, 0,3, 0
0.7950508880462982, 0.0, 0.306912045141226, 0.2745236480412304, 0,3, 0
0.7941196035388811, 0.0, 0.3147706575589394, 0.28132823461090156, 0,0, 0
0.7951174083682565, 0.0, 0.30652465570984505, 0.2829837104581571, 0,3, 0
0.7961152131976319, 0.0, 0.29336410046053796, 0.2705650691177927, 0,2, 0
0.7941861238608395, 0.0, 0.31075902841456693, 0.27927444980480265, 0,4, 0
0.795583050621965, 0.0, 0.3005066957027446, 0.2800581790643347, 0,2, 0
0.7945852457925896, 0.0, 0.30414246051644567, 0.2766306116785169, 0,2, 0
0.7954500099780483, 0.0, 0.300443599506905, 0.2752513289085873, 0,4, 0
0.7968469367391738, 0.0, 0.2973381828430552, 0.2785813131603414, 0,3, 0
0.7943191645047561, 0.0, 0.3044996064639685, 0.2757794330273752, 0,3, 0
0.7912592296946718, 0.0, 0.3164994422834638, 0.28976360168910004, 0,2, 0
0.7924565954899222, 0.0, 0.30668576910201584, 0.2862040870062383, 0,2, 0
0.795583050621965, 0.0, 0.3005066957027446, 0.28084656206267566, 0,1, 0
0.7963147741635069, 0.0, 0.2963202784173838, 0.2800132697291512, 0,1, 0
0.7965143351293821, 0.0, 0.30147179356889897, 0.2757898303950459, 0,2, 0
0.7957826115878401, 0.0, 0.3070889919045439, 0.27893079545231214, 0,3, 0
0.7929222377436307, 0.0, 0.30766458962895166, 0.2789737557013584, 0,4, 0
0.79538348965609, 0.0, 0.2923567493211114, 0.27782688164186264, 0,3, 0
0.7942526441827978, 0.0, 0.3064476584120205, 0.2825500827794059, 0,6, 0
0.7929222377436307, 0.0, 0.2986342860647968, 0.2822155532965071, 0,3, 0
0.7949843677243398, 0.0, 0.2992939756679608, 0.2778822124571441, 0,5, 0
0.7941196035388811, 0.0, 0.3045827120887727, 0.2809325159930399, 0,4, 0
0.7951174083682565, 0.0, 0.29341419922908335, 0.277071392071693, 0,3, 0
0.7931217987095057, 0.0, 0.29809111854049725, 0.2820533947626731, 0,5, 0
0.792257034524047, 0.0, 0.3148803041976075, 0.2881173887419102, 0,1, 0
0.7935874409632142, 0.0, 0.3080231613404646, 0.28402361064629367, 0,4, 0
0.795583050621965, 0.0, 0.2938994085776174, 0.27492480919456774, 0,4, 0
0.7960486928756735, 0.0, 0.30269717189322076, 0.27760043891023456, 0,3, 0
0.7971795383489656, 0.0, 0.29532893642604185, 0.2758792827971259, 0,2, 0
0.7971130180270073, 0.0, 0.2969956030927085, 0.2796883955393949, 0,3, 0
0.7965143351293821, 0.0, 0.30147179356889897, 0.2736298172080058, 0,3, 0
0.7938535222510477, 0.0, 0.308908768358815, 0.28189389784106433, 0,3, 0
0.7931217987095057, 0.0, 0.3058326851499884, 0.2887775947066739, 0,4, 0
0.7929222377436307, 0.0, 0.3133908083992882, 0.2860324806317906, 0,4, 0
0.7929222377436307, 0.0, 0.31196038768731404, 0.28919108864466503, 0,3, 0
0.7935209206412559, 0.0, 0.3026508669681702, 0.279388222297522, 0,5, 0
0.7947182864365063, 0.0, 0.30935674932111135, 0.27644693280906363, 0,3, 0
0.79538348965609, 0.0, 0.2977416348387402, 0.2780279322757777, 0,2, 0
0.7977117009246325, 0.0, 0.2936622697593752, 0.2774816349903388, 0,5, 0
0.7949178474023815, 0.0, 0.30248019693024353, 0.2779988286605233, 0,5, 0
0.7968469367391738, 0.0, 0.2921860792831847, 0.2779165996248441, 0,1, 0
0.10337258032328876, 0.0, 0.8895500007282086, 0.3153620096058089, 0,0, 0
0.32854387015233155, 0.0, 0.729668596175276, 0.45852382924202845, 0,0, 0
0.4024479478480676, 0.0, 0.68397777749185, 0.4033684178173223, 0,0, 0
0.6369320827512805, 0.0, 0.534217235127093, 0.2925716987740734, 0,1, 0
0.5962881660347236, 0.0, 0.6031334276189458, 0.385462509466963, 0,3, 0
0.6441827978447415, 0.0, 0.5275889086345577, 0.3111829168192136, 0,2, 0
0.701257234085013, 0.0, 0.4717856629370425, 0.3332885140196882, 0,3, 0
0.7364464844009845, 0.0, 0.44336994191630075, 0.27298533142663756, 0,3, 0
0.7077762256369321, 0.0, 0.45853877460773257, 0.2852688397918953, 0,3, 0
0.7249384687021885, 0.0, 0.4451652338721211, 0.28807036109078527, 0,2, 0
0.7426328743431119, 0.0, 0.4174185806432015, 0.29685292867353774, 0,1, 0
0.7496175081487394, 0.0, 0.38555259268102804, 0.27158063229514967, 0,4, 0
0.7719018160047895, 0.0, 0.3748881787951996, 0.26069415093574905, 0,3, 0
0.7746956695270405, 0.0, 0.3796739884230518, 0.2665976147799643, 0,4, 0
0.7730326614780816, 0.0, 0.3847543829876774, 0.27952914334688733, 0,4, 0
0.7804829375374177, 0.0, 0.3737816762647621, 0.27256713844143304, 0,2, 0
0.773298742765915, 0.0, 0.397760796288402, 0.2908981850130753, 0,1, 0
0.7798842546397925, 0.0, 0.3801917560220224, 0.27268254390224156, 0,1, 0
0.7891970997139626, 0.0, 0.32443502797811097, 0.25628004571634444, 0,1, 0
0.7960486928756735, 0.0, 0.3432986816027372, 0.27076917236602926, 0,2, 0
0.7956495709439234, 0.0, 0.3390602164193383, 0.2644739373769357, 0,3, 0
0.7879332135967538, 0.0, 0.33917657185974315, 0.27387940681412, 0,3, 0
0.795583050621965, 0.0, 0.3177468744045395, 0.2632942323201956, 0,3, 0
0.8036985299008848, 0.0, 0.3100834578989175, 0.2715052046548344, 0,3, 0
0.7931883190314641, 0.0, 0.32818583697021486, 0.27856804480153124, 0,1, 0
0.7941861238608395, 0.0, 0.30406710537803994, 0.2542772105195078, 0,1, 0
0.794651766114548, 0.0, 0.3339109244907737, 0.27109544824169696, 0,2, 0
0.7926561564557972, 0.0, 0.316515706766806, 0.25725366021413715, 0,4, 0
0.7958491319097984, 0.0, 0.3194009023444249, 0.2788745911158206, 0,1, 0
0.8036985299008848, 0.0, 0.28568102939781914, 0.25123215981269953, 0,0, 0
0.7994412292955498, 0.0, 0.31545982627885405, 0.2720560646265266, 0,2, 0
0.8038980908667598, 0.0, 0.31313284464967933, 0.26912504853620156, 0,1, 0
0.7989755870418412, 0.0, 0.311199974017611, 0.2605806072553869, 0,4, 0
0.8078893101842612, 0.0, 0.2952958915010453, 0.26609776122353324, 0,4, 0
0.8114814075700126, 0.0, 0.29239569836377544, 0.24951479460412668, 0,2, 0
0.8148739439898889, 0.0, 0.2764292849793511, 0.24606463272552534, 0,2, 0
0.8164039113949312, 0.0, 0.2836793249785813, 0.25792075943010095, 0,2, 0
0.8107496840284707, 0.0, 0.3010281424170185, 0.2535840641669075, 0,3, 0
0.8046298144083017, 0.0, 0.30328657941090287, 0.2569665254575752, 0,2, 0
0.8138761391605135, 0.0, 0.29599178719008323, 0.2504750058564122, 0,3, 0
0.8072241069646777, 0.0, 0.3035175899352499, 0.2652771930152699, 0,5, 0
0.8118140091798044, 0.0, 0.28125540718961006, 0.2551929207859756, 0,4, 0
0.8104836027406372, 0.0, 0.3035646931978246, 0.2643899049676711, 0,1, 0
0.8148739439898889, 0.0, 0.2816445186674164, 0.2509924797002505, 0,2, 0
0.8124126920774296, 0.0, 0.29516829773536146, 0.2671629965405526, 0,4, 0
0.8113483669260959, 0.0, 0.2946550709803906, 0.27207009996713866, 0,3, 0
0.8142087407703054, 0.0, 0.2933773939581704, 0.26195573610679856, 0,3, 0
0.809685358877137, 0.0, 0.29320433158816295, 0.25013480207903077, 0,2, 0
0.8209272932880995, 0.0, 0.2750794871315264, 0.24366491576001661, 0,1, 0
0.8216590168296415, 0.0, 0.2693225508463373, 0.2511782843114208, 0,2, 0
0.8193308055610989, 0.0, 0.26339552177439474, 0.23774049253200097, 0,0, 0
0.8225237810151002, 0.0, 0.267583345473553, 0.23862436721231903, 0,3, 0
0.8210603339320163, 0.0, 0.2620561950292036, 0.23190094913972467, 0,3, 0
0.8228563826248919, 0.0, 0.26307998988805287, 0.234488820463958, 0,2, 0
0.8242533093860174, 0.0, 0.27013261635302255, 0.24395292862203863, 0,2, 0
0.819530366526974, 0.0, 0.2659262624241189, 0.244718014650493, 0,3, 0
0.8180003991219318, 0.0, 0.26862242407943915, 0.2381982487012789, 0,3, 0
0.8207942526441828, 0.0, 0.2621416843763173, 0.24111446300484426, 0,2, 0
0.8225237810151002, 0.0, 0.27090684442652957, 0.23434378173512405, 0,0, 0
0.8205281713563494, 0.0, 0.2702618850569805, 0.24963880033757635, 0,2, 0
0.8248519922836427, 0.0, 0.2603253619067925, 0.23303382237931583, 0,1, 0
0.8239207077762256, 0.0, 0.26050853330296564, 0.23509269210294742, 0,1, 0
0.8249850329275593, 0.0, 0.2591242167234959, 0.23843528686465965, 0,2, 0
0.8240537484201423, 0.0, 0.26483091209489124, 0.2387119642198275, 0,2, 0
0.8243198297079758, 0.0, 0.26771179737794343, 0.23692101190858886, 0,2, 0
0.8235215858444754, 0.0, 0.26741838141015967, 0.2355964957917947, 0,4, 0
0.8233885452005588, 0.0, 0.2728046046087736, 0.2392143961093303, 0,3, 0
0.8234550655225171, 0.0, 0.261984921198957, 0.23849345880709422, 0,2, 0
0.8233220248786004, 0.0, 0.2729347725535856, 0.24655209993712215, 0,2, 0
0.8250515532495177, 0.0, 0.2704544074794157, 0.24633460691010073, 0,0, 0
0.8253176345373512, 0.0, 0.2706346425375792, 0.23534981428476878, 0,1, 0
0.8259163174349764, 0.0, 0.26200641302864236, 0.2357932443921802, 0,5, 0
0.8231224639127254, 0.0, 0.26214125857055154, 0.2472361339652763, 0,3, 0
0.8241867890640591, 0.0, 0.27179221584923174, 0.24133957001822595, 0,2, 0
0.8227233419809752, 0.0, 0.255969677258435, 0.23560916386132746, 0,6, 0
0.8245859109958092, 0.0, 0.256688100110824, 0.23425650941683743, 0,3, 0
0.8217255371515998, 0.0, 0.26232027818863846, 0.24780346881340304, 0,3, 0
0.8207277323222244, 0.0, 0.26607556052650255, 0.24380716792843832, 0,1, 0
0.8192642852391405, 0.0, 0.24649594885678805, 0.23443757748145125, 0,5, 0
0.8140757001263886, 0.0, 0.26520037709464367, 0.2440650862699103, 0,4, 0
0.8178008381560566, 0.0, 0.27485196370201725, 0.25466572522785025, 0,2, 0
0.8209272932880995, 0.0, 0.2536939415949291, 0.23866605967315951, 0,1, 0
0.8179338787999734, 0.0, 0.2586567698642855, 0.2407330882450639, 0,2, 0
0.8196634071708907, 0.0, 0.26120811301941826, 0.245939593361345, 0,2, 0
0.8197299274928491, 0.0, 0.2716035247444461, 0.2543701654446417, 0,3, 0
0.8126787733652631, 0.0, 0.28748764463181375, 0.26088303163987453, 0,4, 0
0.8142087407703054, 0.0, 0.27825680086799165, 0.2601278964490315, 0,4, 0
0.815805228497306, 0.0, 0.27803076813094846, 0.2641801685969466, 0,3, 0
0.8168695536486397, 0.0, 0.2761246225566944, 0.26241877598865987, 0,1, 0
0.8139426594824719, 0.0, 0.28036268517028623, 0.2593131846377472, 0,4, 0
0.8119470498237211, 0.0, 0.29566586356690605, 0.27565858804963506, 0,3, 0
0.8140757001263886, 0.0, 0.28942034285695656, 0.2656100902505989, 0,4, 0
0.816936073970598, 0.0, 0.2865225289885662, 0.2555358552327646, 0,1, 0
0.8147409033459722, 0.0, 0.2724229407740572, 0.2585159308383938, 0,5, 0
0.8161378301070977, 0.0, 0.2850096919228255, 0.2588091669655024, 0,4, 0
0.8130113749750549, 0.0, 0.28691423699043744, 0.2563631108254813, 0,5, 0
0.8109492449943457, 0.0, 0.2743976563727599, 0.2569731529236585, 0,4, 0
0.8145413423800971, 0.0, 0.2751435548336568, 0.2577483710522208, 0,2, 0
0.8118140091798044, 0.0, 0.28949065666176854, 0.26870131017049653, 0,3, 0
0.8120800904676378, 0.0, 0.29158826504804297, 0.2681923215822498, 0,4, 0
0.8147409033459722, 0.0, 0.26475914283434415, 0.2563824040192621, 0,4, 0
0.10230825517195503, 0.0, 0.9088056703512101, 0.49350915804715517, 0,0, 0
0.3447083083882126, 0.0, 0.7421427786375783, 0.33998062109720306, 0,0, 0
0.375041575201224, 0.0, 0.6935954373185212, 0.431058686952894, 0,0, 0
0.47083083882125987, 0.0, 0.6582486282183209, 0.3925425008291031, 0,2, 0
0.6262223109159848, 0.0, 0.5420490725521223, 0.29267312463666106, 0,2, 0
0.6429189117275328, 0.0, 0.4986445272761968, 0.28184125361081314, 0,1, 0
0.6350029934144882, 0.0, 0.5270730173198355, 0.3576038314793664, 0,3, 0
0.6446484400984501, 0.0, 0.5206345727087536, 0.35523927572103126, 0,2, 0
0.7044502095390142, 0.0, 0.4777610263599493, 0.332435553177953, 0,4, 0
0.723741102906938, 0.0, 0.4465501404008539, 0.2981723726267266, 0,5, 0
0.7503492316902813, 0.0, 0.4104561838744343, 0.28277711704993636, 0,0, 0
0.7545400119736579, 0.0, 0.4149673951235626, 0.3123556747128536, 0,2, 0
0.7542074103638662, 0.0, 0.3955684484753654, 0.26577682493093424, 0,3, 0
0.7769573604736247, 0.0, 0.3782058467631243, 0.2672837004796506, 0,2, 0
0.7689749218386217, 0.0, 0.3773997905849603, 0.26460018470713537, 0,0, 0
0.775161311780749, 0.0, 0.3593989210201044, 0.26694630135234815, 0,1, 0
0.7944522051486729, 0.0, 0.3519122464357642, 0.2611433328867301, 0,2, 0
0.7883323355285039, 0.0, 0.3496119808913316, 0.26200609676897546, 0,3, 0
0.7852724007184195, 0.0, 0.3501471417541069, 0.24774136273249361, 0,3, 0
0.7862702055477948, 0.0, 0.3464084223145306, 0.254667316893901, 0,4, 0
0.7956495709439234, 0.0, 0.33096800979572244, 0.25906596059380027, 0,4, 0
0.7909931484068383, 0.0, 0.35273901917799827, 0.28503429698335053, 0,3, 0
0.7904609858311714, 0.0, 0.3471408766936887, 0.2873107382601125, 0,3, 0
0.7973790993148406, 0.0, 0.31304130298675087, 0.24356071720689687, 0,3, 0
0.7924565954899222, 0.0, 0.3162369596329407, 0.2501625696467198, 0,2, 0
0.7886649371382958, 0.0, 0.323709384650786, 0.2540590943028798, 0,3, 0
0.7906605467970464, 0.0, 0.3180388320593417, 0.26195984830174424, 0,4, 0
0.8001729528370918, 0.0, 0.31118599807284625, 0.24902933181989062, 0,1, 0
0.800771635734717, 0.0, 0.301959053431582, 0.24939817672879946, 0,1, 0
0.8018359608860507, 0.0, 0.3070619038099832, 0.2370708286653951, 0,1, 0
0.8024346437836759, 0.0, 0.30194689476179826, 0.24467608101186883, 0,2, 0
0.7997738309053416, 0.0, 0.3108017065729943, 0.26395503730685155, 0,2, 0
0.7915253109825051, 0.0, 0.3193120175154309, 0.2612851415076763, 0,2, 0
0.8023681234617176, 0.0, 0.2936085105615601, 0.24860215704173563, 0,4, 0
0.7997073105833832, 0.0, 0.2925052544339721, 0.25089592372224423, 0,3, 0
0.8054945785937604, 0.0, 0.28529046086799986, 0.2507024547764349, 0,2, 0
0.7964478148074237, 0.0, 0.2969303905142362, 0.2577989756880134, 0,4, 0
0.7952504490121732, 0.0, 0.3027176132709438, 0.24801367742621058, 0,4, 0
0.8014368389543005, 0.0, 0.28606624080821574, 0.2388714274129157, 0,1, 0
0.8056276192376771, 0.0, 0.29601056196709513, 0.2528721298131254, 0,3, 0
0.8088205946916783, 0.0, 0.29407390818351825, 0.24927998670937346, 0,2, 0
0.8067584647109692, 0.0, 0.29522275493287253, 0.24561713408850758, 0,1, 0
0.8139426594824719, 0.0, 0.2845650583902972, 0.2388099509985666, 0,0, 0
0.8101510011308455, 0.0, 0.2757049536560988, 0.2371185370545217, 0,4, 0
0.8173351959023482, 0.0, 0.2697818144745715, 0.23331934831517867, 0,2, 0
0.8167365130047229, 0.0, 0.27787153993010966, 0.2464044490613666, 0,4, 0
0.8065589037450941, 0.0, 0.30079304324469996, 0.25642830060016364, 0,2, 0
0.8066919443890108, 0.0, 0.2900043701918851, 0.24488182967349714, 0,5, 0
0.8086210337258032, 0.0, 0.29783149194007097, 0.2598690459915788, 0,3, 0
0.8104836027406372, 0.0, 0.2914942644847379, 0.2583830883158931, 0,1, 0
0.812479212399388, 0.0, 0.27496414149974496, 0.24430729205864296, 0,4, 0
0.8133439765848467, 0.0, 0.2812305505592079, 0.2394639195606934, 0,2, 0
0.816204350429056, 0.0, 0.26571195481651666, 0.24520583019485784, 0,5, 0
0.8205281713563494, 0.0, 0.26353534306550896, 0.2386596630997533, 0,2, 0
0.8176012771901816, 0.0, 0.27834778867580673, 0.2485534692248857, 0,3, 0
0.8151400252777223, 0.0, 0.2837871411577791, 0.2543502349524171, 0,1, 0
0.8193308055610989, 0.0, 0.2746102124931733, 0.24043237333543796, 0,2, 0
0.8189316836293488, 0.0, 0.27113538342234045, 0.2477696136171689, 0,3, 0
0.8170691146145147, 0.0, 0.2733600712984801, 0.24789933394630403, 0,4, 0
0.8138096188385552, 0.0, 0.2815876053375921, 0.25605946543066815, 0,3, 0
0.8182664804097651, 0.0, 0.2747755069465714, 0.24485977510110932, 0,2, 0
0.8219916184394332, 0.0, 0.2685008612544127, 0.2382014791473073, 0,1, 0
0.8154061065655558, 0.0, 0.28029360236083006, 0.2519651246442214, 0,3, 0
0.8185325616975986, 0.0, 0.27005433490721165, 0.2425685487466374, 0,3, 0
0.8184660413756403, 0.0, 0.2673497868043596, 0.25259309784825973, 0,3, 0
0.8227233419809752, 0.0, 0.2662501018673029, 0.23248139360448802, 0,3, 0
0.8245193906738508, 0.0, 0.2536269421067332, 0.23248972783271749, 0,2, 0
0.8197964478148074, 0.0, 0.2685499570741491, 0.23730988616059068, 0,2, 0
0.8192642852391405, 0.0, 0.28200300649455057, 0.24373124402150087, 0,2, 0
0.823987228098184, 0.0, 0.25569785519651456, 0.23405117096235484, 0,1, 0
0.8250515532495177, 0.0, 0.25988251714007915, 0.23447916072867567, 0,1, 0
0.8242533093860174, 0.0, 0.26314595881131897, 0.24288030529510965, 0,1, 0
0.8232555045566421, 0.0, 0.2656156325193254, 0.23724808988434376, 0,2, 0
0.8231224639127254, 0.0, 0.25818958117710755, 0.2340591368487374, 0,2, 0
0.8206612120002661, 0.0, 0.2674750031213111, 0.24367019833565426, 0,3, 0
0.8198629681367657, 0.0, 0.26221096783893383, 0.24155001096177509, 0,3, 0
0.8178673584780151, 0.0, 0.277753159618694, 0.24949733318227107, 0,6, 0
0.8212598948978913, 0.0, 0.2640461514276391, 0.2369439728092908, 0,2, 0
0.8189982039513071, 0.0, 0.27668703578551174, 0.24769104946262202, 0,2, 0
0.8200625291026409, 0.0, 0.2781106912365828, 0.2436810545642015, 0,5, 0
0.8214594558637663, 0.0, 0.27736480346181946, 0.24677528800969972, 0,1, 0
0.8233220248786004, 0.0, 0.26542859136295627, 0.243272120572544, 0,3, 0
0.82212465908335, 0.0, 0.26607929847416145, 0.23850521271946895, 0,1, 0
0.8254506751812679, 0.0, 0.259579345981541, 0.23280977769222844, 0,1, 0
0.8238541874542673, 0.0, 0.269745012141112, 0.24042340110367355, 0,4, 0
0.8257167564691014, 0.0, 0.25078118954072764, 0.22680213234596702, 0,2, 0
0.8178673584780151, 0.0, 0.27457576852401044, 0.2510230628116418, 0,2, 0
0.8245193906738508, 0.0, 0.25100537837923786, 0.2318330159953083, 0,2, 0
0.8253841548593095, 0.0, 0.24255670715906497, 0.2281889392257073, 0,4, 0
0.8224572606931417, 0.0, 0.2652509273575955, 0.2325704878955979, 0,1, 0
0.8243863500299341, 0.0, 0.26512624901368076, 0.2328002288913887, 0,3, 0
0.825849797113018, 0.0, 0.25581259635135145, 0.23222960947153662, 0,1, 0
0.8227233419809752, 0.0, 0.2637783339722098, 0.24252803353939598, 0,3, 0
0.8271802035521852, 0.0, 0.25720256845772477, 0.23257602783900083, 0,0, 0
0.8274462848400186, 0.0, 0.25958680383271326, 0.22769870867533623, 0,2, 0
0.8244528703518925, 0.0, 0.2546926121448252, 0.23317621303231906, 0,3, 0
0.8251845938934345, 0.0, 0.2651024973360683, 0.23893587062175242, 0,3, 0
0.8257832767910597, 0.0, 0.25748973299070615, 0.23497422248509026, 0,1, 0
0.8272467238741436, 0.0, 0.2556858905150477, 0.2401855749376332, 0,1, 0
0.8255837158251846, 0.0, 0.25239786154557076, 0.23053374906498722, 0,3, 0
0.8263819596886849, 0.0, 0.24652333286686115, 0.22419171769320673, 0,1, 0
0.1181400917980443, 0.0, 0.9080346713592035, 0.33826449929217667, 0,0, 0
0.31397591964345106, 0.0, 0.7654086261104572, 0.4653916650081301, 0,0, 0
0.4159515732056143, 0.0, 0.6699868759672674, 0.3237285225370426, 0,0, 0
0.4437570677842081, 0.0, 0.6713959225092998, 0.4264444310318267, 0,3, 0
0.5107430319962749, 0.0, 0.6034110252025058, 0.333693589160272, 0,2, 0
0.5826515000332602, 0.0, 0.5548261448185835, 0.3305425850547438, 0,1, 0
0.647974456196368, 0.0, 0.49209118553402353, 0.3271722202445732, 0,0, 0
0.6978646976651367, 0.0, 0.45051840492022754, 0.27103515212226303, 0,4, 0
0.6931417548060933, 0.0, 0.4613168707566953, 0.2783810575005782, 0,2, 0
0.7193507616576864, 0.0, 0.4173072768553726, 0.2599713043369106, 0,3, 0
0.7126322091398922, 0.0, 0.43152936534740816, 0.2788670762418126, 0,1, 0
0.7105700791591831, 0.0, 0.47861034016068976, 0.32225461392538784, 0,4, 0
0.7405707443624027, 0.0, 0.41144690401126377, 0.26658254019558836, 0,3, 0
0.7343178340983171, 0.0, 0.4288228501345841, 0.27565426227110196, 0,2, 0
0.7540743697199495, 0.0, 0.39701895079415095, 0.26494677415687473, 0,1, 0
0.761790727067119, 0.0, 0.38976082976659315, 0.2551940889310287, 0,3, 0
0.760859442559702, 0.0, 0.3777729831053416, 0.2721713568563013, 0,4, 0
0.7621898489988691, 0.0, 0.3703249575922397, 0.25899700166518896, 0,1, 0
0.7743630679172487, 0.0, 0.3695886869077883, 0.2583435762111106, 0,3, 0
0.7750947914587907, 0.0, 0.3636760291557195, 0.2594042604967792, 0,6, 0
0.7720348566487062, 0.0, 0.3807368061360622, 0.2879295493624364, 0,3, 0
0.7760925962881661, 0.0, 0.3744439090541561, 0.29123697162939655, 0,4, 0
0.7852058803964611, 0.0, 0.33192331136000147, 0.2537043073167669, 0,2, 0
0.7899288232555045, 0.0, 0.32750899528690525, 0.2577873090743439, 0,3, 0
0.7899953435774629, 0.0, 0.32706584133463124, 0.2687434411196658, 0,1, 0
0.7854054413623361, 0.0, 0.322600864937166, 0.2644894758578841, 0,2, 0
0.797445619636799, 0.0, 0.3277026463489503, 0.2681924675605674, 0,2, 0
0.7969134570611321, 0.0, 0.2946086738901792, 0.24574191291478953, 0,4, 0
0.7931883190314641, 0.0, 0.3138409323184168, 0.2529776441340473, 0,2, 0
0.795583050621965, 0.0, 0.3103912961635381, 0.2520014406910833, 0,4, 0
0.7895962216457127, 0.0, 0.31460100703914645, 0.26384549401467255, 0,5, 0
0.7993747089735914, 0.0, 0.3060481828443907, 0.2597919666750382, 0,2, 0
0.8040976518326348, 0.0, 0.3052098361205976, 0.257954364341779, 0,2, 0
0.8065589037450941, 0.0, 0.2986501473031938, 0.26262661331059123, 0,2, 0
0.8053615379498437, 0.0, 0.3089636729796527, 0.2635324610939438, 0,2, 0
0.8067584647109692, 0.0, 0.3083304095351423, 0.26229406196702276, 0,1, 0
0.8011042373445088, 0.0, 0.3121013946725148, 0.258370538793504, 0,2, 0
0.8114814075700126, 0.0, 0.2797939577477068, 0.24479342756936717, 0,2, 0
0.8120135701456795, 0.0, 0.28005589463701613, 0.24348962196386723, 0,2, 0
0.8043637331204683, 0.0, 0.30256744024572746, 0.26662940610677116, 0,3, 0
0.8114814075700126, 0.0, 0.2756079569967946, 0.25272247661124614, 0,2, 0
0.8100844808088871, 0.0, 0.29298586938145704, 0.2595431169901484, 0,4, 0
0.8110822856382625, 0.0, 0.2768708709134987, 0.2524226934044055, 0,1, 0
0.8115479278919709, 0.0, 0.29060674651902696, 0.25270367995519416, 0,4, 0
0.8128118140091798, 0.0, 0.2970626439681544, 0.24690048933729322, 0,1, 0
0.8133439765848467, 0.0, 0.2914125372369421, 0.2562851283757469, 0,3, 0
0.8130778952970132, 0.0, 0.2807821698608257, 0.24483577004642942, 0,2, 0
0.8138096188385552, 0.0, 0.29069482687352993, 0.2513580525104883, 0,3, 0
0.8103505620967205, 0.0, 0.28585240530693956, 0.2578908248406689, 0,4, 0
0.8101510011308455, 0.0, 0.2896940317936843, 0.25433031213770624, 0,2, 0
0.8041641721545932, 0.0, 0.3081948899638749, 0.2669273812436988, 0,3, 0
0.809884919843012, 0.0, 0.2929073363905241, 0.25610144076421715, 0,1, 0
0.8144083017361804, 0.0, 0.27716585420156953, 0.24988646669225742, 0,3, 0
0.8166034723608062, 0.0, 0.273380731039608, 0.24322523761572182, 0,2, 0
0.8195968868489324, 0.0, 0.2708031100604299, 0.24438603966360964, 0,4, 0
0.8134770172287634, 0.0, 0.28670352412356376, 0.2503925728975458, 0,5, 0
0.8116809685358877, 0.0, 0.2895344685274302, 0.2530044239748269, 0,2, 0
0.8131444156189715, 0.0, 0.27492116276237477, 0.25060653319682646, 0,2, 0
0.8181334397658485, 0.0, 0.2780626809086301, 0.2437749464799974, 0,4, 0
0.8172021552584314, 0.0, 0.2848105537997585, 0.24682529836964665, 0,3, 0
0.816936073970598, 0.0, 0.28897783976110764, 0.23691611861768996, 0,2, 0
0.8147409033459722, 0.0, 0.28935971517111514, 0.24301477345904382, 0,3, 0
0.8159382691412227, 0.0, 0.29013832381092786, 0.24894579024582553, 0,4, 0
0.8126787733652631, 0.0, 0.29387765057009074, 0.250721586280933, 0,3, 0
0.8137430985165969, 0.0, 0.28691820911021426, 0.2547025713216444, 0,3, 0
0.8145413423800971, 0.0, 0.27256376268396726, 0.24174602772005624, 0,3, 0
0.8150069846338056, 0.0, 0.27580621388080023, 0.24457440270626785, 0,5, 0
0.8174017162243066, 0.0, 0.26061283998523094, 0.2366207409844246, 0,3, 0
0.8173351959023482, 0.0, 0.2665423409059408, 0.2378920491691957, 0,1, 0
0.8160713097851393, 0.0, 0.27209837350473515, 0.2423345091390829, 0,2, 0
0.8183995210536819, 0.0, 0.2710656981927547, 0.24480754785411687, 0,4, 0
0.8184660413756403, 0.0, 0.27719348849137754, 0.2518810294099401, 0,4, 0
0.8141422204483469, 0.0, 0.27577979392514823, 0.25477644540320565, 0,3, 0
0.8174682365462649, 0.0, 0.27708757760606373, 0.24973553030023946, 0,1, 0
0.8231224639127254, 0.0, 0.24872244107861113, 0.23177551499058524, 0,2, 0
0.8235881061664339, 0.0, 0.25681510327420903, 0.2334068166558518, 0,4, 0
0.8235881061664339, 0.0, 0.2567294259131669, 0.23224643029274183, 0,3, 0
0.8253841548593095, 0.0, 0.24979026933490933, 0.2257095960409895, 0,2, 0
0.8250515532495177, 0.0, 0.2538287417932121, 0.23156287668494055, 0,1, 0
0.8229894232688086, 0.0, 0.26689026403507915, 0.24151707399415717, 0,4, 0
0.8270471629082685, 0.0, 0.2546577292736886, 0.22972398883456335, 0,2, 0
0.821193374575933, 0.0, 0.2632751135286662, 0.23947449191590212, 0,6, 0
0.8233885452005588, 0.0, 0.2552606392221298, 0.25065246229950505, 0,1, 0
0.8210603339320163, 0.0, 0.26867125664112396, 0.24599849081347527, 0,3, 0
0.82212465908335, 0.0, 0.26809042729739285, 0.24173624626427284, 0,4, 0
0.8239207077762256, 0.0, 0.2623985067716172, 0.2438181028513797, 0,2, 0
0.8231889842346837, 0.0, 0.257078685293271, 0.23799554171654896, 0,5, 0
0.8186656023415153, 0.0, 0.2604355650822996, 0.2394457607083261, 0,5, 0
0.8219916184394332, 0.0, 0.2555963556875686, 0.24394106177397876, 0,1, 0
0.818798642985432, 0.0, 0.27370070487305154, 0.24952392533703666, 0,3, 0
0.8216590168296415, 0.0, 0.26472565341199744, 0.24537081762300356, 0,0, 0
0.8222576997272667, 0.0, 0.25762501153632456, 0.23625522865031634, 0,3, 0
0.821392935541808, 0.0, 0.2713318756547897, 0.24382325918519332, 0,2, 0
0.8185325616975986, 0.0, 0.2644321859530248, 0.247346321727403, 0,2, 0
0.8199294884587242, 0.0, 0.27268887542147663, 0.24119023289415295, 0,2, 0
0.8223907403711834, 0.0, 0.2587240705254901, 0.23747800325253024, 0,4, 0
0.8225903013370585, 0.0, 0.2650089625174959, 0.24349061953779025, 0,2, 0
0.8229229029468502, 0.0, 0.2593280338491674, 0.23881770416223952, 0,4, 0
0.8233220248786004, 0.0, 0.2583689243785997, 0.24237241692738457, 0,2, 0
0.823055943590767, 0.0, 0.26701006143488504, 0.2475807836462132, 0,2, 0
0.8261158784008514, 0.0, 0.25894742815692057, 0.23670306088613163, 0,2, 0
0.10643251513337325, 0.0, 0.9029670048781118, 0.3410593210078823, 0,0, 0
0.26335395463314043, 0.0, 0.7923079555725381, 0.5282705980327619, 0,0, 0
0.41468768708840553, 0.0, 0.6893518234545788, 0.4709078862494176, 0,0, 0
0.48506618772034854, 0.0, 0.609979787238456, 0.3420599359073836, 0,3, 0
0.5347568682232422, 0.0, 0.5968020690363249, 0.3927951575573792, 0,0, 0
0.6154460187587308, 0.0, 0.5054192435141329, 0.3389402795390942, 0,1, 0
0.6425863101177409, 0.0, 0.4815398773778283, 0.2657021913183179, 0,2, 0
0.6909465841814675, 0.0, 0.4581430107091464, 0.3334460159755659, 0,4, 0
0.7301270538149405, 0.0, 0.4166969842846618, 0.2764239210357375, 0,0, 0
0.726135834497439, 0.0, 0.407418823853577, 0.27988796761295726, 0,3, 0
0.7317900618638994, 0.0, 0.4053775744272261, 0.2777997014560362, 0,1, 0
0.7709040111754141, 0.0, 0.3806831734856682, 0.2603912846798128, 0,4, 0
0.7583316703252844, 0.0, 0.3920263105881216, 0.2761759929430782, 0,1, 0
0.7309918180003991, 0.0, 0.4360339778261123, 0.31289158136298545, 0,0, 0
0.7842080755670857, 0.0, 0.35240452920477616, 0.24668838212843763, 0,1, 0
0.7971795383489656, 0.0, 0.34145707020021343, 0.2427777693393784, 0,2, 0
0.8006385950908003, 0.0, 0.3285911723462123, 0.24525547408324133, 0,2, 0
0.8022350828178009, 0.0, 0.3245256760649198, 0.25038305965761737, 0,3, 0
0.801902481208009, 0.0, 0.34390878144320297, 0.25316239911610244, 0,4, 0
0.8059602208474689, 0.0, 0.3211914012641842, 0.24698024095924634, 0,0, 0
0.8078227898623029, 0.0, 0.31541453245418366, 0.24602422311719438, 0,4, 0
0.7909931484068383, 0.0, 0.3637275929753621, 0.2751137373024169, 0,2, 0
0.7919244329142553, 0.0, 0.3542336441292994, 0.2790813470237824, 0,2, 0
0.7891305793920043, 0.0, 0.3646336455939149, 0.28816706793135993, 0,2, 0
0.8063593427792191, 0.0, 0.28390385407223623, 0.23555521908877497, 0,3, 0
0.8032994079691346, 0.0, 0.30972810675551693, 0.2473354313481089, 0,2, 0
0.804496773764385, 0.0, 0.3181158265981487, 0.2586482751960402, 0,2, 0
0.8032328876471763, 0.0, 0.3189558117323066, 0.2551816263712865, 0,1, 0
0.7961152131976319, 0.0, 0.3145980233857356, 0.25571891055980933, 0,6, 0
0.7912592296946718, 0.0, 0.3359694701442326, 0.2657248944563311, 0,4, 0
0.7957160912658817, 0.0, 0.3468004601889192, 0.2847360385837019, 0,2, 0
0.8132774562628883, 0.0, 0.2871046118716466, 0.24299186332038494, 0,1, 0
0.8092862369453868, 0.0, 0.30208897235706256, 0.25220863943436234, 0,4, 0
0.8109492449943457, 0.0, 0.294478554993682, 0.25309414365041816, 0,2, 0
0.8091531963014701, 0.0, 0.29871499986864436, 0.24713501166345034, 0,3, 0
0.807091066320761, 0.0, 0.30581184742370765, 0.2557013854383496, 0,2, 0
0.8106831637065124, 0.0, 0.28627715625585176, 0.25814493858122217, 0,3, 0
0.8100179604869288, 0.0, 0.30885483865799485, 0.27123469620270757, 0,2, 0
0.8140757001263886, 0.0, 0.2886707603638883, 0.2546581811561016, 0,1, 0
0.8054280582718021, 0.0, 0.3139503273301477, 0.26738918473948536, 0,4, 0
0.8092862369453868, 0.0, 0.2992420353915333, 0.25240767970712374, 0,3, 0
0.8138096188385552, 0.0, 0.2718991137386092, 0.24199335558099258, 0,4, 0
0.81321093594093, 0.0, 0.3022771796056289, 0.25199401956929807, 0,2, 0
0.808022350828178, 0.0, 0.3039646410985903, 0.26001770253019857, 0,5, 0
0.8138096188385552, 0.0, 0.27820524991085194, 0.24769437177370526, 0,2, 0
0.8071575866427193, 0.0, 0.31139360452145953, 0.2585014568963595, 0,3, 0
0.8120135701456795, 0.0, 0.28264804480550876, 0.25198828135115714, 0,2, 0
0.8114148872480543, 0.0, 0.29932789199468984, 0.2576141825924193, 0,1, 0
0.809884919843012, 0.0, 0.2874221760654734, 0.25072998859303125, 0,4, 0
0.8088871150136366, 0.0, 0.29068650243653943, 0.2609612886419172, 0,3, 0
0.8121466107895963, 0.0, 0.27718522770560416, 0.2486557245917968, 0,1, 0
0.8139426594824719, 0.0, 0.2751445236900994, 0.2556492863167814, 0,2, 0
0.809685358877137, 0.0, 0.29108581402591666, 0.25717472568801986, 0,4, 0
0.8103505620967205, 0.0, 0.28442857301598506, 0.25328348253130717, 0,2, 0
0.8126122530433048, 0.0, 0.2787961741410466, 0.25611451098142746, 0,3, 0
0.8178673584780151, 0.0, 0.2677536331181827, 0.24575843236110678, 0,3, 0
0.8118140091798044, 0.0, 0.2840850381544213, 0.24867382912339386, 0,3, 0
0.8123461717554713, 0.0, 0.2880609582576813, 0.25323400979716365, 0,1, 0
0.8166034723608062, 0.0, 0.2733006350200483, 0.24600490706946587, 0,4, 0
0.8179338787999734, 0.0, 0.2672849269722285, 0.24616459387335474, 0,1, 0
0.8178673584780151, 0.0, 0.2614767109284385, 0.24560335472581674, 0,3, 0
0.8167365130047229, 0.0, 0.2766333154658736, 0.25169293443609925, 0,2, 0
0.8157387081753475, 0.0, 0.270075355871508, 0.24693299187256326, 0,6, 0
0.8192642852391405, 0.0, 0.26433470245516766, 0.24245948074176846, 0,3, 0
0.8066919443890108, 0.0, 0.2841278377232261, 0.24862475585248942, 0,5, 0
0.8063593427792191, 0.0, 0.28465715447284234, 0.25950910080042733, 0,2, 0
0.804496773764385, 0.0, 0.29815576985370534, 0.26563796146048363, 0,3, 0
0.8136100578726801, 0.0, 0.27298099889333033, 0.25585446983051163, 0,4, 0
0.8156056675314308, 0.0, 0.28312928157314754, 0.26015127195716486, 0,5, 0
0.8112818466041376, 0.0, 0.27791798856499134, 0.25834121024936324, 0,2, 0
0.8044302534424267, 0.0, 0.2939328775677279, 0.2654084864388319, 0,2, 0
0.806891505354886, 0.0, 0.2765280278305283, 0.2597659893822767, 0,2, 0
0.8118805295017628, 0.0, 0.27630412465438303, 0.24992996004881887, 0,4, 0
0.8119470498237211, 0.0, 0.27649995265889293, 0.2513901500933612, 0,3, 0
0.8120800904676378, 0.0, 0.28531393970660657, 0.2558901379282976, 0,3, 0
0.8142752610922637, 0.0, 0.279055982033167, 0.24905455555605993, 0,3, 0
0.8146743830240138, 0.0, 0.27283996528016347, 0.2501403975830728, 0,3, 0
0.8155391472094725, 0.0, 0.2612747069917483, 0.2444658212228277, 0,2, 0
0.816936073970598, 0.0, 0.2769937891530459, 0.2519624528035244, 0,3, 0
0.815805228497306, 0.0, 0.2756049919807428, 0.24932585972437837, 0,5, 0
0.8136765781946385, 0.0, 0.2789167902556191, 0.25747762213632314, 0,5, 0
0.8148739439898889, 0.0, 0.2800230531746238, 0.2501124101824508, 0,1, 0
0.8152730659216391, 0.0, 0.27533528811962016, 0.25483930388767234, 0,3, 0
0.8191977649171822, 0.0, 0.26554420887892066, 0.24263854991006684, 0,2, 0
0.8123461717554713, 0.0, 0.2849679589357892, 0.25558210504011536, 0,6, 0
0.8130778952970132, 0.0, 0.28098437242166585, 0.2616110185794688, 0,3, 0
0.8084879930818866, 0.0, 0.2893609899811071, 0.2597471583681911, 0,4, 0
0.8118140091798044, 0.0, 0.27401018806758926, 0.25078101214598475, 0,2, 0
0.8123461717554713, 0.0, 0.28064996233941686, 0.257735967383108, 0,2, 0
0.8059602208474689, 0.0, 0.3009162607878306, 0.2719370459852886, 0,5, 0
0.8066254240670525, 0.0, 0.2915632878007082, 0.2613945085135628, 0,4, 0
0.8114814075700126, 0.0, 0.2803194554051006, 0.25271362087194515, 0,2, 0
0.8079558305062197, 0.0, 0.2950364523483222, 0.26583373102473196, 0,5, 0
0.8051619769839686, 0.0, 0.2949971500384148, 0.2692022173077491, 0,6, 0
0.8028337657154261, 0.0, 0.3091599173867814, 0.2743123761493771, 0,6, 0
0.8074901882525112, 0.0, 0.2777691195198257, 0.2537976527725985, 0,2, 0
0.8084879930818866, 0.0, 0.2851126766067478, 0.26430173108826494, 0,2, 0
0.8134770172287634, 0.0, 0.28207547213185924, 0.25738251137293083, 0,2, 0
0.8104170824186789, 0.0, 0.28262766740270456, 0.25953316706602647, 0,6, 0
0.8084879930818866, 0.0, 0.2773610941727054, 0.25854413999441717, 0,4, 0
0.8067584647109692, 0.0, 0.2908610414304956, 0.2672345041602211, 0,4, 0
0.06818333000731723, 0.0, 0.9247569849297448, 0.3644885431270319, 0,0, 0
0.23049291558571144, 0.0, 0.7624224391945924, 0.46383964353375406, 0,0, 0
0.4122929554979046, 0.0, 0.6629872983510898, 0.3271552245696421, 0,0, 0
0.4713630013969268, 0.0, 0.6169145821338382, 0.42628602818364003, 0,2, 0
0.5243796979977383, 0.0, 0.5675741315788543, 0.3916804080819161, 0,1, 0
0.6668662276325418, 0.0, 0.49012867466363147, 0.3226257807779841, 0,4, 0
0.6664671057007916, 0.0, 0.48175432143809876, 0.3131977364263536, 0,3, 0
0.7226767777556043, 0.0, 0.44899278753322347, 0.3042977946026008, 0,3, 0
0.7170225503891439, 0.0, 0.459565037928162, 0.30399047452931954, 0,1, 0
0.7169560300671856, 0.0, 0.4374583043104735, 0.32207145722903724, 0,3, 0
0.7277988425463979, 0.0, 0.44345383099613317, 0.3249781050491066, 0,4, 0
0.7320561431517328, 0.0, 0.40646662910039555, 0.3044559451181087, 0,4, 0
0.6948047628550522, 0.0, 0.4330055140101181, 0.33387097468789007, 0,4, 0
0.7493514268609061, 0.0, 0.3752034137078465, 0.2860198668229755, 0,2, 0
0.7522783210270738, 0.0, 0.3704922596535331, 0.2954538495560323, 0,3, 0
0.7644515399454533, 0.0, 0.35486045852538844, 0.27803696708742565, 0,4, 0
0.7562695403445753, 0.0, 0.3634214229025872, 0.3077900866156349, 0,2, 0
0.763653296081953, 0.0, 0.3809197811886337, 0.3087203475780402, 0,4, 0
0.7538748087540744, 0.0, 0.37756140948700984, 0.3051934186473998, 0,4, 0
0.7514800771635735, 0.0, 0.3617569368378311, 0.29851257103088885, 0,1, 0
0.7552052151932416, 0.0, 0.34876650779437474, 0.2948015942204546, 0,4, 0
0.7756934743564159, 0.0, 0.3206982542885356, 0.277710301205347, 0,2, 0
0.7594625157985765, 0.0, 0.32589854301292576, 0.28275705157551884, 0,3, 0
0.7550721745493248, 0.0, 0.3336447137055529, 0.2828224098039484, 0,1, 0
0.7530765648905741, 0.0, 0.35410577313266545, 0.29381358019879905, 0,1, 0
0.7479545000997805, 0.0, 0.3699632839479577, 0.298903457562976, 0,5, 0
0.7677775560433713, 0.0, 0.34544423550940373, 0.2945291983791044, 0,2, 0
0.7709705314973725, 0.0, 0.32503152090575654, 0.2828952756780756, 0,1, 0
0.7721678972926229, 0.0, 0.33383813379062927, 0.28411791360369193, 0,5, 0
0.7740969866294153, 0.0, 0.3359426124603133, 0.2884829751514158, 0,4, 0
0.7706379298875806, 0.0, 0.3400515402277727, 0.28432029592826924, 0,1, 0
0.7721013769706645, 0.0, 0.32678795928723864, 0.2885542118627956, 0,2, 0
0.7720348566487062, 0.0, 0.32966489788262376, 0.29727837281294606, 0,3, 0
0.7927226767777557, 0.0, 0.3118486006070803, 0.2883637960265203, 0,3, 0
0.7897292622896295, 0.0, 0.32709210989710125, 0.29020904757443877, 0,1, 0
0.7924565954899222, 0.0, 0.32975523351769054, 0.28179350214119403, 0,1, 0
0.7893301403578793, 0.0, 0.32733603818107754, 0.28508249530535523, 0,3, 0
0.7881327745626289, 0.0, 0.3236938238830009, 0.28802346012609387, 0,2, 0
0.7939200425730061, 0.0, 0.3195350734262965, 0.28204822586657363, 0,3, 0
0.7943191645047561, 0.0, 0.3185092149144369, 0.2852459718289906, 0,3, 0
0.7757599946783742, 0.0, 0.325232429242994, 0.2817218414069276, 0,3, 0
0.7732322224439566, 0.0, 0.3228243406381979, 0.2829540690855365, 0,4, 0
0.7958491319097984, 0.0, 0.312917426367473, 0.2788165930588959, 0,5, 0
0.7961152131976319, 0.0, 0.31053997538708084, 0.27149637687557826, 0,3, 0
0.7698396860240804, 0.0, 0.32711876490244957, 0.2785509212645287, 0,2, 0
0.7703053282777889, 0.0, 0.32287530979978213, 0.28434774424264575, 0,2, 0
0.7717022550389144, 0.0, 0.32946860941290146, 0.281344925958045, 0,1, 0
0.7886649371382958, 0.0, 0.3122855381119597, 0.27785527807946225, 0,4, 0
0.7965143351293821, 0.0, 0.3053833641989162, 0.27588536072764847, 0,0, 0
0.7694405640923302, 0.0, 0.3246544197941725, 0.2861205318933804, 0,2, 0
0.7891970997139626, 0.0, 0.31005610088252245, 0.27537621608607965, 0,1, 0
0.7967138960952571, 0.0, 0.30083249839805043, 0.27296254919017476, 0,3, 0
0.7915918313044635, 0.0, 0.3020027104815343, 0.2753782185086139, 0,1, 0
0.7947848067584647, 0.0, 0.3068145384385236, 0.278091233283153, 0,5, 0
0.7950508880462982, 0.0, 0.3032326056654143, 0.27974934287429454, 0,2, 0
0.7954500099780483, 0.0, 0.2967120428948515, 0.27396679772847854, 0,4, 0
0.7921905142020887, 0.0, 0.31178696325750777, 0.2777683263425723, 0,4, 0
0.7963812944854654, 0.0, 0.30234764991320195, 0.279351130624878, 0,4, 0
0.7919909532362137, 0.0, 0.3092442858091699, 0.27535138538523013, 0,2, 0
0.7937204816071309, 0.0, 0.3152611221648314, 0.27663459064855944, 0,3, 0
0.7960486928756735, 0.0, 0.3052708100863621, 0.27965280555662914, 0,2, 0
0.7945187254706313, 0.0, 0.30437546280827144, 0.28282075391060685, 0,4, 0
0.7956495709439234, 0.0, 0.31030490228408314, 0.2809850591344125, 0,0, 0
0.7959821725537152, 0.0, 0.3028733087204141, 0.27103114749014035, 0,3, 0
0.7931217987095057, 0.0, 0.3244810200417356, 0.2819908269278293, 0,5, 0
0.7981108228563826, 0.0, 0.30023322584270656, 0.2723294052178746, 0,4, 0
0.7893966606798377, 0.0, 0.31055070378911354, 0.2769694174572267, 0,4, 0
0.7873345306991286, 0.0, 0.314979275217685, 0.2761201723579732, 0,0, 0
0.7941861238608395, 0.0, 0.3029190784846305, 0.27291846362789074, 0,3, 0
0.7941861238608395, 0.0, 0.29916112430124997, 0.27142939519999315, 0,2, 0
0.7943856848267146, 0.0, 0.3056512430318653, 0.2737633896010255, 0,1, 0
0.7951839286902148, 0.0, 0.3018603112931199, 0.27258913834064624, 0,4, 0
0.7935209206412559, 0.0, 0.3062734542975509, 0.27432517366061593, 0,2, 0
0.7959156522317568, 0.0, 0.30934764991320196, 0.27999797543225396, 0,2, 0
0.7949178474023815, 0.0, 0.30136540423938935, 0.2781151356242205, 0,1, 0
0.7947848067584647, 0.0, 0.3133296930440551, 0.2772384501821556, 0,4, 0
0.7933878799973392, 0.0, 0.319829253333287, 0.2843648120037546, 0,4, 0
0.7944522051486729, 0.0, 0.31775506617838345, 0.28318213733010333, 0,5, 0
0.7949843677243398, 0.0, 0.3105540342368429, 0.2775496448657002, 0,2, 0
0.7949843677243398, 0.0, 0.3063490794683828, 0.2729463035428082, 0,2, 0
0.794851327080423, 0.0, 0.3108296930440551, 0.27888768535847813, 0,2, 0
0.794851327080423, 0.0, 0.31190112161548367, 0.27435665527005143, 0,3, 0
0.792988758065589, 0.0, 0.3082526891705145, 0.278251618260467, 0,2, 0
0.7967138960952571, 0.0, 0.301544868623695, 0.2761433018811659, 0,1, 0
0.7943856848267146, 0.0, 0.31126994461638213, 0.2773781298079406, 0,5, 0
0.792789197099714, 0.0, 0.323961600352433, 0.2950125506477667, 0,3, 0
0.7951839286902148, 0.0, 0.3026154073297694, 0.27700602580370487, 0,6, 0
0.7944522051486729, 0.0, 0.2933101597318388, 0.2765077206826635, 0,2, 0
0.7947182864365063, 0.0, 0.31631454152890354, 0.280788676075139, 0,2, 0
0.7955165303000067, 0.0, 0.30110025581461786, 0.2747498362804953, 0,2, 0
0.794851327080423, 0.0, 0.29778469078263486, 0.2752299162957522, 0,1, 0
0.797977782212466, 0.0, 0.30235081137196024, 0.2749134930196235, 0,3, 0
0.7958491319097984, 0.0, 0.3127152969720255, 0.27606770837181643, 0,5, 0
0.7961817335195902, 0.0, 0.29791747961499415, 0.27488049797034586, 0,5, 0
0.7950508880462982, 0.0, 0.3065439787583408, 0.28043035230712116, 0,3, 0
0.7967804164172154, 0.0, 0.3027153000624055, 0.273940647965958, 0,4, 0
0.7947182864365063, 0.0, 0.3087648185505684, 0.2805320751009064, 0,2, 0
0.794651766114548, 0.0, 0.31092168129566644, 0.27769776108328226, 0,3, 0
0.794651766114548, 0.0, 0.30407644320042837, 0.279186367022686, 0,3, 0
0.7936539612851726, 0.0, 0.3049010657323679, 0.2803373010487498, 0,5, 0
0.7936539612851726, 0.0, 0.3049010657323679, 0.2808345165908602, 0,1, 0
