acuracia,loss,frr,fpr, removed, n_clf, tp_removed
0.09825051553249518, 0.0, 0.8944041643372586, 0.40467750686587217, 0,0, 0
0.10097784873278787, 0.0, 0.8896953824485279, 0.573519262332152, 0,0, 0
0.09944788132774562, 0.0, 0.8961640883408702, 0.5595259677844708, 0,0, 0
0.10017960486928756, 0.0, 0.8835487229879121, 0.574661774883798, 0,0, 0
0.10097784873278787, 0.0, 0.8896953824485279, 0.5730529573260918, 0,0, 0
0.1390274728929688, 0.0, 0.8530233439616584, 0.3948415162075773, 0,0, 0
0.10024612519124593, 0.0, 0.8928250668896844, 0.5738734024789731, 0,0, 0
0.09904875939599547, 0.0, 0.8938837418790088, 0.5730276923986505, 0,0, 0
0.10051220647907935, 0.0, 0.8777699163158681, 0.5815340846784294, 0,0, 0
0.09904875939599547, 0.0, 0.8938837418790088, 0.574404510979798, 0,0, 0
0.10097784873278787, 0.0, 0.8896953824485279, 0.5757203268297096, 0,0, 0
0.09991352358145414, 0.0, 0.9273376082964652, 0.5913215129530874, 0,0, 0
0.10017960486928756, 0.0, 0.8835487229879121, 0.5773964093377866, 0,0, 0
0.09991352358145414, 0.0, 0.9273376082964652, 0.5902832887432341, 0,0, 0
0.09991352358145414, 0.0, 0.9273376082964652, 0.5861927417863066, 0,0, 0
0.09991352358145414, 0.0, 0.9273376082964652, 0.5903488562181738, 0,0, 0
0.09991352358145414, 0.0, 0.9273376082964652, 0.5895174106995387, 0,0, 0
0.09878267810816205, 0.0, 0.9000015148416551, 0.5850935207313461, 0,0, 0
0.10017960486928756, 0.0, 0.8835487229879121, 0.5725377254290308, 0,0, 0
0.09878267810816205, 0.0, 0.9000015148416551, 0.5835876817293104, 0,0, 0
0.10097784873278787, 0.0, 0.8896953824485279, 0.5717567549931697, 0,0, 0
0.10024612519124593, 0.0, 0.88033626681359, 0.5618826519228434, 0,0, 0
0.0996474422936207, 0.0, 0.9424463317291131, 0.5867042770082693, 0,0, 0
0.09991352358145414, 0.0, 0.9273376082964652, 0.5915233536142424, 0,0, 0
0.09878267810816205, 0.0, 0.9000015148416551, 0.5831648147568074, 0,0, 0
0.10111088937670458, 0.0, 0.9116167084157132, 0.5794796263452746, 0,0, 0
0.0996474422936207, 0.0, 0.9424463317291131, 0.5914096019715674, 0,0, 0
0.09958092197166234, 0.0, 0.8933638062721464, 0.5764411024293418, 0,0, 0
0.09904875939599547, 0.0, 0.8938837418790088, 0.5757026190193134, 0,0, 0
0.0996474422936207, 0.0, 0.9424463317291131, 0.5879991148839238, 0,0, 0
0.09991352358145414, 0.0, 0.9273376082964652, 0.5881484319476997, 0,0, 0
0.09991352358145414, 0.0, 0.9273376082964652, 0.5891023920666231, 0,0, 0
0.10111088937670458, 0.0, 0.9116167084157132, 0.5810881700530945, 0,0, 0
0.09904875939599547, 0.0, 0.8938837418790088, 0.5731385080578237, 0,0, 0
0.09991352358145414, 0.0, 0.9273376082964652, 0.5918050701424321, 0,0, 0
0.09904875939599547, 0.0, 0.8938837418790088, 0.5749783361677123, 0,0, 0
0.09878267810816205, 0.0, 0.9000015148416551, 0.580091273349395, 0,0, 0
0.10051220647907935, 0.0, 0.8777699163158681, 0.5751619588435757, 0,0, 0
0.09878267810816205, 0.0, 0.9000015148416551, 0.5794960200125218, 0,0, 0
0.10017960486928756, 0.0, 0.8835487229879121, 0.5753569981872506, 0,0, 0
0.09958092197166234, 0.0, 0.8933638062721464, 0.5782135245700889, 0,0, 0
0.09958092197166234, 0.0, 0.8933638062721464, 0.5797691125506824, 0,0, 0
0.09991352358145414, 0.0, 0.9273376082964652, 0.5906201530060512, 0,0, 0
0.09991352358145414, 0.0, 0.9273376082964652, 0.5866722621000496, 0,0, 0
0.09878267810816205, 0.0, 0.9000015148416551, 0.5764144598186095, 0,0, 0
0.09991352358145414, 0.0, 0.9273376082964652, 0.5926109526937582, 0,0, 0
0.09904875939599547, 0.0, 0.8938837418790088, 0.5742951547013943, 0,0, 0
0.09958092197166234, 0.0, 0.8933638062721464, 0.5793255576260777, 0,0, 0
0.09904875939599547, 0.0, 0.8938837418790088, 0.5753193229874053, 0,0, 0
0.09904875939599547, 0.0, 0.8938837418790088, 0.57221674348519, 0,0, 0
0.09904875939599547, 0.0, 0.8938837418790088, 0.5777767714518983, 0,0, 0
0.09904875939599547, 0.0, 0.8938837418790088, 0.5755678754924491, 0,0, 0
0.10017960486928756, 0.0, 0.8835487229879121, 0.5761951788900234, 0,0, 0
0.09878267810816205, 0.0, 0.9000015148416551, 0.579789922031962, 0,0, 0
0.10111088937670458, 0.0, 0.9116167084157132, 0.5840180775915375, 0,0, 0
0.09991352358145414, 0.0, 0.9273376082964652, 0.5883938111967657, 0,0, 0
0.10017960486928756, 0.0, 0.8835487229879121, 0.5753770646333407, 0,0, 0
0.10017960486928756, 0.0, 0.8835487229879121, 0.5763284266485593, 0,0, 0
0.09904875939599547, 0.0, 0.8938837418790088, 0.5707817434904492, 0,0, 0
0.10111088937670458, 0.0, 0.9116167084157132, 0.5870458652976371, 0,0, 0
0.09904875939599547, 0.0, 0.8938837418790088, 0.5724469788164415, 0,0, 0
0.09904875939599547, 0.0, 0.8938837418790088, 0.5797883808947971, 0,0, 0
0.10111088937670458, 0.0, 0.9116167084157132, 0.5835123060971125, 0,0, 0
0.09904875939599547, 0.0, 0.8938837418790088, 0.5735724086633089, 0,0, 0
0.09878267810816205, 0.0, 0.9000015148416551, 0.5796562082158299, 0,0, 0
0.10051220647907935, 0.0, 0.8777699163158681, 0.5821297736768672, 0,0, 0
0.10017960486928756, 0.0, 0.8835487229879121, 0.5735912791560649, 0,0, 0
0.10111088937670458, 0.0, 0.9116167084157132, 0.5822053296868264, 0,0, 0
0.10017960486928756, 0.0, 0.8835487229879121, 0.5710389188632619, 0,0, 0
0.09958092197166234, 0.0, 0.8933638062721464, 0.5769776977163121, 0,0, 0
0.09904875939599547, 0.0, 0.8938837418790088, 0.5720346705605106, 0,0, 0
0.10111088937670458, 0.0, 0.9116167084157132, 0.5871434687588384, 0,0, 0
0.09878267810816205, 0.0, 0.9000015148416551, 0.5829801910024206, 0,0, 0
0.09991352358145414, 0.0, 0.9273376082964652, 0.5868745815397771, 0,0, 0
0.09958092197166234, 0.0, 0.8933638062721464, 0.5801044538720147, 0,0, 0
0.09878267810816205, 0.0, 0.9000015148416551, 0.5802092162366403, 0,0, 0
0.10097784873278787, 0.0, 0.8896953824485279, 0.5711481935509601, 0,0, 0
0.09904875939599547, 0.0, 0.8938837418790088, 0.5752095481288658, 0,0, 0
0.09991352358145414, 0.0, 0.9273376082964652, 0.5923253999017661, 0,0, 0
0.09958092197166234, 0.0, 0.8933638062721464, 0.5771297099833878, 0,0, 0
0.09904875939599547, 0.0, 0.8938837418790088, 0.5715451242497104, 0,0, 0
0.09991352358145414, 0.0, 0.9273376082964652, 0.5894735820763792, 0,0, 0
0.09878267810816205, 0.0, 0.9000015148416551, 0.5897832980247137, 0,0, 0
0.09878267810816205, 0.0, 0.9000015148416551, 0.5821193939185821, 0,0, 0
0.09958092197166234, 0.0, 0.8933638062721464, 0.581886174453389, 0,0, 0
0.09958092197166234, 0.0, 0.8933638062721464, 0.5772165083738234, 0,0, 0
0.09878267810816205, 0.0, 0.9000015148416551, 0.5809712046938842, 0,0, 0
0.09904875939599547, 0.0, 0.8938837418790088, 0.5762067579526245, 0,0, 0
0.09958092197166234, 0.0, 0.8933638062721464, 0.5742697631800666, 0,0, 0
0.10024612519124593, 0.0, 0.88033626681359, 0.5629262785910747, 0,0, 0
0.09991352358145414, 0.0, 0.9273376082964652, 0.5944529213394074, 0,0, 0
0.09958092197166234, 0.0, 0.8933638062721464, 0.5856903705348713, 0,0, 0
0.09904875939599547, 0.0, 0.8938837418790088, 0.5779609620149784, 0,0, 0
0.10111088937670458, 0.0, 0.9116167084157132, 0.578483761004927, 0,0, 0
0.09904875939599547, 0.0, 0.8938837418790088, 0.5766251936374214, 0,0, 0
0.09958092197166234, 0.0, 0.8933638062721464, 0.576841963144417, 0,0, 0
0.10111088937670458, 0.0, 0.9116167084157132, 0.5802803350877027, 0,0, 0
0.10024612519124593, 0.0, 0.88033626681359, 0.5585341177283696, 0,0, 0
0.09904875939599547, 0.0, 0.8938837418790088, 0.5753310287179891, 0,0, 0
0.09904875939599547, 0.0, 0.8938837418790088, 0.5755403697520853, 0,0, 0
0.10051220647907935, 0.0, 0.8777699163158681, 0.5750200208594518, 0,0, 0
0.09998004390341249, 0.0, 0.8836761766212924, 0.45595908758557935, 0,0, 0
0.09911527971795384, 0.0, 0.8938649448865276, 0.5724464815815391, 0,0, 0
0.10111088937670458, 0.0, 0.9116167084157132, 0.576893389732469, 0,0, 0
0.10111088937670458, 0.0, 0.9116167084157132, 0.5817002578200461, 0,0, 0
0.1012439300206213, 0.0, 0.9114744201484248, 0.5765581728202716, 0,0, 0
0.09878267810816205, 0.0, 0.9000015148416551, 0.5817606193407252, 0,0, 0
0.0996474422936207, 0.0, 0.9424463317291131, 0.5910847566264356, 0,0, 0
0.14108960287367792, 0.0, 0.8493686523706393, 0.4285752583554095, 0,0, 0
0.09958092197166234, 0.0, 0.8933638062721464, 0.5796728393582342, 0,0, 0
0.09878267810816205, 0.0, 0.9000015148416551, 0.5784081593669598, 0,0, 0
0.09904875939599547, 0.0, 0.8938837418790088, 0.5760540708831647, 0,0, 0
0.10111088937670458, 0.0, 0.9116167084157132, 0.5789989161316371, 0,0, 0
0.09958092197166234, 0.0, 0.8933638062721464, 0.5730636226828341, 0,0, 0
0.10017960486928756, 0.0, 0.8835487229879121, 0.5718483767948939, 0,0, 0
0.10024612519124593, 0.0, 0.88033626681359, 0.5589721919541494, 0,0, 0
0.10111088937670458, 0.0, 0.9116167084157132, 0.5844967372622338, 0,0, 0
0.10111088937670458, 0.0, 0.9116167084157132, 0.5839339608703373, 0,0, 0
0.09991352358145414, 0.0, 0.9273376082964652, 0.5898420246548782, 0,0, 0
0.09878267810816205, 0.0, 0.9000015148416551, 0.5832546333963293, 0,0, 0
0.09878267810816205, 0.0, 0.9000015148416551, 0.5795450027242363, 0,0, 0
0.09904875939599547, 0.0, 0.8938837418790088, 0.5718149543852309, 0,0, 0
0.09878267810816205, 0.0, 0.9000015148416551, 0.5817307766181287, 0,0, 0
0.0996474422936207, 0.0, 0.9424463317291131, 0.5859533837996463, 0,0, 0
0.0996474422936207, 0.0, 0.9424463317291131, 0.588466278957204, 0,0, 0
0.09904875939599547, 0.0, 0.8938837418790088, 0.5791309179066504, 0,0, 0
0.09878267810816205, 0.0, 0.9000015148416551, 0.5830590048345725, 0,0, 0
0.09904875939599547, 0.0, 0.8938837418790088, 0.5736930526108885, 0,0, 0
0.0996474422936207, 0.0, 0.9424463317291131, 0.5867024289023541, 0,0, 0
0.09991352358145414, 0.0, 0.9273376082964652, 0.5881141053884087, 0,0, 0
0.09904875939599547, 0.0, 0.8938837418790088, 0.5745790531637092, 0,0, 0
0.10024612519124593, 0.0, 0.88033626681359, 0.5588234219990403, 0,0, 0
0.10024612519124593, 0.0, 0.88033626681359, 0.557720808513761, 0,0, 0
0.09878267810816205, 0.0, 0.9000015148416551, 0.5783803687091984, 0,0, 0
0.10111088937670458, 0.0, 0.9116167084157132, 0.5792109764283374, 0,0, 0
0.09878267810816205, 0.0, 0.9000015148416551, 0.5790826635417897, 0,0, 0
0.09991352358145414, 0.0, 0.9273376082964652, 0.5912008821063522, 0,0, 0
0.09878267810816205, 0.0, 0.9000015148416551, 0.5838957198987107, 0,0, 0
0.10111088937670458, 0.0, 0.9116167084157132, 0.5842696427376564, 0,0, 0
0.09991352358145414, 0.0, 0.9273376082964652, 0.5928919514647627, 0,0, 0
0.09991352358145414, 0.0, 0.9273376082964652, 0.5879218278477819, 0,0, 0
0.09904875939599547, 0.0, 0.8938837418790088, 0.5742435266325338, 0,0, 0
0.09878267810816205, 0.0, 0.9000015148416551, 0.5791033522493424, 0,0, 0
0.09878267810816205, 0.0, 0.9000015148416551, 0.5780687738779934, 0,0, 0
0.09878267810816205, 0.0, 0.9000015148416551, 0.5806943617982306, 0,0, 0
0.09878267810816205, 0.0, 0.9000015148416551, 0.5807096683059685, 0,0, 0
0.0996474422936207, 0.0, 0.9424463317291131, 0.5877684323300426, 0,0, 0
0.09958092197166234, 0.0, 0.8933638062721464, 0.5787820014104024, 0,0, 0
0.09878267810816205, 0.0, 0.9000015148416551, 0.5803857632450775, 0,0, 0
0.09958092197166234, 0.0, 0.8933638062721464, 0.5809985006422006, 0,0, 0
0.09878267810816205, 0.0, 0.9000015148416551, 0.5797518900831173, 0,0, 0
0.09878267810816205, 0.0, 0.9000015148416551, 0.5813761429575223, 0,0, 0
0.0996474422936207, 0.0, 0.9424463317291131, 0.5863533431906994, 0,0, 0
0.09878267810816205, 0.0, 0.9000015148416551, 0.5823650305672335, 0,0, 0
0.09878267810816205, 0.0, 0.9000015148416551, 0.5802457353855542, 0,0, 0
0.09904875939599547, 0.0, 0.8938837418790088, 0.5747172445610463, 0,0, 0
0.10017960486928756, 0.0, 0.8835487229879121, 0.574447680623265, 0,0, 0
0.09878267810816205, 0.0, 0.9000015148416551, 0.5828540422699675, 0,0, 0
0.10017960486928756, 0.0, 0.8835487229879121, 0.5711879828884601, 0,0, 0
0.09991352358145414, 0.0, 0.9273376082964652, 0.5899327439796671, 0,0, 0
0.10024612519124593, 0.0, 0.88033626681359, 0.5624646634825455, 0,0, 0
0.09991352358145414, 0.0, 0.9273376082964652, 0.5924954918306379, 0,0, 0
0.09958092197166234, 0.0, 0.8933638062721464, 0.5773130158150379, 0,0, 0
0.09878267810816205, 0.0, 0.9000015148416551, 0.582969518161265, 0,0, 0
0.0996474422936207, 0.0, 0.9424463317291131, 0.5896728973486417, 0,0, 0
0.0996474422936207, 0.0, 0.9424463317291131, 0.5909348199201232, 0,0, 0
0.09904875939599547, 0.0, 0.8938837418790088, 0.5759789246899949, 0,0, 0
0.09878267810816205, 0.0, 0.9000015148416551, 0.5772215646587787, 0,0, 0
0.10097784873278787, 0.0, 0.8896953824485279, 0.5712047534356652, 0,0, 0
0.09904875939599547, 0.0, 0.8938837418790088, 0.5717019511331123, 0,0, 0
0.0996474422936207, 0.0, 0.9424463317291131, 0.5929508321436188, 0,0, 0
0.09878267810816205, 0.0, 0.9000015148416551, 0.5766155973843248, 0,0, 0
0.09878267810816205, 0.0, 0.9000015148416551, 0.5831999577765745, 0,0, 0
0.09991352358145414, 0.0, 0.9273376082964652, 0.5884395972739127, 0,0, 0
0.10111088937670458, 0.0, 0.9116167084157132, 0.5836136727935952, 0,0, 0
0.10017960486928756, 0.0, 0.8835487229879121, 0.5752889315972506, 0,0, 0
0.09878267810816205, 0.0, 0.9000015148416551, 0.5802180603857997, 0,0, 0
0.09878267810816205, 0.0, 0.9000015148416551, 0.579696958602378, 0,0, 0
0.10017960486928756, 0.0, 0.8835487229879121, 0.5755266995580307, 0,0, 0
0.10017960486928756, 0.0, 0.8835487229879121, 0.5736361092825004, 0,0, 0
0.10024612519124593, 0.0, 0.88033626681359, 0.5577894542397275, 0,0, 0
0.10017960486928756, 0.0, 0.8835487229879121, 0.569079481203902, 0,0, 0
0.09904875939599547, 0.0, 0.8938837418790088, 0.5757734599788977, 0,0, 0
0.10024612519124593, 0.0, 0.88033626681359, 0.5634538495954143, 0,0, 0
0.10111088937670458, 0.0, 0.9116167084157132, 0.5814739727387389, 0,0, 0
0.10024612519124593, 0.0, 0.88033626681359, 0.5647155596030313, 0,0, 0
0.09878267810816205, 0.0, 0.9000015148416551, 0.5802677567326429, 0,0, 0
0.09991352358145414, 0.0, 0.9273376082964652, 0.5899125526078312, 0,0, 0
0.09991352358145414, 0.0, 0.9273376082964652, 0.5910904627190547, 0,0, 0
0.0996474422936207, 0.0, 0.9424463317291131, 0.5931460590807515, 0,0, 0
0.09878267810816205, 0.0, 0.9000015148416551, 0.5828419739067313, 0,0, 0
0.10024612519124593, 0.0, 0.88033626681359, 0.5621863763040613, 0,0, 0
0.10017960486928756, 0.0, 0.8835487229879121, 0.5793211162114879, 0,0, 0
0.10097784873278787, 0.0, 0.8896953824485279, 0.5708486410412826, 0,0, 0
0.09904875939599547, 0.0, 0.8938837418790088, 0.5728367501239812, 0,0, 0
0.09878267810816205, 0.0, 0.9000015148416551, 0.585435924263759, 0,0, 0
0.09904875939599547, 0.0, 0.8938837418790088, 0.5718864397008828, 0,0, 0
0.09991352358145414, 0.0, 0.9273376082964652, 0.5895425925824739, 0,0, 0
0.09991352358145414, 0.0, 0.9273376082964652, 0.5896553104846479, 0,0, 0
0.09904875939599547, 0.0, 0.8938837418790088, 0.5784789462954576, 0,0, 0
0.09904875939599547, 0.0, 0.8938837418790088, 0.5709819437576426, 0,0, 0
0.09991352358145414, 0.0, 0.9273376082964652, 0.5925764547926173, 0,0, 0
0.09259628816603473, 0.0, 0.8917449830069658, 0.3692499937432809, 0,0, 0
0.09904875939599547, 0.0, 0.8938837418790088, 0.5744698944202977, 0,0, 0
0.10962549058737445, 0.0, 0.8741427482935998, 0.4983737297602863, 0,0, 0
0.10483602740637264, 0.0, 0.8734265069131966, 0.5361423001432274, 0,0, 0
0.10024612519124593, 0.0, 0.88033626681359, 0.5584712715163915, 0,0, 0
0.09958092197166234, 0.0, 0.8933638062721464, 0.5793188821012059, 0,0, 0
0.09904875939599547, 0.0, 0.8938837418790088, 0.57211012080209, 0,0, 0
0.09991352358145414, 0.0, 0.9273376082964652, 0.5885397247726132, 0,0, 0
0.10024612519124593, 0.0, 0.88033626681359, 0.5669092188603514, 0,0, 0
0.09904875939599547, 0.0, 0.8938837418790088, 0.5726660089806495, 0,0, 0
0.09878267810816205, 0.0, 0.9000015148416551, 0.5874910568872143, 0,0, 0
0.09991352358145414, 0.0, 0.9273376082964652, 0.5903384028423629, 0,0, 0
0.09904875939599547, 0.0, 0.8938837418790088, 0.5753041113894001, 0,0, 0
0.10024612519124593, 0.0, 0.88033626681359, 0.5657415712912056, 0,0, 0
0.0996474422936207, 0.0, 0.9424463317291131, 0.5922545217075824, 0,0, 0
0.09991352358145414, 0.0, 0.9273376082964652, 0.5899648357555234, 0,0, 0
0.0996474422936207, 0.0, 0.9424463317291131, 0.5908975501808424, 0,0, 0
0.09904875939599547, 0.0, 0.8938837418790088, 0.5754283920298608, 0,0, 0
0.09904875939599547, 0.0, 0.8938837418790088, 0.5750389626377543, 0,0, 0
0.09958092197166234, 0.0, 0.8933638062721464, 0.5768626663551103, 0,0, 0
0.10024612519124593, 0.0, 0.88033626681359, 0.5636217683283027, 0,0, 0
0.0996474422936207, 0.0, 0.9424463317291131, 0.5878684654536777, 0,0, 0
0.09904875939599547, 0.0, 0.8938837418790088, 0.5722341494104455, 0,0, 0
0.10051220647907935, 0.0, 0.8777699163158681, 0.5801623203078636, 0,0, 0
0.09991352358145414, 0.0, 0.9273376082964652, 0.5948423889770179, 0,0, 0
0.09991352358145414, 0.0, 0.9273376082964652, 0.5899608570549839, 0,0, 0
0.09991352358145414, 0.0, 0.9273376082964652, 0.5874689574863359, 0,0, 0
0.10024612519124593, 0.0, 0.88033626681359, 0.563289147622145, 0,0, 0
0.09904875939599547, 0.0, 0.8938837418790088, 0.5767714766565578, 0,0, 0
0.09904875939599547, 0.0, 0.8938837418790088, 0.5749097432131589, 0,0, 0
0.09904875939599547, 0.0, 0.8938837418790088, 0.5796804398994779, 0,0, 0
0.10024612519124593, 0.0, 0.88033626681359, 0.5606540002322293, 0,0, 0
0.09958092197166234, 0.0, 0.8933638062721464, 0.5778464990826349, 0,0, 0
0.10051220647907935, 0.0, 0.8777699163158681, 0.5798020881044115, 0,0, 0
0.10024612519124593, 0.0, 0.88033626681359, 0.5664381492068363, 0,0, 0
0.09904875939599547, 0.0, 0.8938837418790088, 0.5762020105415012, 0,0, 0
0.09878267810816205, 0.0, 0.9000015148416551, 0.5862580419584715, 0,0, 0
0.09878267810816205, 0.0, 0.9000015148416551, 0.5771981896664163, 0,0, 0
0.0996474422936207, 0.0, 0.9424463317291131, 0.5931255563530327, 0,0, 0
0.10017960486928756, 0.0, 0.8835487229879121, 0.5782104394703852, 0,0, 0
0.09958092197166234, 0.0, 0.8933638062721464, 0.5844166467127417, 0,0, 0
0.09878267810816205, 0.0, 0.9000015148416551, 0.5786303134419173, 0,0, 0
0.09878267810816205, 0.0, 0.9000015148416551, 0.5823116133416947, 0,0, 0
0.09878267810816205, 0.0, 0.9000015148416551, 0.5833873205289519, 0,0, 0
0.09958092197166234, 0.0, 0.8933638062721464, 0.581289667875847, 0,0, 0
0.10111088937670458, 0.0, 0.9116167084157132, 0.5816604331555557, 0,0, 0
0.10111088937670458, 0.0, 0.9116167084157132, 0.5852729032402533, 0,0, 0
0.10024612519124593, 0.0, 0.88033626681359, 0.5581195578275184, 0,0, 0
0.10024612519124593, 0.0, 0.88033626681359, 0.5613461292330887, 0,0, 0
0.09904875939599547, 0.0, 0.8938837418790088, 0.5727999536844637, 0,0, 0
0.10024612519124593, 0.0, 0.88033626681359, 0.5626167694922881, 0,0, 0
0.09878267810816205, 0.0, 0.9000015148416551, 0.5789122064924098, 0,0, 0
0.09904875939599547, 0.0, 0.8938837418790088, 0.5727331668928902, 0,0, 0
0.0996474422936207, 0.0, 0.9424463317291131, 0.5896998789237673, 0,0, 0
0.09958092197166234, 0.0, 0.8933638062721464, 0.576880040433846, 0,0, 0
0.09878267810816205, 0.0, 0.9000015148416551, 0.5803273887169902, 0,0, 0
0.09958092197166234, 0.0, 0.8933638062721464, 0.5787470623615486, 0,0, 0
0.10024612519124593, 0.0, 0.88033626681359, 0.55814501227477, 0,0, 0
0.10111088937670458, 0.0, 0.9116167084157132, 0.5809978943123025, 0,0, 0
0.10024612519124593, 0.0, 0.88033626681359, 0.5693196230640813, 0,0, 0
0.10024612519124593, 0.0, 0.88033626681359, 0.5605684890771446, 0,0, 0
0.09878267810816205, 0.0, 0.9000015148416551, 0.5799902459077321, 0,0, 0
0.09878267810816205, 0.0, 0.9000015148416551, 0.5816433748529677, 0,0, 0
0.09958092197166234, 0.0, 0.8933638062721464, 0.5773630360194768, 0,0, 0
0.09878267810816205, 0.0, 0.9000015148416551, 0.5792096199429804, 0,0, 0
0.09904875939599547, 0.0, 0.8938837418790088, 0.5768471466722263, 0,0, 0
0.10024612519124593, 0.0, 0.88033626681359, 0.5639404102117038, 0,0, 0
0.09991352358145414, 0.0, 0.9273376082964652, 0.5928368931341232, 0,0, 0
0.10024612519124593, 0.0, 0.88033626681359, 0.5586065746997658, 0,0, 0
0.10111088937670458, 0.0, 0.9116167084157132, 0.5815605175788208, 0,0, 0
0.09904875939599547, 0.0, 0.8938837418790088, 0.573891231809355, 0,0, 0
0.09904875939599547, 0.0, 0.8938837418790088, 0.5834162003276745, 0,0, 0
0.0996474422936207, 0.0, 0.9424463317291131, 0.5898800894384969, 0,0, 0
0.09958092197166234, 0.0, 0.8933638062721464, 0.5776814181744422, 0,0, 0
0.09878267810816205, 0.0, 0.9000015148416551, 0.5872689987176822, 0,0, 0
0.09904875939599547, 0.0, 0.8938837418790088, 0.5756215534729643, 0,0, 0
0.09958092197166234, 0.0, 0.8933638062721464, 0.5789455270656608, 0,0, 0
0.09878267810816205, 0.0, 0.9000015148416551, 0.5785893524465753, 0,0, 0
0.09878267810816205, 0.0, 0.9000015148416551, 0.5812729275677245, 0,0, 0
0.10024612519124593, 0.0, 0.88033626681359, 0.5595729301488659, 0,0, 0
0.0996474422936207, 0.0, 0.9424463317291131, 0.5866516521987304, 0,0, 0
0.09958092197166234, 0.0, 0.8933638062721464, 0.5787076359972221, 0,0, 0
0.09991352358145414, 0.0, 0.9273376082964652, 0.5887152830284093, 0,0, 0
0.09878267810816205, 0.0, 0.9000015148416551, 0.5797204344829526, 0,0, 0
0.09878267810816205, 0.0, 0.9000015148416551, 0.5773920058943824, 0,0, 0
0.09991352358145414, 0.0, 0.9273376082964652, 0.5939196737170542, 0,0, 0
0.09904875939599547, 0.0, 0.8938837418790088, 0.5737641353731788, 0,0, 0
0.09904875939599547, 0.0, 0.8938837418790088, 0.5764628211920546, 0,0, 0
0.09878267810816205, 0.0, 0.9000015148416551, 0.5821265179846745, 0,0, 0
0.09878267810816205, 0.0, 0.9000015148416551, 0.5782035930324027, 0,0, 0
0.10017960486928756, 0.0, 0.8835487229879121, 0.5739286975743905, 0,0, 0
0.10024612519124593, 0.0, 0.88033626681359, 0.5604232162715709, 0,0, 0
0.10024612519124593, 0.0, 0.88033626681359, 0.5640273835536337, 0,0, 0
0.09904875939599547, 0.0, 0.8938837418790088, 0.5720101741392258, 0,0, 0
0.10024612519124593, 0.0, 0.88033626681359, 0.5666563541415025, 0,0, 0
0.09904875939599547, 0.0, 0.8938837418790088, 0.5732308642695743, 0,0, 0
0.09904875939599547, 0.0, 0.8938837418790088, 0.5771677057445924, 0,0, 0
0.10111088937670458, 0.0, 0.9116167084157132, 0.5827856492101064, 0,0, 0
0.09878267810816205, 0.0, 0.9000015148416551, 0.579126870106403, 0,0, 0
0.10111088937670458, 0.0, 0.9116167084157132, 0.5905574570294061, 0,0, 0
0.0996474422936207, 0.0, 0.9424463317291131, 0.5886426882421728, 0,0, 0
0.12206479079358744, 0.0, 0.8923341061467849, 0.3463813497360968, 0,0, 0
0.11900485598350297, 0.0, 0.9028590805916594, 0.43969659390369664, 0,0, 0
0.09878267810816205, 0.0, 0.9000015148416551, 0.5854538036501912, 0,0, 0
0.1012439300206213, 0.0, 0.9256382627760096, 0.5806527661305979, 0,0, 0
0.09991352358145414, 0.0, 0.9273376082964652, 0.5915011941434383, 0,0, 0
0.09878267810816205, 0.0, 0.9000015148416551, 0.5819105760862687, 0,0, 0
0.1323089203751746, 0.0, 0.881226668551708, 0.4480575168866497, 0,0, 0
0.09878267810816205, 0.0, 0.9000015148416551, 0.5879384774806113, 0,0, 0
0.10051220647907935, 0.0, 0.8777699163158681, 0.5789319977811327, 0,0, 0
0.10051220647907935, 0.0, 0.8777699163158681, 0.5710612912594124, 0,0, 0
0.10097784873278787, 0.0, 0.8896953824485279, 0.5724096471634416, 0,0, 0
0.10097784873278787, 0.0, 0.8896953824485279, 0.5771797615025474, 0,0, 0
0.09991352358145414, 0.0, 0.9273376082964652, 0.5911607955297067, 0,0, 0
0.09592230426395264, 0.0, 0.8990756569023762, 0.47453536621392656, 0,0, 0
0.09958092197166234, 0.0, 0.8933638062721464, 0.5756786682225999, 0,0, 0
0.10097784873278787, 0.0, 0.8896953824485279, 0.574453713869674, 0,0, 0
0.09958092197166234, 0.0, 0.8933638062721464, 0.5728134151271559, 0,0, 0
0.10051220647907935, 0.0, 0.8777699163158681, 0.5760875195114817, 0,0, 0
0.09878267810816205, 0.0, 0.9000015148416551, 0.5787537008951328, 0,0, 0
0.09878267810816205, 0.0, 0.9000015148416551, 0.5807129264629265, 0,0, 0
0.09991352358145414, 0.0, 0.9273376082964652, 0.5923004529983372, 0,0, 0
0.09878267810816205, 0.0, 0.9000015148416551, 0.5841135701451833, 0,0, 0
0.09958092197166234, 0.0, 0.8933638062721464, 0.5787833406554516, 0,0, 0
0.09878267810816205, 0.0, 0.9000015148416551, 0.5818665029014503, 0,0, 0
0.09878267810816205, 0.0, 0.9000015148416551, 0.5828924509696738, 0,0, 0
0.10024612519124593, 0.0, 0.88033626681359, 0.5625039291716841, 0,0, 0
0.09878267810816205, 0.0, 0.9000015148416551, 0.5808043938054285, 0,0, 0
0.09878267810816205, 0.0, 0.9000015148416551, 0.5776780087219161, 0,0, 0
0.09991352358145414, 0.0, 0.9273376082964652, 0.5901189797399372, 0,0, 0
0.09878267810816205, 0.0, 0.9000015148416551, 0.580892911399486, 0,0, 0
0.09878267810816205, 0.0, 0.9000015148416551, 0.580591323683588, 0,0, 0
0.10051220647907935, 0.0, 0.8777699163158681, 0.5721804888762965, 0,0, 0
0.09878267810816205, 0.0, 0.9000015148416551, 0.579871361744374, 0,0, 0
0.10097784873278787, 0.0, 0.8896953824485279, 0.5733195713299344, 0,0, 0
0.09958092197166234, 0.0, 0.8933638062721464, 0.577590210898839, 0,0, 0
0.09878267810816205, 0.0, 0.9000015148416551, 0.5788709445140857, 0,0, 0
0.10051220647907935, 0.0, 0.8777699163158681, 0.5736964160321972, 0,0, 0
0.09958092197166234, 0.0, 0.8933638062721464, 0.5753442457845712, 0,0, 0
0.09878267810816205, 0.0, 0.9000015148416551, 0.5797453691784611, 0,0, 0
0.09991352358145414, 0.0, 0.9273376082964652, 0.5929025768364073, 0,0, 0
0.10051220647907935, 0.0, 0.8777699163158681, 0.571330866947461, 0,0, 0
0.09904875939599547, 0.0, 0.8938837418790088, 0.5708137330955829, 0,0, 0
0.09878267810816205, 0.0, 0.9000015148416551, 0.5796528121274879, 0,0, 0
0.09878267810816205, 0.0, 0.9000015148416551, 0.5783698806051981, 0,0, 0
0.09878267810816205, 0.0, 0.9000015148416551, 0.5753505204155063, 0,0, 0
0.10097784873278787, 0.0, 0.8896953824485279, 0.5752438731805026, 0,0, 0
0.09878267810816205, 0.0, 0.9000015148416551, 0.5797118834236222, 0,0, 0
0.09878267810816205, 0.0, 0.9000015148416551, 0.5779371211148908, 0,0, 0
0.09878267810816205, 0.0, 0.9000015148416551, 0.5849186327189456, 0,0, 0
0.09878267810816205, 0.0, 0.9000015148416551, 0.5803800753528815, 0,0, 0
0.09878267810816205, 0.0, 0.9000015148416551, 0.5881571567239545, 0,0, 0
0.10051220647907935, 0.0, 0.8777699163158681, 0.5700733804211646, 0,0, 0
0.09958092197166234, 0.0, 0.8933638062721464, 0.5773075193447755, 0,0, 0
0.10051220647907935, 0.0, 0.8777699163158681, 0.5744744045774266, 0,0, 0
0.09991352358145414, 0.0, 0.9273376082964652, 0.58979042832853, 0,0, 0
0.10097784873278787, 0.0, 0.8896953824485279, 0.5751003504059844, 0,0, 0
0.09991352358145414, 0.0, 0.9273376082964652, 0.591254935733907, 0,0, 0
0.09958092197166234, 0.0, 0.8933638062721464, 0.5775778957449506, 0,0, 0
0.09878267810816205, 0.0, 0.9000015148416551, 0.58102699795776, 0,0, 0
0.09958092197166234, 0.0, 0.8933638062721464, 0.5801777757693853, 0,0, 0
0.10024612519124593, 0.0, 0.88033626681359, 0.5639893330779495, 0,0, 0
0.09958092197166234, 0.0, 0.8933638062721464, 0.5767419774435228, 0,0, 0
0.09958092197166234, 0.0, 0.8933638062721464, 0.5798782082232816, 0,0, 0
0.10024612519124593, 0.0, 0.88033626681359, 0.5623352028986147, 0,0, 0
0.0996474422936207, 0.0, 0.9424463317291131, 0.5886025526780397, 0,0, 0
0.09958092197166234, 0.0, 0.8933638062721464, 0.5794815890938922, 0,0, 0
0.09958092197166234, 0.0, 0.8933638062721464, 0.5795788205865102, 0,0, 0
0.09878267810816205, 0.0, 0.9000015148416551, 0.5782912871274782, 0,0, 0
0.0996474422936207, 0.0, 0.9424463317291131, 0.5887170887041426, 0,0, 0
0.09878267810816205, 0.0, 0.9000015148416551, 0.5803511680664205, 0,0, 0
0.10051220647907935, 0.0, 0.8777699163158681, 0.5741877213923334, 0,0, 0
0.09878267810816205, 0.0, 0.9000015148416551, 0.5803674891049447, 0,0, 0
0.09958092197166234, 0.0, 0.8933638062721464, 0.5769522251311049, 0,0, 0
0.10051220647907935, 0.0, 0.8777699163158681, 0.5726508994841641, 0,0, 0
0.09878267810816205, 0.0, 0.9000015148416551, 0.5806731694394445, 0,0, 0
0.09958092197166234, 0.0, 0.8933638062721464, 0.5839387207551521, 0,0, 0
0.09991352358145414, 0.0, 0.9273376082964652, 0.5913016536463707, 0,0, 0
0.09904875939599547, 0.0, 0.8938837418790088, 0.5726905288988542, 0,0, 0
0.10097784873278787, 0.0, 0.8896953824485279, 0.5721553271655792, 0,0, 0
0.09878267810816205, 0.0, 0.9000015148416551, 0.5828653823256398, 0,0, 0
0.09958092197166234, 0.0, 0.8933638062721464, 0.5764951687495458, 0,0, 0
0.09958092197166234, 0.0, 0.8933638062721464, 0.5791359790761041, 0,0, 0
0.09878267810816205, 0.0, 0.9000015148416551, 0.5799000761777695, 0,0, 0
0.09991352358145414, 0.0, 0.9273376082964652, 0.5948284324120483, 0,0, 0
0.09878267810816205, 0.0, 0.9000015148416551, 0.5801651400055186, 0,0, 0
0.09878267810816205, 0.0, 0.9000015148416551, 0.5844675336076238, 0,0, 0
0.09878267810816205, 0.0, 0.9000015148416551, 0.5769092401282596, 0,0, 0
0.09958092197166234, 0.0, 0.8933638062721464, 0.5778960164216825, 0,0, 0
0.09991352358145414, 0.0, 0.9273376082964652, 0.589581481000592, 0,0, 0
0.09878267810816205, 0.0, 0.9000015148416551, 0.5802393000453113, 0,0, 0
0.10024612519124593, 0.0, 0.88033626681359, 0.5618055703873058, 0,0, 0
0.09878267810816205, 0.0, 0.9000015148416551, 0.5781474332426133, 0,0, 0
0.10017960486928756, 0.0, 0.8835487229879121, 0.5729583185844292, 0,0, 0
0.10051220647907935, 0.0, 0.8777699163158681, 0.5796886271182811, 0,0, 0
0.10097784873278787, 0.0, 0.8896953824485279, 0.5751824051835797, 0,0, 0
0.09878267810816205, 0.0, 0.9000015148416551, 0.5828131788166342, 0,0, 0
0.09958092197166234, 0.0, 0.8933638062721464, 0.5782899034665422, 0,0, 0
0.09991352358145414, 0.0, 0.9273376082964652, 0.5883512882563627, 0,0, 0
0.09878267810816205, 0.0, 0.9000015148416551, 0.5815824309419262, 0,0, 0
0.10017960486928756, 0.0, 0.8835487229879121, 0.5745848861400633, 0,0, 0
0.09878267810816205, 0.0, 0.9000015148416551, 0.5778896944232617, 0,0, 0
0.09146544269274264, 0.0, 0.9010294428182348, 0.3604527808453287, 0,0, 0
0.09958092197166234, 0.0, 0.8933638062721464, 0.5748781002397023, 0,0, 0
0.11434843344641787, 0.0, 0.8784954762797149, 0.40954290174707575, 0,0, 0
0.10024612519124593, 0.0, 0.88033626681359, 0.5592559353091429, 0,0, 0
0.09991352358145414, 0.0, 0.9273376082964652, 0.5885155253123291, 0,0, 0
0.09904875939599547, 0.0, 0.8938837418790088, 0.5722065135639961, 0,0, 0
0.09904875939599547, 0.0, 0.8938837418790088, 0.5747978596020126, 0,0, 0
0.09991352358145414, 0.0, 0.9273376082964652, 0.5879640129174922, 0,0, 0
0.10097784873278787, 0.0, 0.8896953824485279, 0.5752680433960012, 0,0, 0
0.100445686157121, 0.0, 0.8800952881520232, 0.5539787707867846, 0,0, 0
0.10111088937670458, 0.0, 0.9116167084157132, 0.580441824967373, 0,0, 0
0.09878267810816205, 0.0, 0.9000015148416551, 0.5774791309777145, 0,0, 0
0.09958092197166234, 0.0, 0.8933638062721464, 0.5778315449357643, 0,0, 0
0.10111088937670458, 0.0, 0.9116167084157132, 0.5789223785380098, 0,0, 0
0.10024612519124593, 0.0, 0.88033626681359, 0.5597883185170968, 0,0, 0
0.09878267810816205, 0.0, 0.9000015148416551, 0.5832151358265988, 0,0, 0
0.10024612519124593, 0.0, 0.88033626681359, 0.5607275075460069, 0,0, 0
0.09958092197166234, 0.0, 0.8933638062721464, 0.5805571524881733, 0,0, 0
0.09878267810816205, 0.0, 0.9000015148416551, 0.5799019149510942, 0,0, 0
0.09904875939599547, 0.0, 0.8938837418790088, 0.5740918633786266, 0,0, 0
0.09904875939599547, 0.0, 0.8938837418790088, 0.5771638273169789, 0,0, 0
0.10097784873278787, 0.0, 0.8896953824485279, 0.5733587064456062, 0,0, 0
0.09958092197166234, 0.0, 0.8933638062721464, 0.5799596190993905, 0,0, 0
0.10111088937670458, 0.0, 0.9116167084157132, 0.5804954333249231, 0,0, 0
0.09878267810816205, 0.0, 0.9000015148416551, 0.5785837430525205, 0,0, 0
0.09878267810816205, 0.0, 0.9000015148416551, 0.5835637850485816, 0,0, 0
0.09878267810816205, 0.0, 0.9000015148416551, 0.5817397194024579, 0,0, 0
0.09958092197166234, 0.0, 0.8933638062721464, 0.5804529047183437, 0,0, 0
0.09958092197166234, 0.0, 0.8933638062721464, 0.5770801566870651, 0,0, 0
0.10051220647907935, 0.0, 0.8777699163158681, 0.5787536731941484, 0,0, 0
0.09958092197166234, 0.0, 0.8933638062721464, 0.5758033672113221, 0,0, 0
0.09991352358145414, 0.0, 0.9273376082964652, 0.5949387748926622, 0,0, 0
0.09878267810816205, 0.0, 0.9000015148416551, 0.578788718061938, 0,0, 0
0.09991352358145414, 0.0, 0.9273376082964652, 0.5910188779017497, 0,0, 0
0.10024612519124593, 0.0, 0.88033626681359, 0.5625916499376824, 0,0, 0
0.09878267810816205, 0.0, 0.9000015148416551, 0.5777356561509022, 0,0, 0
0.10097784873278787, 0.0, 0.8896953824485279, 0.5720007432309085, 0,0, 0
0.09904875939599547, 0.0, 0.8938837418790088, 0.5742255288904379, 0,0, 0
0.09958092197166234, 0.0, 0.8933638062721464, 0.5820363310879384, 0,0, 0
0.09904875939599547, 0.0, 0.8938837418790088, 0.5741370315224804, 0,0, 0
0.10097784873278787, 0.0, 0.8896953824485279, 0.5730620559648337, 0,0, 0
0.10097784873278787, 0.0, 0.8896953824485279, 0.572066198309634, 0,0, 0
0.10017960486928756, 0.0, 0.8835487229879121, 0.5720144503794574, 0,0, 0
0.10111088937670458, 0.0, 0.9116167084157132, 0.5802035037494768, 0,0, 0
0.09958092197166234, 0.0, 0.8933638062721464, 0.5763279413071611, 0,0, 0
0.10024612519124593, 0.0, 0.88033626681359, 0.5648046632780407, 0,0, 0
0.09991352358145414, 0.0, 0.9273376082964652, 0.5886192693562136, 0,0, 0
0.10024612519124593, 0.0, 0.88033626681359, 0.5600390847712886, 0,0, 0
0.09958092197166234, 0.0, 0.8933638062721464, 0.576980677722844, 0,0, 0
0.10097784873278787, 0.0, 0.8896953824485279, 0.5722962844332546, 0,0, 0
0.10111088937670458, 0.0, 0.9116167084157132, 0.5775213188390397, 0,0, 0
0.09904875939599547, 0.0, 0.8938837418790088, 0.5731134294425749, 0,0, 0
0.09904875939599547, 0.0, 0.8938837418790088, 0.5756119278472887, 0,0, 0
0.09878267810816205, 0.0, 0.9000015148416551, 0.5780583812766225, 0,0, 0
0.10111088937670458, 0.0, 0.9116167084157132, 0.5783377421737215, 0,0, 0
0.09904875939599547, 0.0, 0.8938837418790088, 0.5752693630426272, 0,0, 0
0.09878267810816205, 0.0, 0.9000015148416551, 0.5833913942840144, 0,0, 0
0.09958092197166234, 0.0, 0.8933638062721464, 0.5780623607054932, 0,0, 0
0.09991352358145414, 0.0, 0.9273376082964652, 0.5881779415300824, 0,0, 0
0.09991352358145414, 0.0, 0.9273376082964652, 0.587927776036601, 0,0, 0
0.09958092197166234, 0.0, 0.8933638062721464, 0.5814458413702945, 0,0, 0
0.09991352358145414, 0.0, 0.9273376082964652, 0.5895603792431279, 0,0, 0
0.10024612519124593, 0.0, 0.88033626681359, 0.5597632265283063, 0,0, 0
0.09878267810816205, 0.0, 0.9000015148416551, 0.5803151675632764, 0,0, 0
0.09878267810816205, 0.0, 0.9000015148416551, 0.579384739870772, 0,0, 0
0.10051220647907935, 0.0, 0.8777699163158681, 0.5771573399455661, 0,0, 0
0.09904875939599547, 0.0, 0.8938837418790088, 0.5722556363497965, 0,0, 0
0.10097784873278787, 0.0, 0.8896953824485279, 0.5787825652187722, 0,0, 0
0.09991352358145414, 0.0, 0.9273376082964652, 0.5852385481980107, 0,0, 0
0.09878267810816205, 0.0, 0.9000015148416551, 0.580942893104956, 0,0, 0
0.09958092197166234, 0.0, 0.8933638062721464, 0.5757102023019551, 0,0, 0
0.09958092197166234, 0.0, 0.8933638062721464, 0.5749132987897397, 0,0, 0
0.09904875939599547, 0.0, 0.8938837418790088, 0.5750727741156438, 0,0, 0
0.10017960486928756, 0.0, 0.8835487229879121, 0.5725175537841308, 0,0, 0
0.09878267810816205, 0.0, 0.9000015148416551, 0.5764377342663214, 0,0, 0
0.09958092197166234, 0.0, 0.8933638062721464, 0.5793285490142348, 0,0, 0
0.10051220647907935, 0.0, 0.8777699163158681, 0.5741037886834995, 0,0, 0
0.10024612519124593, 0.0, 0.88033626681359, 0.5577664351462363, 0,0, 0
0.09878267810816205, 0.0, 0.9000015148416551, 0.5846899505786621, 0,0, 0
0.10051220647907935, 0.0, 0.8777699163158681, 0.5727256597384806, 0,0, 0
0.10051220647907935, 0.0, 0.8777699163158681, 0.57586516962511, 0,0, 0
0.10111088937670458, 0.0, 0.9116167084157132, 0.5809209008824412, 0,0, 0
0.10097784873278787, 0.0, 0.8896953824485279, 0.5732040879497678, 0,0, 0
0.09878267810816205, 0.0, 0.9000015148416551, 0.5822232842941262, 0,0, 0
0.10024612519124593, 0.0, 0.88033626681359, 0.5589801748166132, 0,0, 0
0.09904875939599547, 0.0, 0.8938837418790088, 0.5773326240963781, 0,0, 0
0.10017960486928756, 0.0, 0.8835487229879121, 0.5762775318232921, 0,0, 0
0.09958092197166234, 0.0, 0.8933638062721464, 0.583405896363867, 0,0, 0
0.10111088937670458, 0.0, 0.9116167084157132, 0.5781903294165749, 0,0, 0
0.09958092197166234, 0.0, 0.8933638062721464, 0.579889914998729, 0,0, 0
0.09958092197166234, 0.0, 0.8933638062721464, 0.5731670943580557, 0,0, 0
0.09904875939599547, 0.0, 0.8938837418790088, 0.5757971342553796, 0,0, 0
0.09991352358145414, 0.0, 0.9273376082964652, 0.5960821427562211, 0,0, 0
0.10111088937670458, 0.0, 0.9116167084157132, 0.5794356163697508, 0,0, 0
0.10017960486928756, 0.0, 0.8835487229879121, 0.5751953359888199, 0,0, 0
0.09878267810816205, 0.0, 0.9000015148416551, 0.5834247902150771, 0,0, 0
0.09904875939599547, 0.0, 0.8938837418790088, 0.5718021674483763, 0,0, 0
0.09904875939599547, 0.0, 0.8938837418790088, 0.5729415303007812, 0,0, 0
0.09958092197166234, 0.0, 0.8933638062721464, 0.5772695954887697, 0,0, 0
0.09958092197166234, 0.0, 0.8933638062721464, 0.5788473378073163, 0,0, 0
0.09878267810816205, 0.0, 0.9000015148416551, 0.5765349102291223, 0,0, 0
0.08547861371649039, 0.0, 0.9145585212224638, 0.31677792584955605, 0,0, 0
0.1213330672520455, 0.0, 0.8966241157431872, 0.4035648996743649, 0,0, 0
0.09958092197166234, 0.0, 0.8933638062721464, 0.5786784200024487, 0,0, 0
0.10051220647907935, 0.0, 0.8777699163158681, 0.5792280626924533, 0,0, 0
0.09904875939599547, 0.0, 0.8938837418790088, 0.5740860193508536, 0,0, 0
0.10017960486928756, 0.0, 0.9011577969487918, 0.48365472058930736, 0,0, 0
0.09904875939599547, 0.0, 0.8938837418790088, 0.5770969355713875, 0,0, 0
0.0996474422936207, 0.0, 0.9424463317291131, 0.592456791132876, 0,0, 0
0.10111088937670458, 0.0, 0.9116167084157132, 0.5812722818861031, 0,0, 0
0.10111088937670458, 0.0, 0.9116167084157132, 0.5803629318910617, 0,0, 0
0.10051220647907935, 0.0, 0.8777699163158681, 0.5732618497856592, 0,0, 0
0.10111088937670458, 0.0, 0.9116167084157132, 0.5784309687709809, 0,0, 0
0.10111088937670458, 0.0, 0.9116167084157132, 0.5837732233515577, 0,0, 0
0.10111088937670458, 0.0, 0.9116167084157132, 0.5806042360963884, 0,0, 0
0.10111088937670458, 0.0, 0.9116167084157132, 0.5820611439325927, 0,0, 0
0.09958092197166234, 0.0, 0.8933638062721464, 0.5818382746237618, 0,0, 0
0.10111088937670458, 0.0, 0.9116167084157132, 0.5823823473795356, 0,0, 0
0.09958092197166234, 0.0, 0.8933638062721464, 0.5782707798798197, 0,0, 0
0.10017960486928756, 0.0, 0.8835487229879121, 0.5791485945388821, 0,0, 0
0.0996474422936207, 0.0, 0.9424463317291131, 0.5903154292811866, 0,0, 0
0.10111088937670458, 0.0, 0.9116167084157132, 0.5780261647745123, 0,0, 0
0.0996474422936207, 0.0, 0.9424463317291131, 0.5899907722018548, 0,0, 0
0.10111088937670458, 0.0, 0.9116167084157132, 0.5748558473089499, 0,0, 0
0.10111088937670458, 0.0, 0.9116167084157132, 0.5802618034636382, 0,0, 0
0.10017960486928756, 0.0, 0.8835487229879121, 0.5741198624137779, 0,0, 0
0.09958092197166234, 0.0, 0.8933638062721464, 0.5785573785501554, 0,0, 0
0.10111088937670458, 0.0, 0.9116167084157132, 0.5781089309277698, 0,0, 0
0.0996474422936207, 0.0, 0.9424463317291131, 0.586903832832168, 0,0, 0
0.09878267810816205, 0.0, 0.9000015148416551, 0.5776031876522676, 0,0, 0
0.09878267810816205, 0.0, 0.9000015148416551, 0.5796644885541009, 0,0, 0
0.10111088937670458, 0.0, 0.9116167084157132, 0.5830999538820386, 0,0, 0
0.09904875939599547, 0.0, 0.8938837418790088, 0.5718844657425118, 0,0, 0
0.09878267810816205, 0.0, 0.9000015148416551, 0.5787539875171739, 0,0, 0
0.10111088937670458, 0.0, 0.9116167084157132, 0.5827366049721513, 0,0, 0
0.09878267810816205, 0.0, 0.9000015148416551, 0.5841491289998543, 0,0, 0
0.10017960486928756, 0.0, 0.8835487229879121, 0.5810959980767632, 0,0, 0
0.09958092197166234, 0.0, 0.8933638062721464, 0.5826470261051364, 0,0, 0
0.09991352358145414, 0.0, 0.9273376082964652, 0.594588123131955, 0,0, 0
0.09991352358145414, 0.0, 0.9273376082964652, 0.5892496482997922, 0,0, 0
0.09958092197166234, 0.0, 0.8933638062721464, 0.5792498744068969, 0,0, 0
0.10017960486928756, 0.0, 0.8835487229879121, 0.5733945602901573, 0,0, 0
0.0996474422936207, 0.0, 0.9424463317291131, 0.586339976180275, 0,0, 0
0.09958092197166234, 0.0, 0.8933638062721464, 0.5772874285174519, 0,0, 0
0.0996474422936207, 0.0, 0.9424463317291131, 0.5882652234561965, 0,0, 0
0.10111088937670458, 0.0, 0.9116167084157132, 0.5844160447101533, 0,0, 0
0.0996474422936207, 0.0, 0.9424463317291131, 0.590442678061794, 0,0, 0
0.10097784873278787, 0.0, 0.8896953824485279, 0.5747063012817832, 0,0, 0
0.10111088937670458, 0.0, 0.9116167084157132, 0.5806124672519065, 0,0, 0
0.10111088937670458, 0.0, 0.9116167084157132, 0.5769209526765774, 0,0, 0
0.10111088937670458, 0.0, 0.9116167084157132, 0.5797969356959556, 0,0, 0
0.09958092197166234, 0.0, 0.8933638062721464, 0.5741214982027002, 0,0, 0
0.09904875939599547, 0.0, 0.8938837418790088, 0.574394293859314, 0,0, 0
0.09904875939599547, 0.0, 0.8938837418790088, 0.5752482159382533, 0,0, 0
0.09904875939599547, 0.0, 0.8938837418790088, 0.5741199664303231, 0,0, 0
0.09958092197166234, 0.0, 0.8933638062721464, 0.5797120524869438, 0,0, 0
0.09904875939599547, 0.0, 0.8938837418790088, 0.5775461531065004, 0,0, 0
0.10024612519124593, 0.0, 0.88033626681359, 0.5606954942807253, 0,0, 0
0.10111088937670458, 0.0, 0.9116167084157132, 0.5844348609828437, 0,0, 0
0.10017960486928756, 0.0, 0.8835487229879121, 0.5692425703505535, 0,0, 0
0.09904875939599547, 0.0, 0.8938837418790088, 0.5746682278008888, 0,0, 0
0.10111088937670458, 0.0, 0.9116167084157132, 0.5771531972331616, 0,0, 0
0.10111088937670458, 0.0, 0.9116167084157132, 0.5818370153768966, 0,0, 0
0.0996474422936207, 0.0, 0.9424463317291131, 0.5912887749464573, 0,0, 0
0.10111088937670458, 0.0, 0.9116167084157132, 0.5798555793294776, 0,0, 0
0.09991352358145414, 0.0, 0.9273376082964652, 0.5883625885845337, 0,0, 0
0.10097784873278787, 0.0, 0.8896953824485279, 0.5749272659568265, 0,0, 0
0.09904875939599547, 0.0, 0.8938837418790088, 0.5752207726077332, 0,0, 0
0.10111088937670458, 0.0, 0.9116167084157132, 0.5798545366554945, 0,0, 0
0.09878267810816205, 0.0, 0.9000015148416551, 0.5843571728560772, 0,0, 0
0.09991352358145414, 0.0, 0.9273376082964652, 0.5906460065960824, 0,0, 0
0.0996474422936207, 0.0, 0.9424463317291131, 0.5887153773185285, 0,0, 0
0.10111088937670458, 0.0, 0.9116167084157132, 0.58053228223967, 0,0, 0
0.0996474422936207, 0.0, 0.9424463317291131, 0.5875561154521545, 0,0, 0
0.09904875939599547, 0.0, 0.8938837418790088, 0.5763399519364965, 0,0, 0
0.10051220647907935, 0.0, 0.8777699163158681, 0.5756098442922208, 0,0, 0
0.10097784873278787, 0.0, 0.8896953824485279, 0.5747793238856409, 0,0, 0
0.09904875939599547, 0.0, 0.8938837418790088, 0.5794071464410286, 0,0, 0
0.10051220647907935, 0.0, 0.8777699163158681, 0.5736774241731301, 0,0, 0
0.0996474422936207, 0.0, 0.9424463317291131, 0.5879118469717657, 0,0, 0
0.10024612519124593, 0.0, 0.88033626681359, 0.563230955121601, 0,0, 0
0.10024612519124593, 0.0, 0.88033626681359, 0.5606963317105857, 0,0, 0
0.09904875939599547, 0.0, 0.8938837418790088, 0.5750515087568074, 0,0, 0
0.09904875939599547, 0.0, 0.8938837418790088, 0.573482289705709, 0,0, 0
0.10111088937670458, 0.0, 0.9116167084157132, 0.5798857782494982, 0,0, 0
0.0996474422936207, 0.0, 0.9424463317291131, 0.5921942889480387, 0,0, 0
0.10111088937670458, 0.0, 0.9116167084157132, 0.5769376697388546, 0,0, 0
0.09991352358145414, 0.0, 0.9273376082964652, 0.5902826719074067, 0,0, 0
0.10111088937670458, 0.0, 0.9116167084157132, 0.5774670475820518, 0,0, 0
0.10017960486928756, 0.0, 0.8835487229879121, 0.5773535243363631, 0,0, 0
0.09904875939599547, 0.0, 0.8938837418790088, 0.5744439752857095, 0,0, 0
0.0996474422936207, 0.0, 0.9424463317291131, 0.5924118833786447, 0,0, 0
0.10111088937670458, 0.0, 0.9116167084157132, 0.5778228436223656, 0,0, 0
0.09878267810816205, 0.0, 0.9000015148416551, 0.584095098567147, 0,0, 0
0.09904875939599547, 0.0, 0.8938837418790088, 0.577722027636547, 0,0, 0
0.09904875939599547, 0.0, 0.8938837418790088, 0.573525871059392, 0,0, 0
0.09904875939599547, 0.0, 0.8938837418790088, 0.5710810401443177, 0,0, 0
0.10024612519124593, 0.0, 0.88033626681359, 0.561367183323256, 0,0, 0
0.10111088937670458, 0.0, 0.9116167084157132, 0.5783853213280736, 0,0, 0
0.0996474422936207, 0.0, 0.9424463317291131, 0.5881162088352538, 0,0, 0
0.09904875939599547, 0.0, 0.8938837418790088, 0.577039978819792, 0,0, 0
0.10111088937670458, 0.0, 0.9116167084157132, 0.5774145164121299, 0,0, 0
0.09991352358145414, 0.0, 0.9015968332138666, 0.49356657504051527, 0,0, 0
0.10590035255770638, 0.0, 0.9168976488113115, 0.4314678980921197, 0,0, 0
0.09904875939599547, 0.0, 0.8938837418790088, 0.5724951050673308, 0,0, 0
0.13397192842413358, 0.0, 0.8608815027355565, 0.415538051006812, 0,0, 0
0.10430386483070578, 0.0, 0.8778355498541545, 0.5078088085611321, 0,0, 0
0.09878267810816205, 0.0, 0.9000015148416551, 0.5786488158172615, 0,0, 0
0.09904875939599547, 0.0, 0.8938837418790088, 0.5738492718067163, 0,0, 0
0.09904875939599547, 0.0, 0.8938837418790088, 0.5748556690209068, 0,0, 0
0.0996474422936207, 0.0, 0.9424463317291131, 0.5927789439686323, 0,0, 0
0.09958092197166234, 0.0, 0.8933638062721464, 0.5784590183338633, 0,0, 0
0.09904875939599547, 0.0, 0.8938837418790088, 0.5715017785793158, 0,0, 0
0.0996474422936207, 0.0, 0.9424463317291131, 0.5879110931887872, 0,0, 0
0.09904875939599547, 0.0, 0.8938837418790088, 0.5727500460508633, 0,0, 0
0.10051220647907935, 0.0, 0.8777699163158681, 0.5735345548560261, 0,0, 0
0.10051220647907935, 0.0, 0.8777699163158681, 0.5750321904238863, 0,0, 0
0.10111088937670458, 0.0, 0.9116167084157132, 0.5868386425988201, 0,0, 0
0.10024612519124593, 0.0, 0.88033626681359, 0.562899528292501, 0,0, 0
0.09958092197166234, 0.0, 0.8933638062721464, 0.579730876253888, 0,0, 0
0.10051220647907935, 0.0, 0.8777699163158681, 0.5754522303490804, 0,0, 0
0.09878267810816205, 0.0, 0.9000015148416551, 0.5800727828879036, 0,0, 0
0.10051220647907935, 0.0, 0.8777699163158681, 0.576188882899192, 0,0, 0
0.10097784873278787, 0.0, 0.8896953824485279, 0.5758511988196525, 0,0, 0
0.09958092197166234, 0.0, 0.8933638062721464, 0.5801587244371669, 0,0, 0
0.09958092197166234, 0.0, 0.8933638062721464, 0.5773863082163924, 0,0, 0
0.09878267810816205, 0.0, 0.9000015148416551, 0.5781210931797804, 0,0, 0
0.09904875939599547, 0.0, 0.8938837418790088, 0.5710258944445981, 0,0, 0
0.09958092197166234, 0.0, 0.8933638062721464, 0.5825914079666067, 0,0, 0
0.09958092197166234, 0.0, 0.8933638062721464, 0.5807364312667032, 0,0, 0
0.09904875939599547, 0.0, 0.8938837418790088, 0.5756611662948209, 0,0, 0
0.09958092197166234, 0.0, 0.8933638062721464, 0.5769519853469263, 0,0, 0
0.09878267810816205, 0.0, 0.9000015148416551, 0.580289028543138, 0,0, 0
0.10111088937670458, 0.0, 0.9116167084157132, 0.5796379853915063, 0,0, 0
0.10051220647907935, 0.0, 0.8777699163158681, 0.5765330693477391, 0,0, 0
0.09904875939599547, 0.0, 0.8938837418790088, 0.5761181579160108, 0,0, 0
0.0996474422936207, 0.0, 0.9424463317291131, 0.5885986714260156, 0,0, 0
0.09958092197166234, 0.0, 0.8933638062721464, 0.5788502495199568, 0,0, 0
0.10024612519124593, 0.0, 0.88033626681359, 0.5616492286436848, 0,0, 0
0.10097784873278787, 0.0, 0.8896953824485279, 0.5703051751991435, 0,0, 0
0.10024612519124593, 0.0, 0.88033626681359, 0.5624657216639314, 0,0, 0
0.09958092197166234, 0.0, 0.8933638062721464, 0.5800037473639277, 0,0, 0
0.09958092197166234, 0.0, 0.8933638062721464, 0.5768368050060926, 0,0, 0
0.09958092197166234, 0.0, 0.8933638062721464, 0.576479202406875, 0,0, 0
0.10051220647907935, 0.0, 0.8777699163158681, 0.5761215640970656, 0,0, 0
0.09958092197166234, 0.0, 0.8933638062721464, 0.5800529407560582, 0,0, 0
0.09904875939599547, 0.0, 0.8938837418790088, 0.5751882642973498, 0,0, 0
0.09904875939599547, 0.0, 0.8938837418790088, 0.5718576776372939, 0,0, 0
0.09878267810816205, 0.0, 0.9000015148416551, 0.57900515805486, 0,0, 0
0.10111088937670458, 0.0, 0.9116167084157132, 0.5806373935748518, 0,0, 0
0.09958092197166234, 0.0, 0.8933638062721464, 0.5832042003980762, 0,0, 0
0.09904875939599547, 0.0, 0.8938837418790088, 0.5727379472016557, 0,0, 0
0.09904875939599547, 0.0, 0.8938837418790088, 0.5698101427849817, 0,0, 0
0.10097784873278787, 0.0, 0.8896953824485279, 0.5711458701078495, 0,0, 0
0.10111088937670458, 0.0, 0.9116167084157132, 0.5851287811918278, 0,0, 0
0.09991352358145414, 0.0, 0.9273376082964652, 0.5899603774549897, 0,0, 0
0.10024612519124593, 0.0, 0.88033626681359, 0.5642431550121031, 0,0, 0
0.09958092197166234, 0.0, 0.8933638062721464, 0.5778884992300749, 0,0, 0
0.09904875939599547, 0.0, 0.8938837418790088, 0.5732554188253597, 0,0, 0
0.09958092197166234, 0.0, 0.8933638062721464, 0.5784536376599424, 0,0, 0
0.09958092197166234, 0.0, 0.8933638062721464, 0.5776240230419168, 0,0, 0
0.10051220647907935, 0.0, 0.8777699163158681, 0.5740688031522567, 0,0, 0
0.10051220647907935, 0.0, 0.8777699163158681, 0.5779075168873209, 0,0, 0
0.09878267810816205, 0.0, 0.9000015148416551, 0.5804985721930846, 0,0, 0
0.10111088937670458, 0.0, 0.9116167084157132, 0.575845795161912, 0,0, 0
0.0996474422936207, 0.0, 0.9424463317291131, 0.585989518684464, 0,0, 0
0.09958092197166234, 0.0, 0.8933638062721464, 0.5768271349940245, 0,0, 0
0.09958092197166234, 0.0, 0.8933638062721464, 0.5744137322319471, 0,0, 0
0.10111088937670458, 0.0, 0.9116167084157132, 0.5831196807585247, 0,0, 0
0.09878267810816205, 0.0, 0.9000015148416551, 0.5812411047064586, 0,0, 0
0.09958092197166234, 0.0, 0.8933638062721464, 0.5777944773454192, 0,0, 0
0.09904875939599547, 0.0, 0.8938837418790088, 0.5761603111199833, 0,0, 0
0.09904875939599547, 0.0, 0.8938837418790088, 0.5729314803016547, 0,0, 0
0.09958092197166234, 0.0, 0.8933638062721464, 0.5749562455507433, 0,0, 0
0.09958092197166234, 0.0, 0.8933638062721464, 0.5838067047086613, 0,0, 0
0.09878267810816205, 0.0, 0.9000015148416551, 0.5798985381677114, 0,0, 0
0.09904875939599547, 0.0, 0.8938837418790088, 0.5726356439273702, 0,0, 0
0.09958092197166234, 0.0, 0.8933638062721464, 0.5799656917319121, 0,0, 0
0.09904875939599547, 0.0, 0.8938837418790088, 0.5759273946497236, 0,0, 0
0.09958092197166234, 0.0, 0.8933638062721464, 0.5778952909603459, 0,0, 0
0.10051220647907935, 0.0, 0.8777699163158681, 0.575912862881887, 0,0, 0
0.10111088937670458, 0.0, 0.9116167084157132, 0.5806808686630525, 0,0, 0
0.09878267810816205, 0.0, 0.9000015148416551, 0.5823214917640369, 0,0, 0
0.0996474422936207, 0.0, 0.9424463317291131, 0.5845176748529542, 0,0, 0
0.09904875939599547, 0.0, 0.8938837418790088, 0.5725353604873779, 0,0, 0
0.09958092197166234, 0.0, 0.8933638062721464, 0.5782982652912447, 0,0, 0
0.09958092197166234, 0.0, 0.8933638062721464, 0.5791767656150321, 0,0, 0
0.0996474422936207, 0.0, 0.9424463317291131, 0.5923087011813934, 0,0, 0
0.10097784873278787, 0.0, 0.8896953824485279, 0.5717251675915541, 0,0, 0
0.10097784873278787, 0.0, 0.8896953824485279, 0.5787369091052633, 0,0, 0
0.10024612519124593, 0.0, 0.88033626681359, 0.5619553336148804, 0,0, 0
0.09958092197166234, 0.0, 0.8933638062721464, 0.5832991437944934, 0,0, 0
0.10024612519124593, 0.0, 0.88033626681359, 0.5627562127388451, 0,0, 0
0.09958092197166234, 0.0, 0.8933638062721464, 0.5767880618935564, 0,0, 0
0.10051220647907935, 0.0, 0.8777699163158681, 0.5723344730961806, 0,0, 0
0.09878267810816205, 0.0, 0.9000015148416551, 0.5794098717433748, 0,0, 0
0.0996474422936207, 0.0, 0.9424463317291131, 0.5880489810191465, 0,0, 0
0.0996474422936207, 0.0, 0.9424463317291131, 0.5909751407156443, 0,0, 0
0.09904875939599547, 0.0, 0.8938837418790088, 0.5804412383111075, 0,0, 0
0.10097784873278787, 0.0, 0.8896953824485279, 0.5788451000656635, 0,0, 0
0.09878267810816205, 0.0, 0.9000015148416551, 0.5772654434170754, 0,0, 0
0.09878267810816205, 0.0, 0.9000015148416551, 0.5788199218349177, 0,0, 0
0.10024612519124593, 0.0, 0.88033626681359, 0.5614897284292301, 0,0, 0
0.1117541408900419, 0.0, 0.8839237004792889, 0.3456334805917984, 0,0, 0
0.09911527971795384, 0.0, 0.8962865026569226, 0.5734423823577826, 0,0, 0
0.10430386483070578, 0.0, 0.8951791196624278, 0.42393678140421237, 0,0, 0
0.1639060733053948, 0.0, 0.8315633904568642, 0.32518646088991493, 0,0, 0
0.09878267810816205, 0.0, 0.9000015148416551, 0.5798591563984395, 0,0, 0
0.09878267810816205, 0.0, 0.9000015148416551, 0.5804460046199279, 0,0, 0
0.09904875939599547, 0.0, 0.8938837418790088, 0.5775780630713193, 0,0, 0
0.10017960486928756, 0.0, 0.8835487229879121, 0.5749325319314389, 0,0, 0
0.0996474422936207, 0.0, 0.8933404417861651, 0.5777345972314774, 0,0, 0
0.09904875939599547, 0.0, 0.8938837418790088, 0.578797018497939, 0,0, 0
0.09878267810816205, 0.0, 0.9000015148416551, 0.5795218002754339, 0,0, 0
0.09904875939599547, 0.0, 0.8938837418790088, 0.5716881898933618, 0,0, 0
0.10024612519124593, 0.0, 0.88033626681359, 0.5595010353385365, 0,0, 0
0.09991352358145414, 0.0, 0.9273376082964652, 0.5916700633086824, 0,0, 0
0.09991352358145414, 0.0, 0.9273376082964652, 0.5880870691911684, 0,0, 0
0.10051220647907935, 0.0, 0.8777699163158681, 0.5713682157441113, 0,0, 0
0.10024612519124593, 0.0, 0.88033626681359, 0.5607711362278986, 0,0, 0
0.09904875939599547, 0.0, 0.8938837418790088, 0.5746264780803698, 0,0, 0
0.09958092197166234, 0.0, 0.8933638062721464, 0.5768662929505186, 0,0, 0
0.09991352358145414, 0.0, 0.9273376082964652, 0.5934283892651191, 0,0, 0
0.09958092197166234, 0.0, 0.8933638062721464, 0.5797281493116648, 0,0, 0
0.09991352358145414, 0.0, 0.9273376082964652, 0.5952315863854251, 0,0, 0
0.09878267810816205, 0.0, 0.9000015148416551, 0.5818183180079286, 0,0, 0
0.09878267810816205, 0.0, 0.9000015148416551, 0.5799717795073622, 0,0, 0
0.09904875939599547, 0.0, 0.8938837418790088, 0.5738750789851746, 0,0, 0
0.09991352358145414, 0.0, 0.9273376082964652, 0.5910918133942005, 0,0, 0
0.09878267810816205, 0.0, 0.9000015148416551, 0.5796458956790872, 0,0, 0
0.09991352358145414, 0.0, 0.9273376082964652, 0.5929543117895594, 0,0, 0
0.09958092197166234, 0.0, 0.8933638062721464, 0.5757564498560342, 0,0, 0
0.10017960486928756, 0.0, 0.8835487229879121, 0.579369110636827, 0,0, 0
0.10024612519124593, 0.0, 0.88033626681359, 0.5577883198365648, 0,0, 0
0.10051220647907935, 0.0, 0.8777699163158681, 0.5712692215833381, 0,0, 0
0.09958092197166234, 0.0, 0.8933638062721464, 0.5818278518894288, 0,0, 0
0.10024612519124593, 0.0, 0.88033626681359, 0.5603145158785466, 0,0, 0
0.09991352358145414, 0.0, 0.9273376082964652, 0.5920171776453984, 0,0, 0
0.09904875939599547, 0.0, 0.8938837418790088, 0.5739765112296944, 0,0, 0
0.09958092197166234, 0.0, 0.8933638062721464, 0.577944086329847, 0,0, 0
0.09878267810816205, 0.0, 0.9000015148416551, 0.581933728345299, 0,0, 0
0.09878267810816205, 0.0, 0.9000015148416551, 0.5780861496925964, 0,0, 0
0.10051220647907935, 0.0, 0.8777699163158681, 0.5729828623143917, 0,0, 0
0.09958092197166234, 0.0, 0.8933638062721464, 0.583738211390368, 0,0, 0
0.10017960486928756, 0.0, 0.8835487229879121, 0.5796576921620423, 0,0, 0
0.09904875939599547, 0.0, 0.8938837418790088, 0.5730882241866263, 0,0, 0
0.10051220647907935, 0.0, 0.8777699163158681, 0.5842964529019824, 0,0, 0
0.10051220647907935, 0.0, 0.8777699163158681, 0.5737677435698417, 0,0, 0
0.0996474422936207, 0.0, 0.9424463317291131, 0.5895913797474731, 0,0, 0
0.09878267810816205, 0.0, 0.9000015148416551, 0.5771169069307225, 0,0, 0
0.09904875939599547, 0.0, 0.8938837418790088, 0.5740943033724255, 0,0, 0
0.10024612519124593, 0.0, 0.88033626681359, 0.56003942966491, 0,0, 0
0.09878267810816205, 0.0, 0.9000015148416551, 0.5793345321355463, 0,0, 0
0.10051220647907935, 0.0, 0.8777699163158681, 0.5726142518315313, 0,0, 0
0.10051220647907935, 0.0, 0.8777699163158681, 0.5756688280299127, 0,0, 0
0.10017960486928756, 0.0, 0.8835487229879121, 0.5712911606983283, 0,0, 0
0.10024612519124593, 0.0, 0.88033626681359, 0.5602123519905713, 0,0, 0
0.10024612519124593, 0.0, 0.88033626681359, 0.5628797570565645, 0,0, 0
0.09878267810816205, 0.0, 0.9000015148416551, 0.5817976153283742, 0,0, 0
0.09991352358145414, 0.0, 0.9273376082964652, 0.5862430808546644, 0,0, 0
0.09958092197166234, 0.0, 0.8933638062721464, 0.5743323970045382, 0,0, 0
0.09991352358145414, 0.0, 0.9273376082964652, 0.5887724748064056, 0,0, 0
0.10024612519124593, 0.0, 0.88033626681359, 0.5610169130100797, 0,0, 0
0.09904875939599547, 0.0, 0.8938837418790088, 0.5726459311666181, 0,0, 0
0.09991352358145414, 0.0, 0.9273376082964652, 0.5879502917572341, 0,0, 0
0.09878267810816205, 0.0, 0.9000015148416551, 0.5810242017318228, 0,0, 0
0.0996474422936207, 0.0, 0.9424463317291131, 0.5878055762852401, 0,0, 0
0.09991352358145414, 0.0, 0.9273376082964652, 0.5900741843913679, 0,0, 0
0.09904875939599547, 0.0, 0.8938837418790088, 0.5756458075245324, 0,0, 0
0.09958092197166234, 0.0, 0.8933638062721464, 0.577722436260959, 0,0, 0
0.10097784873278787, 0.0, 0.8896953824485279, 0.5748251427265602, 0,0, 0
0.10097784873278787, 0.0, 0.8896953824485279, 0.573988472059067, 0,0, 0
0.0996474422936207, 0.0, 0.9424463317291131, 0.5891066346886757, 0,0, 0
0.10024612519124593, 0.0, 0.88033626681359, 0.5594043901979989, 0,0, 0
0.09878267810816205, 0.0, 0.9000015148416551, 0.5861472263375634, 0,0, 0
0.10024612519124593, 0.0, 0.88033626681359, 0.5589396596776528, 0,0, 0
0.10024612519124593, 0.0, 0.88033626681359, 0.5594444023375152, 0,0, 0
0.09991352358145414, 0.0, 0.9273376082964652, 0.5900266184448187, 0,0, 0
0.09958092197166234, 0.0, 0.8933638062721464, 0.5805618885942129, 0,0, 0
0.10097784873278787, 0.0, 0.8896953824485279, 0.5742307521378414, 0,0, 0
0.09904875939599547, 0.0, 0.8938837418790088, 0.5737991922520591, 0,0, 0
0.10017960486928756, 0.0, 0.8835487229879121, 0.5723432101685506, 0,0, 0
0.09904875939599547, 0.0, 0.8938837418790088, 0.5756674224838945, 0,0, 0
0.09878267810816205, 0.0, 0.9000015148416551, 0.5768062072875818, 0,0, 0
0.10097784873278787, 0.0, 0.8896953824485279, 0.572698128801224, 0,0, 0
0.10024612519124593, 0.0, 0.88033626681359, 0.5608452673828533, 0,0, 0
0.0996474422936207, 0.0, 0.9424463317291131, 0.5897911968888523, 0,0, 0
0.09904875939599547, 0.0, 0.8938837418790088, 0.580782251795793, 0,0, 0
0.09958092197166234, 0.0, 0.8933638062721464, 0.5785206945571698, 0,0, 0
0.0996474422936207, 0.0, 0.9424463317291131, 0.5913077555572716, 0,0, 0
0.09904875939599547, 0.0, 0.8938837418790088, 0.5738601750901032, 0,0, 0
0.09991352358145414, 0.0, 0.9273376082964652, 0.5913477992995376, 0,0, 0
0.09878267810816205, 0.0, 0.9000015148416551, 0.5790108614173491, 0,0, 0
0.09991352358145414, 0.0, 0.9273376082964652, 0.5891365341697329, 0,0, 0
0.0996474422936207, 0.0, 0.9424463317291131, 0.5883346362520583, 0,0, 0
0.10017960486928756, 0.0, 0.8835487229879121, 0.5781036126261888, 0,0, 0
0.09991352358145414, 0.0, 0.9273376082964652, 0.5898464291947554, 0,0, 0
0.09878267810816205, 0.0, 0.9000015148416551, 0.5784327349335071, 0,0, 0
0.09904875939599547, 0.0, 0.8938837418790088, 0.5749014472464243, 0,0, 0
0.0996474422936207, 0.0, 0.9424463317291131, 0.5934697192448022, 0,0, 0
0.10024612519124593, 0.0, 0.88033626681359, 0.5615178251124086, 0,0, 0
0.09991352358145414, 0.0, 0.9273376082964652, 0.5914401381525847, 0,0, 0
0.10024612519124593, 0.0, 0.88033626681359, 0.5631129832816741, 0,0, 0
0.09904875939599547, 0.0, 0.8938837418790088, 0.5812811735842636, 0,0, 0
0.09931484068382891, 0.0, 0.895501292675482, 0.5727378776926225, 0,0, 0
0.10097784873278787, 0.0, 0.8896953824485279, 0.572890513597025, 0,0, 0
0.10769640125058205, 0.0, 0.8864520743686692, 0.382805202692742, 0,0, 0
0.09958092197166234, 0.0, 0.8933638062721464, 0.5758756992757325, 0,0, 0
0.10071176744495443, 0.0, 0.9210474131697179, 0.45721620686907294, 0,0, 0
0.09878267810816205, 0.0, 0.9000015148416551, 0.5803656274902217, 0,0, 0
0.09878267810816205, 0.0, 0.9000015148416551, 0.5835652655356935, 0,0, 0
0.09878267810816205, 0.0, 0.9000015148416551, 0.5846790594320026, 0,0, 0
0.10111088937670458, 0.0, 0.9116167084157132, 0.580396344307363, 0,0, 0
0.10337258032328876, 0.0, 0.8874069311113074, 0.5501592118640741, 0,0, 0
0.10097784873278787, 0.0, 0.8896953824485279, 0.574937861923295, 0,0, 0
0.09958092197166234, 0.0, 0.8933638062721464, 0.5783400256967659, 0,0, 0
0.09991352358145414, 0.0, 0.9273376082964652, 0.5912157272869236, 0,0, 0
0.09878267810816205, 0.0, 0.9000015148416551, 0.5792301314082248, 0,0, 0
0.09878267810816205, 0.0, 0.9000015148416551, 0.5790406789903817, 0,0, 0
0.09878267810816205, 0.0, 0.9000015148416551, 0.5793016428496945, 0,0, 0
0.10017960486928756, 0.0, 0.8835487229879121, 0.5786692906820328, 0,0, 0
0.09878267810816205, 0.0, 0.9000015148416551, 0.5805310640780007, 0,0, 0
0.09878267810816205, 0.0, 0.9000015148416551, 0.5846565762484941, 0,0, 0
0.10017960486928756, 0.0, 0.8835487229879121, 0.5771326356729093, 0,0, 0
0.10017960486928756, 0.0, 0.8835487229879121, 0.5759862817730166, 0,0, 0
0.09991352358145414, 0.0, 0.9273376082964652, 0.5948525099025385, 0,0, 0
0.09878267810816205, 0.0, 0.9000015148416551, 0.5837990918876975, 0,0, 0
0.09958092197166234, 0.0, 0.8933638062721464, 0.5774411509294475, 0,0, 0
0.0996474422936207, 0.0, 0.9424463317291131, 0.5890918243001454, 0,0, 0
0.09878267810816205, 0.0, 0.9000015148416551, 0.5786642266533364, 0,0, 0
0.09958092197166234, 0.0, 0.8933638062721464, 0.5757909658182404, 0,0, 0
0.09958092197166234, 0.0, 0.8933638062721464, 0.5804657492848436, 0,0, 0
0.10097784873278787, 0.0, 0.8896953824485279, 0.5749301364764824, 0,0, 0
0.10111088937670458, 0.0, 0.9116167084157132, 0.5787194307296908, 0,0, 0
0.09991352358145414, 0.0, 0.9273376082964652, 0.5889989860108851, 0,0, 0
0.09958092197166234, 0.0, 0.8933638062721464, 0.5791449944714344, 0,0, 0
0.09878267810816205, 0.0, 0.9000015148416551, 0.5808606519123954, 0,0, 0
0.10097784873278787, 0.0, 0.8896953824485279, 0.5777458682482206, 0,0, 0
0.09958092197166234, 0.0, 0.8933638062721464, 0.5810699254864495, 0,0, 0
0.09958092197166234, 0.0, 0.8933638062721464, 0.576608214373245, 0,0, 0
0.09878267810816205, 0.0, 0.9000015148416551, 0.580825131879279, 0,0, 0
0.10097784873278787, 0.0, 0.8896953824485279, 0.5728105799517591, 0,0, 0
0.10017960486928756, 0.0, 0.8835487229879121, 0.5720027051429252, 0,0, 0
0.09991352358145414, 0.0, 0.9273376082964652, 0.5875931404040657, 0,0, 0
0.10111088937670458, 0.0, 0.9116167084157132, 0.5844461866875182, 0,0, 0
0.0996474422936207, 0.0, 0.9424463317291131, 0.5914766805131952, 0,0, 0
0.0996474422936207, 0.0, 0.9424463317291131, 0.5906765281784575, 0,0, 0
0.09958092197166234, 0.0, 0.8933638062721464, 0.577696562952626, 0,0, 0
0.09878267810816205, 0.0, 0.9000015148416551, 0.5808900942351474, 0,0, 0
0.09991352358145414, 0.0, 0.9273376082964652, 0.5914146761448467, 0,0, 0
0.10017960486928756, 0.0, 0.8835487229879121, 0.5727346993778685, 0,0, 0
0.10144349098649637, 0.0, 0.8921541515847907, 0.5176126083116387, 0,0, 0
0.09958092197166234, 0.0, 0.8933638062721464, 0.5753896013320345, 0,0, 0
0.0996474422936207, 0.0, 0.9424463317291131, 0.5885528654241741, 0,0, 0
0.0996474422936207, 0.0, 0.9424463317291131, 0.5904798896403718, 0,0, 0
0.09878267810816205, 0.0, 0.9000015148416551, 0.5857445946262638, 0,0, 0
0.09878267810816205, 0.0, 0.9000015148416551, 0.5755378693722192, 0,0, 0
0.09878267810816205, 0.0, 0.9000015148416551, 0.5782264631956129, 0,0, 0
0.0996474422936207, 0.0, 0.9424463317291131, 0.5867326601042907, 0,0, 0
0.10017960486928756, 0.0, 0.8835487229879121, 0.5701417869957502, 0,0, 0
0.09878267810816205, 0.0, 0.9000015148416551, 0.5804774987806033, 0,0, 0
0.09878267810816205, 0.0, 0.9000015148416551, 0.5820122554670817, 0,0, 0
0.0996474422936207, 0.0, 0.9424463317291131, 0.5868730343306416, 0,0, 0
0.10017960486928756, 0.0, 0.8835487229879121, 0.5783439973044902, 0,0, 0
0.09878267810816205, 0.0, 0.9000015148416551, 0.5811642690468355, 0,0, 0
0.09991352358145414, 0.0, 0.9273376082964652, 0.5869962896266664, 0,0, 0
0.09878267810816205, 0.0, 0.9000015148416551, 0.5810042080558265, 0,0, 0
0.09991352358145414, 0.0, 0.9273376082964652, 0.5906259073322312, 0,0, 0
0.0996474422936207, 0.0, 0.9424463317291131, 0.5936300224545316, 0,0, 0
0.09958092197166234, 0.0, 0.8933638062721464, 0.578373263605228, 0,0, 0
0.09878267810816205, 0.0, 0.9000015148416551, 0.5781978250026087, 0,0, 0
0.09958092197166234, 0.0, 0.8933638062721464, 0.5775584149263154, 0,0, 0
0.0996474422936207, 0.0, 0.9424463317291131, 0.586842339312108, 0,0, 0
0.10017960486928756, 0.0, 0.8835487229879121, 0.5779182216671747, 0,0, 0
0.09958092197166234, 0.0, 0.8933638062721464, 0.5820047301537232, 0,0, 0
0.09958092197166234, 0.0, 0.8933638062721464, 0.578692801998505, 0,0, 0
0.09878267810816205, 0.0, 0.9000015148416551, 0.5790278967262154, 0,0, 0
0.10017960486928756, 0.0, 0.8835487229879121, 0.5726943030063363, 0,0, 0
0.09958092197166234, 0.0, 0.8933638062721464, 0.5779100377221138, 0,0, 0
0.09991352358145414, 0.0, 0.9273376082964652, 0.5920946761101722, 0,0, 0
0.10017960486928756, 0.0, 0.8835487229879121, 0.5745316572974126, 0,0, 0
0.09878267810816205, 0.0, 0.9000015148416551, 0.5811312973024233, 0,0, 0
0.09878267810816205, 0.0, 0.9000015148416551, 0.5785828798782675, 0,0, 0
0.10111088937670458, 0.0, 0.9116167084157132, 0.5802939353051028, 0,0, 0
0.09878267810816205, 0.0, 0.9000015148416551, 0.5787298325976797, 0,0, 0
0.10097784873278787, 0.0, 0.8896953824485279, 0.5733331494545354, 0,0, 0
0.10097784873278787, 0.0, 0.8896953824485279, 0.5714819479699514, 0,0, 0
0.10017960486928756, 0.0, 0.8835487229879121, 0.5746070202758178, 0,0, 0
0.0996474422936207, 0.0, 0.9424463317291131, 0.5924641762208013, 0,0, 0
0.09958092197166234, 0.0, 0.8933638062721464, 0.5752833779645601, 0,0, 0
0.09991352358145414, 0.0, 0.9273376082964652, 0.5929987720619765, 0,0, 0
0.10111088937670458, 0.0, 0.9116167084157132, 0.57886858278755, 0,0, 0
0.09958092197166234, 0.0, 0.8933638062721464, 0.5808646592342108, 0,0, 0
0.09878267810816205, 0.0, 0.9000015148416551, 0.580292774780184, 0,0, 0
0.09878267810816205, 0.0, 0.9000015148416551, 0.5812698634270634, 0,0, 0
0.09958092197166234, 0.0, 0.8933638062721464, 0.5788946322467103, 0,0, 0
0.10097784873278787, 0.0, 0.8896953824485279, 0.5737105585767535, 0,0, 0
0.09878267810816205, 0.0, 0.9000015148416551, 0.5807448950456607, 0,0, 0
0.10017960486928756, 0.0, 0.8835487229879121, 0.5753321718857292, 0,0, 0
0.09991352358145414, 0.0, 0.9273376082964652, 0.5909821085932024, 0,0, 0
0.09991352358145414, 0.0, 0.9273376082964652, 0.5934062106920982, 0,0, 0
0.10097784873278787, 0.0, 0.8896953824485279, 0.5773248318141975, 0,0, 0
0.09991352358145414, 0.0, 0.9273376082964652, 0.5893042222198512, 0,0, 0
0.09991352358145414, 0.0, 0.9273376082964652, 0.5893801126925625, 0,0, 0
0.10017960486928756, 0.0, 0.8835487229879121, 0.574696356771528, 0,0, 0
0.09485797911261891, 0.0, 0.9045664365936793, 0.4663830611867164, 0,0, 0
0.09871615778620368, 0.0, 0.9000828156546633, 0.5833700227623144, 0,0, 0
0.10197565356216325, 0.0, 0.881644471271391, 0.5523585680528668, 0,0, 0
0.09991352358145414, 0.0, 0.9273376082964652, 0.5891694210298105, 0,0, 0
0.09878267810816205, 0.0, 0.9000015148416551, 0.5796301313251495, 0,0, 0
0.09878267810816205, 0.0, 0.9000015148416551, 0.5824176441304216, 0,0, 0
0.09958092197166234, 0.0, 0.8933638062721464, 0.5811136909517886, 0,0, 0
0.1117541408900419, 0.0, 0.8664047724663214, 0.45630754690704955, 0,0, 0
0.09878267810816205, 0.0, 0.9000015148416551, 0.5824755837545934, 0,0, 0
0.09991352358145414, 0.0, 0.9273376082964652, 0.5915664097536676, 0,0, 0
0.10024612519124593, 0.0, 0.88033626681359, 0.5605345376902631, 0,0, 0
0.09878267810816205, 0.0, 0.9000015148416551, 0.5783041784608001, 0,0, 0
0.10024612519124593, 0.0, 0.88033626681359, 0.5589225413401612, 0,0, 0
0.09878267810816205, 0.0, 0.9000015148416551, 0.5785621393153193, 0,0, 0
0.10111088937670458, 0.0, 0.9116167084157132, 0.5815767777594694, 0,0, 0
0.10024612519124593, 0.0, 0.88033626681359, 0.5593996792485022, 0,0, 0
0.09878267810816205, 0.0, 0.9000015148416551, 0.5806895362843587, 0,0, 0
0.0996474422936207, 0.0, 0.9424463317291131, 0.5974003839242145, 0,0, 0
0.09958092197166234, 0.0, 0.8933638062721464, 0.5821093031351059, 0,0, 0
0.09991352358145414, 0.0, 0.9273376082964652, 0.5919713897572949, 0,0, 0
0.10111088937670458, 0.0, 0.9116167084157132, 0.5829718836582555, 0,0, 0
0.10111088937670458, 0.0, 0.9116167084157132, 0.5813921439372389, 0,0, 0
0.10111088937670458, 0.0, 0.9116167084157132, 0.5823794086081605, 0,0, 0
0.10111088937670458, 0.0, 0.9116167084157132, 0.5803175297828992, 0,0, 0
0.09958092197166234, 0.0, 0.8933638062721464, 0.5761116276916862, 0,0, 0
0.10024612519124593, 0.0, 0.88033626681359, 0.5625159881767681, 0,0, 0
0.09991352358145414, 0.0, 0.9273376082964652, 0.591709010594252, 0,0, 0
0.10111088937670458, 0.0, 0.9116167084157132, 0.5804607531400947, 0,0, 0
0.10024612519124593, 0.0, 0.88033626681359, 0.5628438945850263, 0,0, 0
0.10017960486928756, 0.0, 0.8835487229879121, 0.5763332374892317, 0,0, 0
0.10111088937670458, 0.0, 0.9116167084157132, 0.5841195575906944, 0,0, 0
0.09958092197166234, 0.0, 0.8933638062721464, 0.578217630057697, 0,0, 0
0.09958092197166234, 0.0, 0.8933638062721464, 0.5781490020444005, 0,0, 0
0.10051220647907935, 0.0, 0.8777699163158681, 0.5742070936682093, 0,0, 0
0.09878267810816205, 0.0, 0.9000015148416551, 0.5795034749694689, 0,0, 0
0.09991352358145414, 0.0, 0.9273376082964652, 0.5920083417311041, 0,0, 0
0.10111088937670458, 0.0, 0.9116167084157132, 0.5790950661483438, 0,0, 0
0.0996474422936207, 0.0, 0.9424463317291131, 0.5945629366171873, 0,0, 0
0.10097784873278787, 0.0, 0.8896953824485279, 0.5729149069992012, 0,0, 0
0.10097784873278787, 0.0, 0.8896953824485279, 0.5714635263313925, 0,0, 0
0.10111088937670458, 0.0, 0.9116167084157132, 0.5876198464190737, 0,0, 0
0.0996474422936207, 0.0, 0.9424463317291131, 0.59128915510256, 0,0, 0
0.09991352358145414, 0.0, 0.9273376082964652, 0.5920048418763242, 0,0, 0
0.0996474422936207, 0.0, 0.9424463317291131, 0.587976334855126, 0,0, 0
0.09991352358145414, 0.0, 0.9273376082964652, 0.5897897065260259, 0,0, 0
0.10017960486928756, 0.0, 0.8835487229879121, 0.5779945196693229, 0,0, 0
0.10017960486928756, 0.0, 0.8835487229879121, 0.5733266923420457, 0,0, 0
0.10111088937670458, 0.0, 0.9116167084157132, 0.5827969103087294, 0,0, 0
0.10051220647907935, 0.0, 0.8777699163158681, 0.5707071354122539, 0,0, 0
0.09878267810816205, 0.0, 0.9000015148416551, 0.5784406242218261, 0,0, 0
0.10017960486928756, 0.0, 0.8835487229879121, 0.5781399389627156, 0,0, 0
0.09958092197166234, 0.0, 0.8933638062721464, 0.5781529293806151, 0,0, 0
0.09958092197166234, 0.0, 0.8933638062721464, 0.5836726507934141, 0,0, 0
0.10024612519124593, 0.0, 0.88033626681359, 0.5619098479959586, 0,0, 0
0.09878267810816205, 0.0, 0.9000015148416551, 0.5820234174653012, 0,0, 0
0.10024612519124593, 0.0, 0.88033626681359, 0.5594005163793515, 0,0, 0
0.0996474422936207, 0.0, 0.9424463317291131, 0.5912967540908233, 0,0, 0
0.10051220647907935, 0.0, 0.8777699163158681, 0.575327784013898, 0,0, 0
0.09958092197166234, 0.0, 0.8933638062721464, 0.5762051930973058, 0,0, 0
0.09878267810816205, 0.0, 0.9000015148416551, 0.5802701949167157, 0,0, 0
0.09991352358145414, 0.0, 0.9273376082964652, 0.5904686582315652, 0,0, 0
0.09878267810816205, 0.0, 0.9000015148416551, 0.5851694088675906, 0,0, 0
0.09991352358145414, 0.0, 0.9273376082964652, 0.5886666839003426, 0,0, 0
0.10017960486928756, 0.0, 0.8835487229879121, 0.5737880181628028, 0,0, 0
0.09878267810816205, 0.0, 0.9000015148416551, 0.5833403446763645, 0,0, 0
0.09958092197166234, 0.0, 0.8933638062721464, 0.5755993453283136, 0,0, 0
0.10111088937670458, 0.0, 0.9116167084157132, 0.5826692686423401, 0,0, 0
0.09958092197166234, 0.0, 0.8933638062721464, 0.5823954308914471, 0,0, 0
0.10017960486928756, 0.0, 0.8835487229879121, 0.5731842987322429, 0,0, 0
0.10024612519124593, 0.0, 0.88033626681359, 0.5636851429677825, 0,0, 0
0.10111088937670458, 0.0, 0.9116167084157132, 0.5793931449186642, 0,0, 0
0.09958092197166234, 0.0, 0.8933638062721464, 0.5777529934256476, 0,0, 0
0.10111088937670458, 0.0, 0.9116167084157132, 0.586556372865636, 0,0, 0
0.09991352358145414, 0.0, 0.9273376082964652, 0.5881519978230543, 0,0, 0
0.09878267810816205, 0.0, 0.9000015148416551, 0.5811295052534429, 0,0, 0
0.10024612519124593, 0.0, 0.88033626681359, 0.5621934517154523, 0,0, 0
0.09878267810816205, 0.0, 0.9000015148416551, 0.5781740763014406, 0,0, 0
0.10097784873278787, 0.0, 0.8896953824485279, 0.5748292531568995, 0,0, 0
0.10111088937670458, 0.0, 0.9116167084157132, 0.5869471986395169, 0,0, 0
0.10111088937670458, 0.0, 0.9116167084157132, 0.5769714279375227, 0,0, 0
0.10111088937670458, 0.0, 0.9116167084157132, 0.5806105366767594, 0,0, 0
0.09878267810816205, 0.0, 0.9000015148416551, 0.5774483543438349, 0,0, 0
0.09991352358145414, 0.0, 0.9273376082964652, 0.5873067526965506, 0,0, 0
0.10017960486928756, 0.0, 0.8835487229879121, 0.5766934908788871, 0,0, 0
0.09878267810816205, 0.0, 0.9000015148416551, 0.5794860773741313, 0,0, 0
0.10051220647907935, 0.0, 0.8777699163158681, 0.571792757535685, 0,0, 0
0.09878267810816205, 0.0, 0.9000015148416551, 0.5794137282801223, 0,0, 0
0.09958092197166234, 0.0, 0.8933638062721464, 0.5786438635941002, 0,0, 0
0.09958092197166234, 0.0, 0.8933638062721464, 0.577822739114413, 0,0, 0
0.09878267810816205, 0.0, 0.9000015148416551, 0.5786741876886381, 0,0, 0
0.10051220647907935, 0.0, 0.8777699163158681, 0.5743607968131021, 0,0, 0
0.09878267810816205, 0.0, 0.9000015148416551, 0.5796211115338311, 0,0, 0
0.10051220647907935, 0.0, 0.8777699163158681, 0.576257948741911, 0,0, 0
0.10017960486928756, 0.0, 0.8835487229879121, 0.5728665897485887, 0,0, 0
0.09878267810816205, 0.0, 0.9000015148416551, 0.5851848562871386, 0,0, 0
0.10111088937670458, 0.0, 0.9116167084157132, 0.5799294770051171, 0,0, 0
0.10017960486928756, 0.0, 0.8835487229879121, 0.5719061285660788, 0,0, 0
0.09958092197166234, 0.0, 0.8933638062721464, 0.5778986815033044, 0,0, 0
0.09878267810816205, 0.0, 0.9000015148416551, 0.5781629417859108, 0,0, 0
0.09958092197166234, 0.0, 0.8933638062721464, 0.5810333311244724, 0,0, 0
0.10111088937670458, 0.0, 0.9116167084157132, 0.5741946004060455, 0,0, 0
