acuracia,loss,frr,fpr, removed, n_clf, tp_removed
0.09825051553249518, 0.0, 0.8944041643372586, 0.40467750686587217, 0,0, 0
0.1414222044834697, 0.0, 0.8637397008079932, 0.382636813098852, 0,0, 0
0.11301802700725072, 0.0, 0.8974515443400135, 0.541723273982852, 0,0, 0
0.09958092197166234, 0.0, 0.8933638062721464, 0.5775551675790628, 0,7, 0
0.09991352358145414, 0.0, 0.9273376082964652, 0.5894311459906091, 0,3, 0
0.09991352358145414, 0.0, 0.9273376082964652, 0.5910513660768978, 0,7, 0
0.09991352358145414, 0.0, 0.9273376082964652, 0.5889225509088805, 0,7, 0
0.10024612519124593, 0.0, 0.88033626681359, 0.562594147950776, 0,9, 0
0.0996474422936207, 0.0, 0.9424463317291131, 0.5884246921888997, 0,6, 0
0.09991352358145414, 0.0, 0.9273376082964652, 0.5900230364885388, 0,5, 0
0.10024612519124593, 0.0, 0.88033626681359, 0.5604217981847166, 1,7, 0
0.10024612519124593, 0.0, 0.88033626681359, 0.5615868578924343, 0,6, 0
0.10024612519124593, 0.0, 0.88033626681359, 0.560433339563433, 0,9, 0
0.10024612519124593, 0.0, 0.88033626681359, 0.558179789083015, 0,9, 0
0.09991352358145414, 0.0, 0.9273376082964652, 0.5922168082191681, 1,5, 0
0.10024612519124593, 0.0, 0.88033626681359, 0.5626360939662872, 0,8, 0
0.10024612519124593, 0.0, 0.88033626681359, 0.5597460340286857, 0,7, 0
0.10024612519124593, 0.0, 0.88033626681359, 0.5595883434959293, 0,5, 0
0.10024612519124593, 0.0, 0.88033626681359, 0.564034382697543, 0,4, 0
0.10024612519124593, 0.0, 0.88033626681359, 0.5622348606824038, 0,10, 0
0.10024612519124593, 0.0, 0.88033626681359, 0.5611346830064683, 0,11, 0
0.10024612519124593, 0.0, 0.88033626681359, 0.5649152279186833, 0,5, 0
0.10024612519124593, 0.0, 0.88033626681359, 0.5591023572583491, 0,7, 0
0.10024612519124593, 0.0, 0.88033626681359, 0.5612978038425601, 0,6, 0
0.10024612519124593, 0.0, 0.88033626681359, 0.5582671633045697, 0,7, 0
0.10024612519124593, 0.0, 0.88033626681359, 0.5613699635110323, 0,7, 0
0.10024612519124593, 0.0, 0.88033626681359, 0.5611615650220741, 0,9, 0
0.10024612519124593, 0.0, 0.88033626681359, 0.5629086190621879, 0,7, 0
0.10024612519124593, 0.0, 0.88033626681359, 0.5609379323246884, 0,10, 0
0.10024612519124593, 0.0, 0.88033626681359, 0.5631862823087769, 0,10, 0
0.10024612519124593, 0.0, 0.88033626681359, 0.5607729961190565, 0,8, 0
0.08448080888711501, 0.0, 0.9275028294338777, 0.38964482482792845, 0,9, 0
0.10111088937670458, 0.0, 0.9116167084157132, 0.5819315506962847, 0,6, 0
0.0996474422936207, 0.0, 0.9424463317291131, 0.5877141252156871, 0,9, 0
0.09878267810816205, 0.0, 0.9000015148416551, 0.5792030362208933, 0,6, 0
0.09958092197166234, 0.0, 0.8933638062721464, 0.5791850844818351, 0,9, 0
0.09878267810816205, 0.0, 0.9000015148416551, 0.57707131597137, 0,4, 0
0.10017960486928756, 0.0, 0.8835487229879121, 0.5726767481511235, 0,8, 0
0.09991352358145414, 0.0, 0.9273376082964652, 0.593217781835352, 0,6, 0
0.0996474422936207, 0.0, 0.9424463317291131, 0.5870456554397931, 0,6, 0
0.10024612519124593, 0.0, 0.88033626681359, 0.5617653052354394, 0,11, 0
0.09958092197166234, 0.0, 0.8933638062721464, 0.5758264191929569, 0,9, 0
0.09958092197166234, 0.0, 0.8933638062721464, 0.5792640009199591, 0,6, 0
0.10017960486928756, 0.0, 0.8835487229879121, 0.5780241701704515, 0,9, 0
0.10017960486928756, 0.0, 0.8835487229879121, 0.5755996248555176, 0,6, 0
0.0996474422936207, 0.0, 0.9424463317291131, 0.5869947069425946, 0,6, 0
0.0996474422936207, 0.0, 0.9424463317291131, 0.5884120153354336, 1,8, 1
0.0996474422936207, 0.0, 0.9424463317291131, 0.59021531806165, 0,5, 0
0.10111088937670458, 0.0, 0.9116167084157132, 0.5811388947753491, 0,10, 0
0.09991352358145414, 0.0, 0.9273376082964652, 0.5935929417632105, 0,7, 0
0.09991352358145414, 0.0, 0.9273376082964652, 0.588164887360189, 0,7, 0
0.09991352358145414, 0.0, 0.9273376082964652, 0.5875146437737131, 1,7, 0
0.0996474422936207, 0.0, 0.9424463317291131, 0.5870266763422206, 0,8, 0
0.0996474422936207, 0.0, 0.9424463317291131, 0.5921867963384939, 1,8, 0
0.10111088937670458, 0.0, 0.9116167084157132, 0.5826240070200011, 1,8, 0
0.10017960486928756, 0.0, 0.8835487229879121, 0.5744298061478452, 0,3, 0
0.10111088937670458, 0.0, 0.9116167084157132, 0.57808005314353, 0,7, 0
0.10111088937670458, 0.0, 0.9116167084157132, 0.5786587760684739, 0,11, 0
0.10111088937670458, 0.0, 0.9116167084157132, 0.5821211560299459, 0,10, 0
0.10111088937670458, 0.0, 0.9116167084157132, 0.5775252413580358, 0,8, 0
0.10111088937670458, 0.0, 0.9116167084157132, 0.5797898318415048, 0,6, 0
0.10111088937670458, 0.0, 0.9116167084157132, 0.5790180338572385, 0,7, 0
0.10111088937670458, 0.0, 0.9116167084157132, 0.5868025957516914, 0,9, 0
0.10111088937670458, 0.0, 0.9116167084157132, 0.579079942034832, 0,9, 0
0.10111088937670458, 0.0, 0.9116167084157132, 0.579159912040282, 0,9, 0
0.10111088937670458, 0.0, 0.9116167084157132, 0.5832591298447436, 0,7, 0
0.10111088937670458, 0.0, 0.9116167084157132, 0.5844014532565778, 0,4, 0
0.10111088937670458, 0.0, 0.9116167084157132, 0.5820940488681713, 0,12, 0
0.10097784873278787, 0.0, 0.8896953824485279, 0.572323329947349, 0,7, 0
0.10097784873278787, 0.0, 0.8896953824485279, 0.5731456524925785, 0,6, 0
0.10097784873278787, 0.0, 0.8896953824485279, 0.5719201338730757, 1,11, 0
0.0996474422936207, 0.0, 0.9424463317291131, 0.5892220485900768, 0,8, 0
0.0996474422936207, 0.0, 0.9424463317291131, 0.5863317581573493, 1,8, 1
0.09991352358145414, 0.0, 0.9273376082964652, 0.5921020259926716, 0,9, 0
0.09991352358145414, 0.0, 0.9273376082964652, 0.5909039588048138, 0,6, 0
0.09991352358145414, 0.0, 0.9273376082964652, 0.5925700827955657, 0,8, 0
0.10051220647907935, 0.0, 0.8777699163158681, 0.5772779191462271, 1,6, 0
0.10051220647907935, 0.0, 0.8777699163158681, 0.5759507606508917, 0,4, 0
0.10051220647907935, 0.0, 0.8777699163158681, 0.5774050182603361, 0,9, 0
0.10051220647907935, 0.0, 0.8777699163158681, 0.5732688406847859, 0,7, 0
0.09991352358145414, 0.0, 0.9273376082964652, 0.5918943564838237, 0,6, 0
0.09991352358145414, 0.0, 0.9273376082964652, 0.5872021667584124, 0,5, 0
0.09878267810816205, 0.0, 0.9000015148416551, 0.5774006441147695, 0,7, 0
0.09878267810816205, 0.0, 0.9000015148416551, 0.58247695269753, 0,7, 0
0.0996474422936207, 0.0, 0.9424463317291131, 0.5866809419713307, 0,6, 0
0.09991352358145414, 0.0, 0.9273376082964652, 0.591259922355001, 0,9, 0
0.09991352358145414, 0.0, 0.9273376082964652, 0.588514404756383, 1,5, 1
0.09991352358145414, 0.0, 0.9273376082964652, 0.5904676567314383, 0,10, 0
0.09991352358145414, 0.0, 0.9273376082964652, 0.5874902381645767, 0,8, 0
0.09991352358145414, 0.0, 0.9273376082964652, 0.5894183734645376, 0,6, 0
0.09991352358145414, 0.0, 0.9273376082964652, 0.5943931221720964, 0,6, 0
0.09991352358145414, 0.0, 0.9273376082964652, 0.592466836215443, 0,11, 0
0.09991352358145414, 0.0, 0.9273376082964652, 0.5874888466551775, 0,3, 0
0.09991352358145414, 0.0, 0.9273376082964652, 0.5940038494442814, 0,4, 0
0.09991352358145414, 0.0, 0.9273376082964652, 0.5890067018183843, 0,5, 0
0.09991352358145414, 0.0, 0.9273376082964652, 0.5893416720580027, 0,6, 0
0.09991352358145414, 0.0, 0.9273376082964652, 0.5885303452637689, 0,6, 0
0.1012439300206213, 0.0, 0.9203676399915753, 0.5754830074262763, 0,10, 0
0.10111088937670458, 0.0, 0.9116167084157132, 0.5797041359157538, 0,5, 0
0.10111088937670458, 0.0, 0.9116167084157132, 0.5776764976464124, 0,9, 0
0.10111088937670458, 0.0, 0.9116167084157132, 0.5784460941005286, 0,11, 0
0.09266280848799308, 0.0, 0.9142707797011692, 0.37465699368518324, 0,0, 0
0.1012439300206213, 0.0, 0.9113934534494292, 0.5820064156422837, 0,0, 0
0.10024612519124593, 0.0, 0.88033626681359, 0.5633827481422639, 0,0, 0
0.10017960486928756, 0.0, 0.8835487229879121, 0.576758787983943, 0,5, 0
0.10017960486928756, 0.0, 0.8835487229879121, 0.5798713359313217, 0,6, 0
0.0996474422936207, 0.0, 0.9424463317291131, 0.589436185559958, 0,8, 0
0.10024612519124593, 0.0, 0.88033626681359, 0.5638107940271184, 0,7, 0
0.09878267810816205, 0.0, 0.9000015148416551, 0.5785173001726129, 1,3, 0
0.09878267810816205, 0.0, 0.9000015148416551, 0.5861959458957038, 1,6, 0
0.09878267810816205, 0.0, 0.9000015148416551, 0.5807845546550157, 1,13, 1
0.09878267810816205, 0.0, 0.9000015148416551, 0.5791836291787574, 0,6, 0
0.09878267810816205, 0.0, 0.9000015148416551, 0.581511764809236, 1,10, 1
0.09878267810816205, 0.0, 0.9000015148416551, 0.576742068669559, 1,5, 0
0.09878267810816205, 0.0, 0.9000015148416551, 0.5811702497650529, 1,8, 0
0.09878267810816205, 0.0, 0.9000015148416551, 0.5822519278521483, 0,6, 0
0.09878267810816205, 0.0, 0.9000015148416551, 0.586568587044045, 1,6, 0
0.09878267810816205, 0.0, 0.9000015148416551, 0.590055766190692, 1,8, 0
0.09878267810816205, 0.0, 0.9000015148416551, 0.5785011579353186, 0,10, 0
0.09878267810816205, 0.0, 0.9000015148416551, 0.5817022703691037, 1,8, 0
0.09904875939599547, 0.0, 0.8938837418790088, 0.5727529777054481, 0,11, 0
0.10111088937670458, 0.0, 0.9116167084157132, 0.5808637947900266, 0,7, 0
0.10111088937670458, 0.0, 0.9116167084157132, 0.5806614581641201, 0,7, 0
0.10111088937670458, 0.0, 0.9116167084157132, 0.5789145122581529, 0,9, 0
0.10111088937670458, 0.0, 0.9116167084157132, 0.5797379177559374, 0,4, 0
0.09878267810816205, 0.0, 0.9000015148416551, 0.5774473492592556, 0,6, 0
0.10024612519124593, 0.0, 0.88033626681359, 0.5611207941137333, 0,5, 0
0.10024612519124593, 0.0, 0.88033626681359, 0.5587860934714075, 0,8, 0
0.10024612519124593, 0.0, 0.88033626681359, 0.5609955413619896, 0,5, 0
0.09904875939599547, 0.0, 0.8938837418790088, 0.5742220501610628, 0,8, 0
0.09878267810816205, 0.0, 0.9000015148416551, 0.5785014469594231, 1,7, 0
0.10111088937670458, 0.0, 0.9116167084157132, 0.5787414003711713, 0,8, 0
0.0996474422936207, 0.0, 0.9424463317291131, 0.5925158454467472, 0,4, 0
0.10550123062595623, 0.0, 0.8825610367881411, 0.3944592039384179, 0,6, 0
0.10111088937670458, 0.0, 0.9116167084157132, 0.5818151712080865, 0,6, 0
0.10111088937670458, 0.0, 0.9116167084157132, 0.5814384088704707, 0,7, 0
0.10111088937670458, 0.0, 0.9116167084157132, 0.5802975719626168, 1,3, 0
0.10111088937670458, 0.0, 0.9116167084157132, 0.5827800253308094, 0,4, 0
0.10111088937670458, 0.0, 0.9116167084157132, 0.5800307045927081, 0,7, 0
0.10111088937670458, 0.0, 0.9116167084157132, 0.5812374149134476, 0,6, 0
0.10111088937670458, 0.0, 0.9116167084157132, 0.5788145334218164, 0,7, 0
0.10111088937670458, 0.0, 0.9116167084157132, 0.5792667209966309, 0,10, 0
0.10111088937670458, 0.0, 0.9116167084157132, 0.5797036571835311, 0,4, 0
0.10111088937670458, 0.0, 0.9116167084157132, 0.5809438359809321, 0,7, 0
0.10111088937670458, 0.0, 0.9116167084157132, 0.5821984198856057, 0,3, 0
0.10111088937670458, 0.0, 0.9116167084157132, 0.5806387241965415, 1,9, 0
0.10111088937670458, 0.0, 0.9116167084157132, 0.5816628523720793, 1,6, 0
0.10111088937670458, 0.0, 0.9116167084157132, 0.5815845043116099, 0,6, 0
0.10111088937670458, 0.0, 0.9116167084157132, 0.5807298213631271, 0,7, 0
0.10111088937670458, 0.0, 0.9116167084157132, 0.5868933087652517, 0,8, 0
0.10111088937670458, 0.0, 0.9116167084157132, 0.5785323259674264, 0,6, 0
0.10111088937670458, 0.0, 0.9116167084157132, 0.5821509546750128, 0,9, 0
0.10111088937670458, 0.0, 0.9116167084157132, 0.580406548863684, 0,5, 0
0.10111088937670458, 0.0, 0.9116167084157132, 0.5783052470793205, 0,6, 0
0.10111088937670458, 0.0, 0.9116167084157132, 0.5816039247049478, 0,10, 0
0.10111088937670458, 0.0, 0.9116167084157132, 0.5817410180182478, 0,6, 0
0.10111088937670458, 0.0, 0.9116167084157132, 0.5790517701252594, 0,5, 0
0.10111088937670458, 0.0, 0.9116167084157132, 0.5818801838664289, 1,8, 0
0.10111088937670458, 0.0, 0.9116167084157132, 0.581380605962044, 0,9, 0
0.10111088937670458, 0.0, 0.9116167084157132, 0.5789883710890195, 0,6, 0
0.10111088937670458, 0.0, 0.9116167084157132, 0.586127722419203, 0,7, 0
0.10111088937670458, 0.0, 0.9116167084157132, 0.5848435539835969, 0,6, 0
0.10111088937670458, 0.0, 0.9116167084157132, 0.5806639110374773, 0,10, 0
0.10111088937670458, 0.0, 0.9116167084157132, 0.5789550101266484, 0,6, 0
0.10111088937670458, 0.0, 0.9116167084157132, 0.5825259564725591, 0,8, 0
0.10111088937670458, 0.0, 0.9116167084157132, 0.5807405604651105, 0,8, 0
0.10111088937670458, 0.0, 0.9116167084157132, 0.5858459853735299, 0,4, 0
0.10111088937670458, 0.0, 0.9116167084157132, 0.5803832998830492, 1,6, 0
0.10111088937670458, 0.0, 0.9116167084157132, 0.5820605543980131, 0,8, 0
0.10111088937670458, 0.0, 0.9116167084157132, 0.5775921067957218, 0,6, 0
0.10111088937670458, 0.0, 0.9116167084157132, 0.5813001982618834, 0,7, 0
0.10111088937670458, 0.0, 0.9116167084157132, 0.5786067586305379, 1,5, 1
0.10111088937670458, 0.0, 0.9116167084157132, 0.5856492415231965, 1,9, 0
0.10111088937670458, 0.0, 0.9116167084157132, 0.5801049563171926, 0,6, 0
0.10111088937670458, 0.0, 0.9116167084157132, 0.5833612595275111, 0,4, 0
0.10111088937670458, 0.0, 0.9116167084157132, 0.584326173377182, 0,7, 0
0.10111088937670458, 0.0, 0.9116167084157132, 0.5844426124052657, 0,6, 0
0.10111088937670458, 0.0, 0.9116167084157132, 0.5827725240903121, 0,5, 0
0.10111088937670458, 0.0, 0.9116167084157132, 0.5819962885558841, 0,4, 0
0.10111088937670458, 0.0, 0.9116167084157132, 0.582119054393172, 0,11, 0
0.10111088937670458, 0.0, 0.9116167084157132, 0.5796149699846713, 0,8, 0
0.10111088937670458, 0.0, 0.9116167084157132, 0.5753020891107561, 0,8, 0
0.10111088937670458, 0.0, 0.9116167084157132, 0.5820469419937343, 1,3, 0
0.10111088937670458, 0.0, 0.9116167084157132, 0.5829750623055717, 0,7, 0
0.10111088937670458, 0.0, 0.9116167084157132, 0.5809272656923263, 0,8, 0
0.10111088937670458, 0.0, 0.9116167084157132, 0.5827099522170767, 0,8, 0
0.10111088937670458, 0.0, 0.9116167084157132, 0.5811755367278897, 0,9, 0
0.10111088937670458, 0.0, 0.9116167084157132, 0.5794341090404643, 0,3, 0
0.10111088937670458, 0.0, 0.9116167084157132, 0.5820256093677404, 0,7, 0
0.10111088937670458, 0.0, 0.9116167084157132, 0.5824535622794859, 0,7, 0
0.10111088937670458, 0.0, 0.9116167084157132, 0.5810776303369231, 0,11, 0
0.10111088937670458, 0.0, 0.9116167084157132, 0.5766650650405586, 0,7, 0
0.10111088937670458, 0.0, 0.9116167084157132, 0.581143712981186, 0,7, 0
0.10111088937670458, 0.0, 0.9116167084157132, 0.5772928427775765, 0,8, 0
0.10111088937670458, 0.0, 0.9116167084157132, 0.5839883737153355, 0,6, 0
0.10111088937670458, 0.0, 0.9116167084157132, 0.5814955433135781, 1,7, 0
0.10111088937670458, 0.0, 0.9116167084157132, 0.5812036816581635, 0,8, 0
0.10111088937670458, 0.0, 0.9116167084157132, 0.5809995873147237, 0,9, 0
0.10111088937670458, 0.0, 0.9116167084157132, 0.5809116578825874, 1,7, 1
0.10111088937670458, 0.0, 0.9116167084157132, 0.5844387797220808, 0,7, 0
0.10111088937670458, 0.0, 0.9116167084157132, 0.5828042547170924, 0,4, 0
0.10111088937670458, 0.0, 0.9116167084157132, 0.5810514330751889, 1,8, 0
0.10031264551320429, 0.0, 0.8817123114680165, 0.47165397770238743, 0,0, 0
0.09991352358145414, 0.0, 0.9273376082964652, 0.5871305051517612, 0,0, 0
0.15153329342114016, 0.0, 0.8950892741704004, 0.3405605327832547, 0,0, 0
0.0996474422936207, 0.0, 0.9424463317291131, 0.5922213082297968, 0,7, 0
0.10051220647907935, 0.0, 0.8777699163158681, 0.5745917912688423, 0,8, 0
0.09991352358145414, 0.0, 0.9273376082964652, 0.5870878967756308, 0,3, 0
0.10111088937670458, 0.0, 0.9116167084157132, 0.5804949400476924, 0,10, 0
0.10111088937670458, 0.0, 0.9116167084157132, 0.5803631062110582, 0,7, 0
0.09878267810816205, 0.0, 0.9000015148416551, 0.5766993928899915, 0,5, 0
0.09878267810816205, 0.0, 0.9000015148416551, 0.576633873975287, 0,4, 0
0.10111088937670458, 0.0, 0.9116167084157132, 0.5808230905261014, 0,7, 0
0.10111088937670458, 0.0, 0.9116167084157132, 0.5786790394157473, 1,7, 1
0.10111088937670458, 0.0, 0.9116167084157132, 0.5800299005085041, 0,7, 0
0.10111088937670458, 0.0, 0.9116167084157132, 0.5843408375342993, 0,7, 0
0.10111088937670458, 0.0, 0.9116167084157132, 0.5830237398797048, 0,8, 0
0.10111088937670458, 0.0, 0.9116167084157132, 0.5765089829597545, 0,6, 0
0.10111088937670458, 0.0, 0.9116167084157132, 0.5813405838856007, 0,5, 0
0.10111088937670458, 0.0, 0.9116167084157132, 0.5795903127318667, 0,5, 0
0.10111088937670458, 0.0, 0.9116167084157132, 0.5784373407781952, 1,7, 1
0.10111088937670458, 0.0, 0.9116167084157132, 0.581154703914254, 0,6, 0
0.10111088937670458, 0.0, 0.9116167084157132, 0.5816949055000971, 0,4, 0
0.10111088937670458, 0.0, 0.9116167084157132, 0.5790759372044882, 0,5, 0
0.10111088937670458, 0.0, 0.9116167084157132, 0.5806262515584453, 0,5, 0
0.10111088937670458, 0.0, 0.9116167084157132, 0.5794491113171324, 0,4, 0
0.10111088937670458, 0.0, 0.9116167084157132, 0.5831138203926236, 0,5, 0
0.10111088937670458, 0.0, 0.9116167084157132, 0.5830245728930763, 0,7, 0
0.10111088937670458, 0.0, 0.9116167084157132, 0.5805823959320989, 0,5, 0
0.10111088937670458, 0.0, 0.9116167084157132, 0.5786361319043193, 0,3, 0
0.10111088937670458, 0.0, 0.9116167084157132, 0.5819231775685997, 0,5, 0
0.10111088937670458, 0.0, 0.9116167084157132, 0.5843065981841599, 0,4, 0
0.10111088937670458, 0.0, 0.9116167084157132, 0.5799131130555254, 0,3, 0
0.10111088937670458, 0.0, 0.9116167084157132, 0.5791396368480608, 0,5, 0
0.10111088937670458, 0.0, 0.9116167084157132, 0.579879253478135, 0,8, 0
0.10111088937670458, 0.0, 0.9116167084157132, 0.5822614408816327, 0,4, 0
0.10111088937670458, 0.0, 0.9116167084157132, 0.5814477794464566, 0,8, 0
0.10111088937670458, 0.0, 0.9116167084157132, 0.5819112370033245, 0,8, 0
0.10111088937670458, 0.0, 0.9116167084157132, 0.5860320530625048, 0,4, 0
0.10111088937670458, 0.0, 0.9116167084157132, 0.5832886805434238, 0,5, 0
0.10111088937670458, 0.0, 0.9116167084157132, 0.5798591095525609, 0,4, 0
0.10111088937670458, 0.0, 0.9116167084157132, 0.5905037759324574, 0,6, 0
0.10111088937670458, 0.0, 0.9116167084157132, 0.5801523609700054, 0,7, 0
0.06924765515865097, 0.0, 0.9397452743354162, 0.3235549747282299, 0,5, 0
0.09878267810816205, 0.0, 0.9000015148416551, 0.5812151075489435, 0,6, 0
0.1072972793188319, 0.0, 0.9061222003489263, 0.39650962370887854, 0,3, 0
0.09904875939599547, 0.0, 0.8938837418790088, 0.5719015265601238, 0,2, 0
0.09878267810816205, 0.0, 0.9000015148416551, 0.5836373321081125, 0,4, 0
0.09359409299541009, 0.0, 0.9078721241685578, 0.45332808730735713, 0,6, 0
0.10250781613783011, 0.0, 0.9092716036875527, 0.485761145232165, 0,8, 0
0.10024612519124593, 0.0, 0.88033626681359, 0.564734407745714, 0,9, 0
0.09991352358145414, 0.0, 0.9273376082964652, 0.5893150176471423, 0,6, 0
0.09991352358145414, 0.0, 0.9273376082964652, 0.5902340337194415, 0,4, 0
0.09878267810816205, 0.0, 0.9000015148416551, 0.5782127827297566, 0,8, 0
0.0996474422936207, 0.0, 0.8933411818377571, 0.5738588936090351, 0,7, 0
0.0996474422936207, 0.0, 0.9424463317291131, 0.5900531214549074, 0,7, 0
0.09904875939599547, 0.0, 0.8938837418790088, 0.5714718865242755, 0,5, 0
0.09904875939599547, 0.0, 0.8938837418790088, 0.5696815723991917, 0,7, 0
0.09878267810816205, 0.0, 0.9000015148416551, 0.5790868684579685, 0,6, 0
0.09878267810816205, 0.0, 0.9000015148416551, 0.5822506635749676, 0,5, 0
0.09991352358145414, 0.0, 0.9273376082964652, 0.5884508185295169, 0,3, 0
0.09991352358145414, 0.0, 0.9273376082964652, 0.5875120579208791, 0,5, 0
0.09991352358145414, 0.0, 0.9273376082964652, 0.5887772512303381, 0,4, 0
0.09991352358145414, 0.0, 0.9273376082964652, 0.5903706172600264, 0,8, 0
0.09991352358145414, 0.0, 0.9273376082964652, 0.5918065702222236, 0,9, 0
0.09991352358145414, 0.0, 0.9273376082964652, 0.590793167389849, 0,5, 0
0.10111088937670458, 0.0, 0.9116167084157132, 0.5844452757741535, 0,4, 0
0.10111088937670458, 0.0, 0.9116167084157132, 0.5789277906100558, 0,3, 0
0.10111088937670458, 0.0, 0.9116167084157132, 0.5813964112958727, 1,7, 0
0.10111088937670458, 0.0, 0.9116167084157132, 0.5782772802166568, 1,6, 0
0.0996474422936207, 0.0, 0.9424463317291131, 0.587817606415997, 0,4, 0
0.09904875939599547, 0.0, 0.8938837418790088, 0.5745505383584887, 0,4, 0
0.0996474422936207, 0.0, 0.9424463317291131, 0.5961047084806745, 0,7, 0
0.0996474422936207, 0.0, 0.9424463317291131, 0.5934553965133634, 0,4, 0
0.09904875939599547, 0.0, 0.8938837418790088, 0.5720904255080639, 0,4, 0
0.0996474422936207, 0.0, 0.9424463317291131, 0.5894989555681069, 1,6, 0
0.09778487327878667, 0.0, 0.8954076151426331, 0.5609345132658806, 0,6, 0
0.09904875939599547, 0.0, 0.8938837418790088, 0.575589004876443, 0,6, 0
0.0996474422936207, 0.0, 0.9424463317291131, 0.5870620178119342, 1,7, 0
0.09978048293753741, 0.0, 0.9422440533184435, 0.5880537277310056, 0,6, 0
0.10131045034257966, 0.0, 0.8908521512539377, 0.545394887582511, 0,5, 0
0.09904875939599547, 0.0, 0.8938837418790088, 0.5748453854764475, 1,5, 0
0.0996474422936207, 0.0, 0.9424463317291131, 0.5876007156035535, 0,6, 0
0.0996474422936207, 0.0, 0.9424463317291131, 0.5893832458078184, 1,7, 0
0.09904875939599547, 0.0, 0.8938837418790088, 0.5785256472262226, 0,8, 0
0.09904875939599547, 0.0, 0.8938837418790088, 0.5744266804649621, 1,3, 0
0.09904875939599547, 0.0, 0.8938837418790088, 0.5738716195976522, 0,7, 0
0.09904875939599547, 0.0, 0.8938837418790088, 0.5750027354003325, 0,7, 0
0.09904875939599547, 0.0, 0.8938837418790088, 0.5758695682630787, 0,4, 0
0.09904875939599547, 0.0, 0.8938837418790088, 0.5741503895881604, 0,6, 0
0.09991352358145414, 0.0, 0.9273376082964652, 0.5891578561244056, 0,7, 0
0.10177609259628817, 0.0, 0.9255182581421999, 0.5373212025376476, 0,6, 0
0.09991352358145414, 0.0, 0.9273376082964652, 0.5912241264350042, 0,7, 0
0.09991352358145414, 0.0, 0.9273376082964652, 0.5901588893607292, 0,7, 0
0.09991352358145414, 0.0, 0.9272538502977522, 0.5906822369777338, 0,5, 0
0.09991352358145414, 0.0, 0.9273376082964652, 0.5864783837427104, 0,6, 0
0.09991352358145414, 0.0, 0.9273376082964652, 0.5906054353212614, 0,3, 0
0.09991352358145414, 0.0, 0.9272880053227456, 0.588361334733059, 0,9, 0
0.09991352358145414, 0.0, 0.9273376082964652, 0.5916563907468493, 1,5, 0
0.09991352358145414, 0.0, 0.9273376082964652, 0.591218920270409, 0,7, 0
0.09991352358145414, 0.0, 0.9273376082964652, 0.5902353925624267, 1,5, 0
0.09904875939599547, 0.0, 0.8938837418790088, 0.5726767307290611, 0,3, 0
0.0996474422936207, 0.0, 0.9424463317291131, 0.5892972125092334, 0,6, 0
0.10836160447016563, 0.0, 0.8921704768732954, 0.28092798334287095, 0,0, 0
0.12233087208142088, 0.0, 0.8873289396044922, 0.3875207979413578, 0,0, 0
0.11661012439300206, 0.0, 0.8736167156155413, 0.4536262572121645, 0,0, 0
0.10017960486928756, 0.0, 0.8835487229879121, 0.5737585304178537, 0,5, 0
0.10017960486928756, 0.0, 0.8835487229879121, 0.575476037707853, 0,8, 0
0.10097784873278787, 0.0, 0.8896953824485279, 0.5750762983449097, 0,4, 0
0.09878267810816205, 0.0, 0.9000015148416551, 0.5820882550074363, 0,6, 0
0.09878267810816205, 0.0, 0.9000015148416551, 0.5816005584755642, 0,3, 0
0.09878267810816205, 0.0, 0.9000015148416551, 0.5817944580948826, 0,9, 0
0.09878267810816205, 0.0, 0.9000015148416551, 0.5827580645797843, 0,9, 0
0.09878267810816205, 0.0, 0.9000015148416551, 0.5807802022201475, 0,7, 0
0.09878267810816205, 0.0, 0.9000015148416551, 0.5753611421197222, 0,8, 0
0.09878267810816205, 0.0, 0.9000015148416551, 0.5806400851303937, 0,7, 0
0.09878267810816205, 0.0, 0.9000015148416551, 0.5846036082188241, 0,4, 0
0.09878267810816205, 0.0, 0.9000015148416551, 0.5812443417324977, 0,7, 0
0.09878267810816205, 0.0, 0.9000015148416551, 0.5807511440173286, 0,6, 0
0.09878267810816205, 0.0, 0.9000015148416551, 0.5796741081053729, 0,7, 0
0.09878267810816205, 0.0, 0.9000015148416551, 0.5836664836657536, 0,11, 0
0.09878267810816205, 0.0, 0.9000015148416551, 0.5808153762372998, 0,6, 0
0.09878267810816205, 0.0, 0.9000015148416551, 0.5822343489453923, 0,10, 0
0.09878267810816205, 0.0, 0.9000015148416551, 0.5770500874027216, 0,6, 0
0.09878267810816205, 0.0, 0.9000015148416551, 0.5818065209608225, 0,6, 0
0.09878267810816205, 0.0, 0.9000015148416551, 0.5814951079288406, 0,7, 0
0.09878267810816205, 0.0, 0.9000015148416551, 0.5778202727506506, 0,5, 0
0.09878267810816205, 0.0, 0.9000015148416551, 0.5777861079198066, 0,5, 0
0.09878267810816205, 0.0, 0.9000015148416551, 0.5829533506246628, 0,7, 0
0.09991352358145414, 0.0, 0.9273376082964652, 0.590015386066999, 0,5, 0
0.09878267810816205, 0.0, 0.9000015148416551, 0.581853531118415, 0,7, 0
0.09991352358145414, 0.0, 0.9273376082964652, 0.5923152986257539, 0,6, 0
0.0996474422936207, 0.0, 0.9424463317291131, 0.5913893974064793, 0,7, 0
0.09904875939599547, 0.0, 0.8938837418790088, 0.5763099237867835, 0,8, 0
0.09878267810816205, 0.0, 0.9000015148416551, 0.5824271846303384, 0,12, 0
0.10024612519124593, 0.0, 0.88033626681359, 0.5641622466533796, 0,9, 0
0.09958092197166234, 0.0, 0.8933638062721464, 0.5828611090041822, 0,9, 0
0.10111088937670458, 0.0, 0.9116167084157132, 0.5770018591348913, 0,7, 0
0.10017960486928756, 0.0, 0.8835487229879121, 0.5739617247450424, 0,9, 0
0.09991352358145414, 0.0, 0.9273376082964652, 0.5902273079752782, 1,6, 0
0.0996474422936207, 0.0, 0.9424463317291131, 0.5897224199177917, 0,4, 0
0.10117740969866294, 0.0, 0.8870979892302705, 0.3934948570446094, 0,7, 0
0.09904875939599547, 0.0, 0.8938837418790088, 0.5716062650433826, 0,7, 0
0.09904875939599547, 0.0, 0.8938837418790088, 0.5768340123220037, 0,5, 0
0.09904875939599547, 0.0, 0.8938837418790088, 0.5777807951492422, 0,9, 0
0.09904875939599547, 0.0, 0.8938837418790088, 0.5740432095881163, 1,8, 1
0.09904875939599547, 0.0, 0.8938837418790088, 0.5710870376516101, 0,7, 0
0.09904875939599547, 0.0, 0.8938837418790088, 0.5727305214874876, 0,8, 0
0.09991352358145414, 0.0, 0.9273376082964652, 0.5915799917521339, 1,8, 0
0.09991352358145414, 0.0, 0.9273376082964652, 0.5905501923218032, 1,7, 0
0.09991352358145414, 0.0, 0.9273376082964652, 0.5904791373857644, 0,6, 0
0.09991352358145414, 0.0, 0.9273376082964652, 0.5894026743525962, 0,5, 0
0.10556775094791458, 0.0, 0.9315834259022155, 0.4594673643682296, 0,9, 0
0.09904875939599547, 0.0, 0.8938837418790088, 0.5739816199207521, 0,5, 0
0.09904875939599547, 0.0, 0.8938837418790088, 0.571844439181541, 0,7, 0
0.09904875939599547, 0.0, 0.8938837418790088, 0.5775548948367194, 1,5, 0
0.09991352358145414, 0.0, 0.9273376082964652, 0.6001272316279039, 0,6, 0
0.09991352358145414, 0.0, 0.9273376082964652, 0.5905024201456018, 1,8, 0
0.09991352358145414, 0.0, 0.9273376082964652, 0.5925578813815306, 0,7, 0
0.09991352358145414, 0.0, 0.9273376082964652, 0.5898983992621283, 0,8, 0
0.09991352358145414, 0.0, 0.9273376082964652, 0.5909302424721486, 1,5, 0
0.09904875939599547, 0.0, 0.8938837418790088, 0.5802130446886459, 0,5, 0
0.09904875939599547, 0.0, 0.8938837418790088, 0.5764475214301276, 1,7, 1
0.09991352358145414, 0.0, 0.9273376082964652, 0.5923107621035864, 0,9, 0
0.0996474422936207, 0.0, 0.9424463317291131, 0.5909141692890296, 1,8, 0
0.09904875939599547, 0.0, 0.8938837418790088, 0.5732824107622131, 0,6, 0
0.09904875939599547, 0.0, 0.8938837418790088, 0.5715669981529605, 1,7, 0
0.09904875939599547, 0.0, 0.8938837418790088, 0.5739281480541516, 0,8, 0
0.09904875939599547, 0.0, 0.8938837418790088, 0.5742137700736988, 0,6, 0
0.10051220647907935, 0.0, 0.8777699163158681, 0.5761816534504887, 1,8, 0
0.09991352358145414, 0.0, 0.9273376082964652, 0.588775184398697, 0,10, 0
0.0996474422936207, 0.0, 0.9424463317291131, 0.5861157386164435, 0,4, 0
0.09991352358145414, 0.0, 0.9273376082964652, 0.5911204423938063, 0,7, 0
0.09904875939599547, 0.0, 0.8938837418790088, 0.5717020978311671, 0,7, 0
0.09904875939599547, 0.0, 0.8938837418790088, 0.5753570330955637, 0,10, 0
0.09904875939599547, 0.0, 0.8938837418790088, 0.5765335058481096, 1,5, 0
0.09904875939599547, 0.0, 0.8938837418790088, 0.5766761619374613, 0,4, 0
0.09991352358145414, 0.0, 0.9273376082964652, 0.5892021061924909, 0,7, 0
0.0996474422936207, 0.0, 0.9424463317291131, 0.5873748141262519, 0,5, 0
0.0996474422936207, 0.0, 0.9424463317291131, 0.5867986652581235, 1,8, 0
0.0996474422936207, 0.0, 0.9424463317291131, 0.5884287554907508, 0,7, 0
0.0996474422936207, 0.0, 0.9424463317291131, 0.5872743269686768, 0,8, 0
0.0996474422936207, 0.0, 0.9424463317291131, 0.5868803405713954, 0,8, 0
0.09904875939599547, 0.0, 0.8938837418790088, 0.5705736143108608, 1,8, 1
0.0996474422936207, 0.0, 0.9424463317291131, 0.5899822807566395, 0,4, 0
0.09991352358145414, 0.0, 0.9273376082964652, 0.5901429845110403, 0,4, 0
0.09991352358145414, 0.0, 0.9273376082964652, 0.5907268262503813, 0,6, 0
0.09991352358145414, 0.0, 0.9273376082964652, 0.5935670677804553, 1,9, 0
0.09991352358145414, 0.0, 0.9273376082964652, 0.587786130822815, 0,6, 0
0.09991352358145414, 0.0, 0.9273376082964652, 0.589369083347425, 0,6, 0
0.10051220647907935, 0.0, 0.8777699163158681, 0.5747664750348092, 0,6, 0
0.0996474422936207, 0.0, 0.9424463317291131, 0.5890931606902927, 0,8, 0
0.10051220647907935, 0.0, 0.8777699163158681, 0.5752551150301541, 0,6, 0
0.09991352358145414, 0.0, 0.9273376082964652, 0.5896665453299025, 0,7, 0
0.10051220647907935, 0.0, 0.8777699163158681, 0.5766953285612153, 0,9, 0
0.10004656422537085, 0.0, 0.8792071939210864, 0.5726858739644545, 1,7, 0
0.0996474422936207, 0.0, 0.9424463317291131, 0.5868583449477234, 0,5, 0
0.0996474422936207, 0.0, 0.9424463317291131, 0.5909331590912238, 0,9, 0
0.0996474422936207, 0.0, 0.9424463317291131, 0.5886059023211391, 0,6, 0
0.0996474422936207, 0.0, 0.9424463317291131, 0.5943181516148818, 0,5, 0
0.09904875939599547, 0.0, 0.8938837418790088, 0.5731311052224725, 0,3, 0
0.0996474422936207, 0.0, 0.9424463317291131, 0.5903107913625083, 0,10, 0
0.0996474422936207, 0.0, 0.9424463317291131, 0.5931607437471453, 0,7, 0
0.0996474422936207, 0.0, 0.9424463317291131, 0.5912925817434054, 1,9, 0
0.10403778354287235, 0.0, 0.8956375096706843, 0.32365040281498353, 0,0, 0
0.11434843344641787, 0.0, 0.8864482486711922, 0.4056305526296352, 0,0, 0
0.10450342579658085, 0.0, 0.887318252790118, 0.46099085672550216, 0,0, 0
0.09878267810816205, 0.0, 0.9000015148416551, 0.5817692522284305, 0,9, 0
0.09991352358145414, 0.0, 0.9273376082964652, 0.5887590091609688, 0,7, 0
0.09991352358145414, 0.0, 0.9273376082964652, 0.5880490561007711, 0,2, 0
0.09958092197166234, 0.0, 0.8933638062721464, 0.5823719077616393, 0,5, 0
0.09958092197166234, 0.0, 0.8933638062721464, 0.5780544957152094, 0,5, 0
0.09958092197166234, 0.0, 0.8933638062721464, 0.5845853123792746, 0,5, 0
0.09958092197166234, 0.0, 0.8933638062721464, 0.5763279567927048, 1,6, 0
0.09958092197166234, 0.0, 0.8933638062721464, 0.5798904996351782, 1,10, 0
0.09958092197166234, 0.0, 0.8933638062721464, 0.5764381119316664, 0,6, 0
0.09958092197166234, 0.0, 0.8933638062721464, 0.5769824654507842, 0,8, 0
0.09958092197166234, 0.0, 0.8933638062721464, 0.5832501519181611, 0,6, 0
0.09958092197166234, 0.0, 0.8933638062721464, 0.5815815709613052, 0,8, 0
0.09958092197166234, 0.0, 0.8933638062721464, 0.5812869018029755, 0,6, 0
0.09958092197166234, 0.0, 0.8933638062721464, 0.5808222580841191, 1,4, 0
0.09958092197166234, 0.0, 0.8933638062721464, 0.5756243669723851, 0,9, 0
0.09958092197166234, 0.0, 0.8933638062721464, 0.5748554708209638, 0,6, 0
0.09958092197166234, 0.0, 0.8933638062721464, 0.577867279796359, 0,6, 0
0.09958092197166234, 0.0, 0.8933638062721464, 0.5816080082917814, 0,8, 0
0.09958092197166234, 0.0, 0.8933638062721464, 0.575068156505441, 0,6, 0
0.09958092197166234, 0.0, 0.8933638062721464, 0.5790317147134806, 0,4, 0
0.09958092197166234, 0.0, 0.8933638062721464, 0.5845691646399215, 0,7, 0
0.09958092197166234, 0.0, 0.8933638062721464, 0.5769468381243957, 0,5, 0
0.09958092197166234, 0.0, 0.8933638062721464, 0.5760598184153689, 0,5, 0
0.09958092197166234, 0.0, 0.8933638062721464, 0.5785317098774478, 0,4, 0
0.09958092197166234, 0.0, 0.8933638062721464, 0.5796007381004514, 0,7, 0
0.09958092197166234, 0.0, 0.8933638062721464, 0.5844366136821479, 0,8, 0
0.09958092197166234, 0.0, 0.8933638062721464, 0.5774785419516326, 0,4, 0
0.09958092197166234, 0.0, 0.8933638062721464, 0.5754952508578025, 0,9, 0
0.09958092197166234, 0.0, 0.8933638062721464, 0.574792781539795, 0,7, 0
0.0996474422936207, 0.0, 0.9424463317291131, 0.5860118924029836, 0,6, 0
0.0996474422936207, 0.0, 0.9424463317291131, 0.5932978782218814, 0,10, 0
0.09958092197166234, 0.0, 0.8933638062721464, 0.5787424560436292, 0,8, 0
0.09958092197166234, 0.0, 0.8933638062721464, 0.578787555817442, 0,3, 0
0.10097784873278787, 0.0, 0.8896953824485279, 0.572608885010537, 0,4, 0
0.09878267810816205, 0.0, 0.9000015148416551, 0.5822743277944377, 0,3, 0
0.09878267810816205, 0.0, 0.9000015148416551, 0.5851539817520601, 0,6, 0
0.10017960486928756, 0.0, 0.8835487229879121, 0.5734136105580796, 0,4, 0
0.10051220647907935, 0.0, 0.8777699163158681, 0.5758255221732635, 0,6, 0
0.09958092197166234, 0.0, 0.8933638062721464, 0.5800174880682017, 0,8, 0
0.09958092197166234, 0.0, 0.8933638062721464, 0.5792675875424961, 0,6, 0
0.09991352358145414, 0.0, 0.9273376082964652, 0.5902015578123857, 0,5, 0
0.10024612519124593, 0.0, 0.88033626681359, 0.5653877320404144, 0,4, 0
0.09991352358145414, 0.0, 0.9273376082964652, 0.5869318629512277, 0,7, 0
0.09991352358145414, 0.0, 0.9273376082964652, 0.5887254993283133, 0,8, 0
0.09991352358145414, 0.0, 0.9273376082964652, 0.5899446732022887, 0,5, 0
0.09991352358145414, 0.0, 0.9273376082964652, 0.5916278998956974, 1,8, 0
0.09991352358145414, 0.0, 0.9273376082964652, 0.5868386485153448, 0,3, 0
0.09991352358145414, 0.0, 0.9273376082964652, 0.5886292472135315, 0,6, 0
0.09991352358145414, 0.0, 0.9273376082964652, 0.5903614774417124, 0,3, 0
0.09991352358145414, 0.0, 0.9273376082964652, 0.5891689439622023, 0,7, 0
0.09991352358145414, 0.0, 0.9273376082964652, 0.5922248817998, 1,8, 0
0.09991352358145414, 0.0, 0.9273376082964652, 0.5858009738614375, 1,8, 1
0.09991352358145414, 0.0, 0.9273376082964652, 0.5931659172026074, 1,5, 0
0.09991352358145414, 0.0, 0.9273376082964652, 0.5875771996787394, 1,5, 0
