acuracia,loss,frr,fpr, removed, n_clf, tp_removed
0.09825051553249518, 0.0, 0.8944041643372586, 0.40467750686587217, 0,0, 0
0.09958092197166234, 0.0, 0.8933638062721464, 0.5788335072305568, 0,0, 0
0.14567950508880462, 0.0, 0.8451758279644449, 0.3902729922803387, 0,0, 0
0.09958092197166234, 0.0, 0.8933638062721464, 0.5775551675790628, 10,11, 10
0.10097784873278787, 0.0, 0.8896953824485279, 0.5734637598078612, 0,8, 0
0.09878267810816205, 0.0, 0.9000015148416551, 0.5818503041844845, 0,5, 0
0.0996474422936207, 0.0, 0.9424463317291131, 0.5872804809473142, 3,4, 3
0.10111088937670458, 0.0, 0.9116167084157132, 0.5812058606686156, 4,6, 4
0.10111088937670458, 0.0, 0.9116167084157132, 0.5799751854659602, 3,9, 3
0.10111088937670458, 0.0, 0.9116167084157132, 0.5814663298643816, 1,6, 1
0.10111088937670458, 0.0, 0.9116167084157132, 0.5808893384856415, 4,7, 4
0.10111088937670458, 0.0, 0.9116167084157132, 0.5800015219168436, 4,7, 4
0.10111088937670458, 0.0, 0.9116167084157132, 0.5784648896782901, 3,8, 3
0.09991352358145414, 0.0, 0.9273376082964652, 0.5890152407148644, 0,0, 0
0.09991352358145414, 0.0, 0.9273376082964652, 0.5922168082191681, 4,4, 4
0.10111088937670458, 0.0, 0.9116167084157132, 0.5813418213986195, 3,5, 3
0.10111088937670458, 0.0, 0.9116167084157132, 0.5784079263886892, 0,6, 0
0.10111088937670458, 0.0, 0.9116167084157132, 0.580197118754072, 5,10, 5
0.09991352358145414, 0.0, 0.9273376082964652, 0.5918392433545633, 3,4, 3
0.10111088937670458, 0.0, 0.9116167084157132, 0.5832364991975032, 4,10, 4
0.10111088937670458, 0.0, 0.9116167084157132, 0.5819893063347099, 2,6, 2
0.10111088937670458, 0.0, 0.9116167084157132, 0.5827960510674004, 5,9, 5
0.10111088937670458, 0.0, 0.9116167084157132, 0.5791750863198388, 2,8, 2
0.10111088937670458, 0.0, 0.9116167084157132, 0.5802340956400008, 6,9, 6
0.10111088937670458, 0.0, 0.9116167084157132, 0.5789748220959877, 6,9, 6
0.10111088937670458, 0.0, 0.9116167084157132, 0.5810574610561826, 3,5, 3
0.10111088937670458, 0.0, 0.9116167084157132, 0.5811642593626826, 1,3, 1
0.10111088937670458, 0.0, 0.9116167084157132, 0.5829751701871582, 2,4, 2
0.10111088937670458, 0.0, 0.9116167084157132, 0.5815824776490581, 2,10, 2
0.10111088937670458, 0.0, 0.9116167084157132, 0.5838047936235359, 6,9, 6
0.10111088937670458, 0.0, 0.9116167084157132, 0.5806957957950756, 2,8, 2
0.10097784873278787, 0.0, 0.8896953824485279, 0.5695869973031905, 6,8, 6
0.10097784873278787, 0.0, 0.8896953824485279, 0.5769517359258971, 6,9, 6
0.09991352358145414, 0.0, 0.9273376082964652, 0.5890741098067798, 5,9, 5
0.09991352358145414, 0.0, 0.9273376082964652, 0.5886668520231404, 1,2, 1
0.09991352358145414, 0.0, 0.9273376082964652, 0.5917994249045586, 3,6, 3
0.09991352358145414, 0.0, 0.9273376082964652, 0.5859612832911428, 4,9, 4
0.0996474422936207, 0.0, 0.9424463317291131, 0.5858347437710589, 2,6, 2
0.10097784873278787, 0.0, 0.8896953824485279, 0.5765067391104836, 4,10, 4
0.09991352358145414, 0.0, 0.9273376082964652, 0.5872974165090918, 3,5, 3
0.10097784873278787, 0.0, 0.8896953824485279, 0.5725388679802534, 2,8, 2
0.10097784873278787, 0.0, 0.8896953824485279, 0.5702497198456797, 5,7, 5
0.10097784873278787, 0.0, 0.8896953824485279, 0.5729522536843763, 3,6, 3
0.10097784873278787, 0.0, 0.8896953824485279, 0.5768909817001192, 2,6, 2
0.10097784873278787, 0.0, 0.8896953824485279, 0.5747137454498887, 8,10, 8
0.10097784873278787, 0.0, 0.8896953824485279, 0.5709095079995654, 3,6, 3
0.10097784873278787, 0.0, 0.8896953824485279, 0.5724172660906038, 2,6, 2
0.09991352358145414, 0.0, 0.9273376082964652, 0.5917827170098412, 4,4, 4
0.10097784873278787, 0.0, 0.8896953824485279, 0.5742696757168617, 6,8, 6
0.10097784873278787, 0.0, 0.8896953824485279, 0.5744586579905243, 2,7, 2
0.10097784873278787, 0.0, 0.8896953824485279, 0.5716608815446308, 3,5, 3
0.10097784873278787, 0.0, 0.8896953824485279, 0.5716443773484977, 2,5, 2
0.10097784873278787, 0.0, 0.8896953824485279, 0.5730369251124765, 1,6, 1
0.10097784873278787, 0.0, 0.8896953824485279, 0.574127508224668, 3,6, 3
0.10097784873278787, 0.0, 0.8896953824485279, 0.5736809359283543, 3,5, 3
0.10097784873278787, 0.0, 0.8896953824485279, 0.5726769577461844, 5,11, 5
0.10097784873278787, 0.0, 0.8896953824485279, 0.572346321822484, 2,5, 2
0.10097784873278787, 0.0, 0.8896953824485279, 0.5683811263580266, 3,7, 3
0.10097784873278787, 0.0, 0.8896953824485279, 0.5749561060764652, 0,8, 0
0.09991352358145414, 0.0, 0.9273376082964652, 0.5880164433547291, 1,2, 1
0.10097784873278787, 0.0, 0.8896953824485279, 0.5715068777262615, 3,6, 3
0.0996474422936207, 0.0, 0.9424463317291131, 0.5892239063848825, 5,5, 5
0.10097784873278787, 0.0, 0.8896953824485279, 0.5767943754972479, 4,7, 4
0.10097784873278787, 0.0, 0.8896953824485279, 0.5730563140374411, 4,9, 4
0.10097784873278787, 0.0, 0.8896953824485279, 0.5720488142081942, 4,7, 4
0.10097784873278787, 0.0, 0.8896953824485279, 0.576125055979658, 4,8, 4
0.0996474422936207, 0.0, 0.9424463317291131, 0.5906305632238013, 6,7, 6
0.10097784873278787, 0.0, 0.8896953824485279, 0.5733936134014295, 2,4, 2
0.10097784873278787, 0.0, 0.8896953824485279, 0.572323329947349, 1,8, 1
0.10097784873278787, 0.0, 0.8896953824485279, 0.5731456524925785, 4,8, 4
0.10097784873278787, 0.0, 0.8896953824485279, 0.5719201338730757, 3,9, 3
0.10097784873278787, 0.0, 0.8896953824485279, 0.5741979811617438, 3,4, 3
0.10097784873278787, 0.0, 0.8896953824485279, 0.5711778266636354, 5,7, 5
0.10097784873278787, 0.0, 0.8896953824485279, 0.5769339223601812, 3,8, 3
0.10097784873278787, 0.0, 0.8896953824485279, 0.5740537265687653, 4,5, 4
0.10097784873278787, 0.0, 0.8896953824485279, 0.5756204450913148, 3,4, 3
0.10097784873278787, 0.0, 0.8896953824485279, 0.5738586155654746, 5,7, 5
0.10097784873278787, 0.0, 0.8896953824485279, 0.575952776435412, 4,9, 4
0.10097784873278787, 0.0, 0.8896953824485279, 0.5753913150978238, 1,4, 1
0.10097784873278787, 0.0, 0.8896953824485279, 0.57090506603451, 3,5, 3
0.10097784873278787, 0.0, 0.8896953824485279, 0.5751944243231901, 5,8, 5
0.10097784873278787, 0.0, 0.8896953824485279, 0.5720160253615796, 3,6, 3
0.10097784873278787, 0.0, 0.8896953824485279, 0.5702398996075457, 3,8, 3
0.10097784873278787, 0.0, 0.8896953824485279, 0.5765031805806361, 4,5, 4
0.10097784873278787, 0.0, 0.8896953824485279, 0.5695104926991241, 4,6, 4
0.10097784873278787, 0.0, 0.8896953824485279, 0.5748783964259867, 3,6, 3
0.10097784873278787, 0.0, 0.8896953824485279, 0.5706346834573595, 2,4, 2
0.10097784873278787, 0.0, 0.8896953824485279, 0.574249964238511, 6,8, 6
0.10097784873278787, 0.0, 0.8896953824485279, 0.5710276391312502, 4,6, 4
0.10097784873278787, 0.0, 0.8896953824485279, 0.572373022107372, 4,7, 4
0.10097784873278787, 0.0, 0.8896953824485279, 0.5801440990581491, 5,7, 5
0.10097784873278787, 0.0, 0.8896953824485279, 0.5743204747658696, 4,8, 4
0.10097784873278787, 0.0, 0.8896953824485279, 0.5701399950563577, 2,7, 2
0.10097784873278787, 0.0, 0.8896953824485279, 0.576686027251753, 5,6, 5
0.10097784873278787, 0.0, 0.8896953824485279, 0.5718792721842395, 6,8, 6
0.10097784873278787, 0.0, 0.8896953824485279, 0.5725460838158581, 4,6, 4
0.10097784873278787, 0.0, 0.8896953824485279, 0.5702635579725829, 1,3, 1
0.10097784873278787, 0.0, 0.8896953824485279, 0.568110561182145, 5,7, 5
0.10097784873278787, 0.0, 0.8896953824485279, 0.5706022026567286, 2,7, 2
0.10097784873278787, 0.0, 0.8896953824485279, 0.5712424789383247, 7,11, 7
0.09878267810816205, 0.0, 0.9000015148416551, 0.5778673660623087, 5,7, 5
0.09266280848799308, 0.0, 0.9142707797011692, 0.37465699368518324, 0,0, 0
0.12026874210071177, 0.0, 0.9207350232752078, 0.4837790261637414, 0,0, 0
0.10989157187520787, 0.0, 0.9245866763419552, 0.47102543343068765, 0,0, 0
0.09878267810816205, 0.0, 0.9000015148416551, 0.5808633140802549, 3,5, 3
0.09958092197166234, 0.0, 0.8933638062721464, 0.5819848905224604, 4,5, 4
0.0996474422936207, 0.0, 0.9424463317291131, 0.589436185559958, 0,6, 0
0.10051220647907935, 0.0, 0.8777699163158681, 0.5759124873349841, 0,6, 0
0.10051220647907935, 0.0, 0.8777699163158681, 0.5724017325178563, 6,9, 6
0.10097784873278787, 0.0, 0.8896953824485279, 0.5803382143906377, 2,6, 2
0.10097784873278787, 0.0, 0.8896953824485279, 0.5725726857471146, 7,9, 7
0.10097784873278787, 0.0, 0.8896953824485279, 0.5714471116093225, 2,4, 2
0.10017960486928756, 0.0, 0.8835487229879121, 0.5745524768876179, 3,6, 3
0.10017960486928756, 0.0, 0.8835487229879121, 0.5723923895556599, 2,6, 2
0.10017960486928756, 0.0, 0.8835487229879121, 0.5752611714170733, 6,9, 6
0.10024612519124593, 0.0, 0.88033626681359, 0.5620911305561044, 0,9, 0
0.10024612519124593, 0.0, 0.88033626681359, 0.5675342428549142, 2,7, 2
0.0996474422936207, 0.0, 0.9424463317291131, 0.598185725672799, 0,5, 0
0.10051220647907935, 0.0, 0.8777699163158681, 0.571762612521047, 6,6, 6
0.10111088937670458, 0.0, 0.9116167084157132, 0.581348094877918, 10,10, 10
0.10111088937670458, 0.0, 0.9116167084157132, 0.578313420342324, 4,4, 4
0.10111088937670458, 0.0, 0.9116167084157132, 0.5808637947900266, 8,8, 8
0.0996474422936207, 0.0, 0.9424463317291131, 0.5885757299411944, 5,5, 5
0.10051220647907935, 0.0, 0.8777699163158681, 0.5738502117052131, 7,7, 7
0.10051220647907935, 0.0, 0.8777699163158681, 0.5740261837503668, 5,5, 5
0.0996474422936207, 0.0, 0.9424463317291131, 0.5864261653517014, 8,8, 8
0.0996474422936207, 0.0, 0.9424463317291131, 0.5882331109683506, 6,6, 6
0.09904875939599547, 0.0, 0.8938837418790088, 0.5705052171708695, 5,5, 5
0.09904875939599547, 0.0, 0.8938837418790088, 0.5748571664832595, 7,7, 7
0.09904875939599547, 0.0, 0.8938837418790088, 0.5742220501610628, 3,3, 3
0.09904875939599547, 0.0, 0.8938837418790088, 0.5731326417028202, 6,6, 6
0.0996474422936207, 0.0, 0.9424463317291131, 0.5879770237722325, 2,2, 2
0.0996474422936207, 0.0, 0.9424463317291131, 0.5925158454467472, 8,8, 8
0.09904875939599547, 0.0, 0.8938837418790088, 0.5738380721722838, 9,9, 9
0.09904875939599547, 0.0, 0.8938837418790088, 0.5763243294828093, 4,4, 4
0.09904875939599547, 0.0, 0.8938837418790088, 0.5756500610917051, 7,7, 7
0.09904875939599547, 0.0, 0.8938837418790088, 0.5753600227317921, 6,6, 6
0.09904875939599547, 0.0, 0.8938837418790088, 0.5752890221690208, 7,7, 7
0.0996474422936207, 0.0, 0.9424463317291131, 0.5874732647341194, 6,6, 6
0.0996474422936207, 0.0, 0.9424463317291131, 0.5887563973594326, 11,11, 11
0.0996474422936207, 0.0, 0.9424463317291131, 0.5883138934102647, 5,5, 5
0.10111088937670458, 0.0, 0.9116167084157132, 0.5792667209966309, 5,5, 5
0.10051220647907935, 0.0, 0.8777699163158681, 0.5751328988027221, 8,8, 8
0.10111088937670458, 0.0, 0.9116167084157132, 0.5809438359809321, 4,4, 4
0.10111088937670458, 0.0, 0.9116167084157132, 0.5821984198856057, 7,7, 7
0.10111088937670458, 0.0, 0.9116167084157132, 0.5806387241965415, 4,4, 4
0.10051220647907935, 0.0, 0.8777699163158681, 0.5751347365884006, 6,6, 6
0.09904875939599547, 0.0, 0.8938837418790088, 0.5771032741596493, 6,6, 6
0.10051220647907935, 0.0, 0.8777699163158681, 0.5732216350004162, 7,7, 7
0.10051220647907935, 0.0, 0.8777699163158681, 0.5791556111568757, 11,11, 11
0.09904875939599547, 0.0, 0.8938837418790088, 0.5735039685438393, 8,8, 8
0.09904875939599547, 0.0, 0.8938837418790088, 0.5761722749049537, 8,8, 8
0.09904875939599547, 0.0, 0.8938837418790088, 0.5738602826355499, 8,8, 8
0.09904875939599547, 0.0, 0.8938837418790088, 0.5717246343906885, 2,2, 2
0.09904875939599547, 0.0, 0.8938837418790088, 0.5757652114361987, 5,5, 5
0.09904875939599547, 0.0, 0.8938837418790088, 0.5744251410116404, 6,6, 6
0.09904875939599547, 0.0, 0.8938837418790088, 0.5715441955553429, 5,5, 5
0.09904875939599547, 0.0, 0.8938837418790088, 0.5747338643393701, 6,6, 6
0.09904875939599547, 0.0, 0.8938837418790088, 0.5758968747035257, 5,5, 5
0.09904875939599547, 0.0, 0.8938837418790088, 0.5745444983899378, 7,7, 7
0.09904875939599547, 0.0, 0.8938837418790088, 0.5782057870848323, 8,8, 8
0.09904875939599547, 0.0, 0.8938837418790088, 0.5758661808652, 6,6, 6
0.09904875939599547, 0.0, 0.8938837418790088, 0.5748194345060497, 3,3, 3
0.09904875939599547, 0.0, 0.8938837418790088, 0.5723833293575751, 6,6, 6
0.09904875939599547, 0.0, 0.8938837418790088, 0.5773166031451715, 8,8, 8
0.09904875939599547, 0.0, 0.8938837418790088, 0.5752768378033043, 8,8, 8
0.09904875939599547, 0.0, 0.8938837418790088, 0.5800141984851873, 5,5, 5
0.09904875939599547, 0.0, 0.8938837418790088, 0.5732085032243506, 4,4, 4
0.09904875939599547, 0.0, 0.8938837418790088, 0.5768084430119863, 8,8, 8
0.09904875939599547, 0.0, 0.8938837418790088, 0.5710405270552992, 7,7, 7
0.09904875939599547, 0.0, 0.8938837418790088, 0.5769959563317247, 8,8, 8
0.09904875939599547, 0.0, 0.8938837418790088, 0.5729724562948539, 8,8, 8
0.09904875939599547, 0.0, 0.8938837418790088, 0.5773449035403453, 7,7, 7
0.09904875939599547, 0.0, 0.8938837418790088, 0.5730183302903294, 7,7, 7
0.09904875939599547, 0.0, 0.8938837418790088, 0.5778643660816783, 5,5, 5
0.09904875939599547, 0.0, 0.8938837418790088, 0.5757894098502724, 8,8, 8
0.09904875939599547, 0.0, 0.8938837418790088, 0.5779662085126841, 3,3, 3
0.09904875939599547, 0.0, 0.8938837418790088, 0.5761013406656008, 8,8, 8
0.09904875939599547, 0.0, 0.8938837418790088, 0.5739555312015547, 5,5, 5
0.09904875939599547, 0.0, 0.8938837418790088, 0.5761195735085345, 7,7, 7
0.09904875939599547, 0.0, 0.8938837418790088, 0.5727752677750716, 5,5, 5
0.09904875939599547, 0.0, 0.8938837418790088, 0.5708138635437465, 9,9, 9
0.09904875939599547, 0.0, 0.8938837418790088, 0.5741681145456169, 7,7, 7
0.09904875939599547, 0.0, 0.8938837418790088, 0.575146022784195, 6,6, 6
0.09904875939599547, 0.0, 0.8938837418790088, 0.5742727742458057, 6,6, 6
0.09904875939599547, 0.0, 0.8938837418790088, 0.5759381118118329, 6,6, 6
0.09904875939599547, 0.0, 0.8938837418790088, 0.5755532633673798, 8,8, 8
0.09904875939599547, 0.0, 0.8938837418790088, 0.5731371561512205, 8,8, 8
0.09904875939599547, 0.0, 0.8938837418790088, 0.5756407919988713, 7,7, 7
0.09904875939599547, 0.0, 0.8938837418790088, 0.5742343497750844, 8,8, 8
0.09904875939599547, 0.0, 0.8938837418790088, 0.5745650357859698, 6,6, 6
0.09904875939599547, 0.0, 0.8938837418790088, 0.5714432459296972, 4,4, 4
0.09904875939599547, 0.0, 0.8938837418790088, 0.5752568383895046, 7,7, 7
0.09904875939599547, 0.0, 0.8938837418790088, 0.5713812424336411, 8,8, 8
0.09904875939599547, 0.0, 0.8938837418790088, 0.5796559709319477, 7,7, 7
0.09904875939599547, 0.0, 0.8938837418790088, 0.5741491639150644, 11,11, 11
0.09904875939599547, 0.0, 0.8938837418790088, 0.5741817521150292, 7,7, 7
0.09904875939599547, 0.0, 0.8938837418790088, 0.5743786811524113, 6,6, 6
0.09904875939599547, 0.0, 0.8938837418790088, 0.5738123735574494, 9,9, 9
0.09904875939599547, 0.0, 0.8938837418790088, 0.5784893836261726, 4,4, 4
0.09904875939599547, 0.0, 0.8938837418790088, 0.5740365055039403, 8,8, 8
0.09904875939599547, 0.0, 0.8938837418790088, 0.5746010480929962, 7,7, 7
0.10031264551320429, 0.0, 0.8817123114680165, 0.47165397770238743, 0,0, 0
0.09904875939599547, 0.0, 0.8938837418790088, 0.5718543598626756, 0,0, 0
0.09904875939599547, 0.0, 0.8938837418790088, 0.5742546755662765, 0,0, 0
0.09958092197166234, 0.0, 0.8933638062721464, 0.5830122703012559, 7,9, 7
0.10111088937670458, 0.0, 0.9116167084157132, 0.5787948696166412, 0,4, 0
0.10111088937670458, 0.0, 0.9116167084157132, 0.5792598099782196, 3,6, 3
0.10111088937670458, 0.0, 0.9116167084157132, 0.5804949400476924, 3,8, 3
0.09904875939599547, 0.0, 0.8938837418790088, 0.5732276088596623, 0,5, 0
0.0996474422936207, 0.0, 0.9424463317291131, 0.5845015882568516, 3,7, 3
0.0996474422936207, 0.0, 0.9424463317291131, 0.5848178979937372, 1,4, 1
0.0996474422936207, 0.0, 0.9424463317291131, 0.5897143865093681, 2,7, 2
0.0996474422936207, 0.0, 0.9424463317291131, 0.586641379984444, 3,4, 3
0.0996474422936207, 0.0, 0.9424463317291131, 0.5873850800563616, 2,5, 2
0.0996474422936207, 0.0, 0.9424463317291131, 0.5917089133649779, 4,5, 4
0.09904875939599547, 0.0, 0.8938837418790088, 0.5759727015914854, 3,4, 3
0.10051220647907935, 0.0, 0.8777699163158681, 0.571761276783626, 1,5, 1
0.10051220647907935, 0.0, 0.8777699163158681, 0.575325149939809, 6,7, 6
0.10051220647907935, 0.0, 0.8777699163158681, 0.5748099750442579, 2,6, 2
0.10051220647907935, 0.0, 0.8777699163158681, 0.5706337797355258, 5,7, 5
0.10051220647907935, 0.0, 0.8777699163158681, 0.5738636539201333, 2,5, 2
0.10051220647907935, 0.0, 0.8777699163158681, 0.575017471135532, 4,9, 4
0.10051220647907935, 0.0, 0.8777699163158681, 0.5724881256737216, 2,4, 2
0.09904875939599547, 0.0, 0.8938837418790088, 0.5757741288942633, 1,2, 1
0.10051220647907935, 0.0, 0.8777699163158681, 0.5728000645467736, 2,4, 2
0.10051220647907935, 0.0, 0.8777699163158681, 0.576942779218387, 2,4, 2
0.09991352358145414, 0.0, 0.9273376082964652, 0.5925730279729373, 4,5, 4
0.10051220647907935, 0.0, 0.8777699163158681, 0.5786720601547433, 2,6, 2
0.10051220647907935, 0.0, 0.8777699163158681, 0.5730874478229481, 3,7, 3
0.10051220647907935, 0.0, 0.8777699163158681, 0.5749639114045269, 2,4, 2
0.10051220647907935, 0.0, 0.8777699163158681, 0.5771648178423309, 2,8, 2
0.0996474422936207, 0.0, 0.9424463317291131, 0.5896235993201283, 5,5, 5
0.10051220647907935, 0.0, 0.8777699163158681, 0.5728946357728165, 1,3, 1
0.10051220647907935, 0.0, 0.8777699163158681, 0.5747154333983922, 4,9, 4
0.10051220647907935, 0.0, 0.8777699163158681, 0.5756365662603262, 4,6, 4
0.10051220647907935, 0.0, 0.8777699163158681, 0.5755201253859529, 1,4, 1
0.10051220647907935, 0.0, 0.8777699163158681, 0.5755318174970487, 2,4, 2
0.10051220647907935, 0.0, 0.8777699163158681, 0.5828915272267635, 3,7, 3
0.0996474422936207, 0.0, 0.9424463317291131, 0.5920403277210494, 8,8, 8
0.09904875939599547, 0.0, 0.8938837418790088, 0.5744253464162594, 3,4, 3
0.10051220647907935, 0.0, 0.8777699163158681, 0.5850625487450742, 5,8, 5
0.10051220647907935, 0.0, 0.8777699163158681, 0.5745735563781893, 3,5, 3
0.10051220647907935, 0.0, 0.8777699163158681, 0.5747978493714008, 6,8, 6
0.10051220647907935, 0.0, 0.8777699163158681, 0.574163632529834, 2,5, 2
0.09904875939599547, 0.0, 0.8938837418790088, 0.5761116722296835, 1,3, 1
0.10051220647907935, 0.0, 0.8777699163158681, 0.5728341373414333, 6,8, 6
0.10051220647907935, 0.0, 0.8777699163158681, 0.5806854910502248, 5,6, 5
0.10051220647907935, 0.0, 0.8777699163158681, 0.5759847843243271, 4,9, 4
0.10051220647907935, 0.0, 0.8777699163158681, 0.5720948045300017, 3,5, 3
0.10051220647907935, 0.0, 0.8777699163158681, 0.5800310434547837, 4,8, 4
0.10051220647907935, 0.0, 0.8777699163158681, 0.5746474267180796, 3,7, 3
0.10051220647907935, 0.0, 0.8777699163158681, 0.5739308784413073, 5,7, 5
0.10111088937670458, 0.0, 0.9116167084157132, 0.5777968414866431, 0,7, 0
0.10111088937670458, 0.0, 0.9116167084157132, 0.5790941510274407, 5,10, 5
0.10111088937670458, 0.0, 0.9116167084157132, 0.581011130722322, 5,9, 5
0.10111088937670458, 0.0, 0.9116167084157132, 0.5789795465536289, 3,6, 3
0.10111088937670458, 0.0, 0.9116167084157132, 0.5761743212442105, 1,7, 1
0.10111088937670458, 0.0, 0.9116167084157132, 0.5785450305558557, 5,9, 5
0.09991352358145414, 0.0, 0.9273376082964652, 0.5916288053022898, 4,6, 4
0.10017960486928756, 0.0, 0.8835487229879121, 0.5731796509396241, 2,4, 2
0.10031264551320429, 0.0, 0.8930636499671807, 0.5596591390902804, 2,4, 2
0.09904875939599547, 0.0, 0.8938837418790088, 0.5715044903428123, 0,5, 0
0.09904875939599547, 0.0, 0.8938837418790088, 0.5744014857490913, 2,6, 2
0.0996474422936207, 0.0, 0.9424463317291131, 0.5910657114698563, 3,6, 3
0.10111088937670458, 0.0, 0.9116167084157132, 0.5821144308710109, 1,7, 1
0.10111088937670458, 0.0, 0.9116167084157132, 0.5844452757741535, 4,6, 4
0.10111088937670458, 0.0, 0.9116167084157132, 0.5789277906100558, 2,5, 2
0.10111088937670458, 0.0, 0.9116167084157132, 0.5813964112958727, 5,8, 5
0.09904875939599547, 0.0, 0.8938837418790088, 0.5714098974980542, 7,7, 7
0.10111088937670458, 0.0, 0.9116167084157132, 0.5817722112555456, 3,4, 3
0.09904875939599547, 0.0, 0.8938837418790088, 0.5745505383584887, 8,9, 8
0.10111088937670458, 0.0, 0.9116167084157132, 0.5862189626874851, 3,5, 3
0.10111088937670458, 0.0, 0.9116167084157132, 0.5849641247839066, 3,6, 3
0.10111088937670458, 0.0, 0.9116167084157132, 0.5793768567907138, 1,3, 1
0.10111088937670458, 0.0, 0.9116167084157132, 0.5810699283158157, 5,7, 5
0.10111088937670458, 0.0, 0.9116167084157132, 0.5798799867756244, 3,6, 3
0.10111088937670458, 0.0, 0.9116167084157132, 0.581851354968763, 4,7, 4
0.10111088937670458, 0.0, 0.9116167084157132, 0.5799736667548142, 2,7, 2
0.10111088937670458, 0.0, 0.9116167084157132, 0.579825541289916, 6,7, 6
0.10111088937670458, 0.0, 0.9116167084157132, 0.5783093925538806, 2,5, 2
0.10111088937670458, 0.0, 0.9116167084157132, 0.5801540638959268, 2,6, 2
0.09991352358145414, 0.0, 0.9273376082964652, 0.5914102378286415, 4,4, 4
0.100445686157121, 0.0, 0.9122405193864362, 0.5851307374119241, 4,7, 4
0.10111088937670458, 0.0, 0.9116167084157132, 0.5835821202633023, 3,7, 3
0.10111088937670458, 0.0, 0.9116167084157132, 0.5782216456992098, 3,5, 3
0.10111088937670458, 0.0, 0.9116167084157132, 0.579036443659974, 1,3, 1
0.10111088937670458, 0.0, 0.9116167084157132, 0.5802384975861749, 2,5, 2
0.10111088937670458, 0.0, 0.9116167084157132, 0.5809786015122075, 4,7, 4
0.10111088937670458, 0.0, 0.9116167084157132, 0.5806814177138158, 3,4, 3
0.10111088937670458, 0.0, 0.9116167084157132, 0.5796513973055037, 4,5, 4
0.10111088937670458, 0.0, 0.9116167084157132, 0.5790757199574093, 3,8, 3
0.10111088937670458, 0.0, 0.9116167084157132, 0.5803544326123835, 3,7, 3
0.09991352358145414, 0.0, 0.9273376082964652, 0.5901588893607292, 2,3, 2
0.10111088937670458, 0.0, 0.9116167084157132, 0.5823180115957635, 2,6, 2
0.10111088937670458, 0.0, 0.9116167084157132, 0.5778168069040635, 3,6, 3
0.10111088937670458, 0.0, 0.9116167084157132, 0.5816541347532299, 4,6, 4
0.10111088937670458, 0.0, 0.9116167084157132, 0.5785904756291607, 3,8, 3
0.0996474422936207, 0.0, 0.9424463317291131, 0.5909221620824155, 5,6, 5
0.10111088937670458, 0.0, 0.9116167084157132, 0.5807198517918117, 5,6, 5
0.10111088937670458, 0.0, 0.9116167084157132, 0.5807872052748791, 3,5, 3
0.10111088937670458, 0.0, 0.9116167084157132, 0.5776949084898384, 3,6, 3
0.10111088937670458, 0.0, 0.9116167084157132, 0.5817251522288257, 1,5, 1
0.10836160447016563, 0.0, 0.8921704768732954, 0.28092798334287095, 0,0, 0
0.10097784873278787, 0.0, 0.8896953824485279, 0.5731026202384207, 0,0, 0
0.10616643384553981, 0.0, 0.8944424866284156, 0.5055202039741453, 0,0, 0
0.0996474422936207, 0.0, 0.9424463317291131, 0.5889409489755726, 3,5, 3
0.10111088937670458, 0.0, 0.9116167084157132, 0.5829292469673433, 0,8, 0
0.10111088937670458, 0.0, 0.9116167084157132, 0.5827600055448948, 2,5, 2
0.10111088937670458, 0.0, 0.9116167084157132, 0.5823916914987336, 2,6, 2
0.10111088937670458, 0.0, 0.9116167084157132, 0.5838895586671966, 2,7, 2
0.10111088937670458, 0.0, 0.9116167084157132, 0.5815918583068808, 2,8, 2
0.10111088937670458, 0.0, 0.9116167084157132, 0.5841114504628847, 2,6, 2
0.10111088937670458, 0.0, 0.9116167084157132, 0.5829399931876257, 2,5, 2
0.10111088937670458, 0.0, 0.9116167084157132, 0.5748156928609592, 1,5, 1
0.10111088937670458, 0.0, 0.9116167084157132, 0.5805544974919234, 1,4, 1
0.10111088937670458, 0.0, 0.9116167084157132, 0.5849396809959193, 2,6, 2
0.10111088937670458, 0.0, 0.9116167084157132, 0.5826925543194821, 2,6, 2
0.10111088937670458, 0.0, 0.9116167084157132, 0.5801362145254872, 3,10, 3
0.10111088937670458, 0.0, 0.9116167084157132, 0.5808825397475096, 3,8, 3
0.10111088937670458, 0.0, 0.9116167084157132, 0.5843899326847942, 2,7, 2
0.10111088937670458, 0.0, 0.9116167084157132, 0.5803478336719405, 3,7, 3
0.10111088937670458, 0.0, 0.9116167084157132, 0.5827660842838776, 3,9, 3
0.10111088937670458, 0.0, 0.9116167084157132, 0.578065962229995, 2,10, 2
0.10111088937670458, 0.0, 0.9116167084157132, 0.5821939261007137, 2,7, 2
0.10111088937670458, 0.0, 0.9116167084157132, 0.5816709598982175, 2,6, 2
0.10111088937670458, 0.0, 0.9116167084157132, 0.5774711080001185, 2,10, 2
0.10111088937670458, 0.0, 0.9116167084157132, 0.5774261158065319, 2,5, 2
0.10111088937670458, 0.0, 0.9116167084157132, 0.5820693373594247, 2,8, 2
0.10111088937670458, 0.0, 0.9116167084157132, 0.5810604293505466, 2,8, 2
0.10111088937670458, 0.0, 0.9116167084157132, 0.5825051413662826, 2,7, 2
0.10111088937670458, 0.0, 0.9116167084157132, 0.5831141666275301, 2,6, 2
0.10111088937670458, 0.0, 0.9116167084157132, 0.583549916022799, 2,5, 2
0.10111088937670458, 0.0, 0.9116167084157132, 0.5826450871746399, 1,4, 1
0.10111088937670458, 0.0, 0.9116167084157132, 0.5848880364668076, 2,7, 2
0.10111088937670458, 0.0, 0.9116167084157132, 0.5840234936006713, 3,9, 3
0.10111088937670458, 0.0, 0.9116167084157132, 0.5861933985792089, 2,6, 2
0.10111088937670458, 0.0, 0.9116167084157132, 0.5770018591348913, 2,5, 2
0.10111088937670458, 0.0, 0.9116167084157132, 0.5797534444395933, 1,4, 1
0.10111088937670458, 0.0, 0.9116167084157132, 0.5817590415386998, 2,5, 2
0.10111088937670458, 0.0, 0.9116167084157132, 0.5818807935065388, 2,6, 2
0.10111088937670458, 0.0, 0.9116167084157132, 0.5804098241337494, 1,3, 1
0.10111088937670458, 0.0, 0.9116167084157132, 0.5795796905751281, 2,7, 2
0.10111088937670458, 0.0, 0.9116167084157132, 0.5864451902784478, 2,6, 2
0.10111088937670458, 0.0, 0.9116167084157132, 0.5832326021770796, 2,8, 2
0.10111088937670458, 0.0, 0.9116167084157132, 0.5786213252331084, 3,8, 3
0.10111088937670458, 0.0, 0.9116167084157132, 0.578178186121903, 2,7, 2
0.10111088937670458, 0.0, 0.9116167084157132, 0.5815213337360313, 2,7, 2
0.10111088937670458, 0.0, 0.9116167084157132, 0.5840882915480017, 3,8, 3
0.10111088937670458, 0.0, 0.9116167084157132, 0.5813980607352239, 2,9, 2
0.10111088937670458, 0.0, 0.9116167084157132, 0.5814164784777727, 2,7, 2
0.10111088937670458, 0.0, 0.9116167084157132, 0.5789657832290539, 2,8, 2
0.10111088937670458, 0.0, 0.9116167084157132, 0.5816982185238379, 2,8, 2
0.10111088937670458, 0.0, 0.9116167084157132, 0.5799162385317188, 1,5, 1
0.10111088937670458, 0.0, 0.9116167084157132, 0.5792510285110041, 2,7, 2
0.10111088937670458, 0.0, 0.9116167084157132, 0.5855505136507617, 2,6, 2
0.10111088937670458, 0.0, 0.9116167084157132, 0.5903616207355494, 3,12, 3
0.10111088937670458, 0.0, 0.9116167084157132, 0.5811400884513293, 2,7, 2
0.10111088937670458, 0.0, 0.9116167084157132, 0.5824246035466717, 2,6, 2
0.10111088937670458, 0.0, 0.9116167084157132, 0.5804147992075014, 3,8, 3
0.10111088937670458, 0.0, 0.9116167084157132, 0.579603960965826, 2,6, 2
0.10111088937670458, 0.0, 0.9116167084157132, 0.582305618071333, 3,8, 3
0.10111088937670458, 0.0, 0.9116167084157132, 0.5829517416956974, 2,6, 2
0.10111088937670458, 0.0, 0.9116167084157132, 0.5827636254709865, 2,7, 2
0.10111088937670458, 0.0, 0.9116167084157132, 0.5820426764833997, 2,5, 2
0.10111088937670458, 0.0, 0.9116167084157132, 0.5791207455081345, 1,5, 1
0.10111088937670458, 0.0, 0.9116167084157132, 0.5789553249052086, 2,9, 2
0.10111088937670458, 0.0, 0.9116167084157132, 0.5785239866238403, 2,7, 2
0.10111088937670458, 0.0, 0.9116167084157132, 0.5803080196824536, 4,9, 4
0.10111088937670458, 0.0, 0.9116167084157132, 0.5814924333499158, 3,7, 3
0.10111088937670458, 0.0, 0.9116167084157132, 0.5791520752629254, 2,7, 2
0.10111088937670458, 0.0, 0.9116167084157132, 0.5783558240018314, 2,8, 2
0.10111088937670458, 0.0, 0.9116167084157132, 0.5827618430584168, 2,8, 2
0.10111088937670458, 0.0, 0.9116167084157132, 0.5789183511169963, 3,7, 3
0.10111088937670458, 0.0, 0.9116167084157132, 0.579870418655588, 1,4, 1
0.10111088937670458, 0.0, 0.9116167084157132, 0.5829124166974751, 2,8, 2
0.10111088937670458, 0.0, 0.9116167084157132, 0.5817612805792809, 2,5, 2
0.10111088937670458, 0.0, 0.9116167084157132, 0.5813382146233761, 2,5, 2
0.10111088937670458, 0.0, 0.9116167084157132, 0.5772852230036718, 2,11, 2
0.10111088937670458, 0.0, 0.9116167084157132, 0.5791609717446086, 2,6, 2
0.10111088937670458, 0.0, 0.9116167084157132, 0.5812243189018098, 2,8, 2
0.10111088937670458, 0.0, 0.9116167084157132, 0.5796907326202094, 3,11, 3
0.10111088937670458, 0.0, 0.9116167084157132, 0.5795251443401376, 2,6, 2
0.10111088937670458, 0.0, 0.9116167084157132, 0.5783367502352913, 3,7, 3
0.10111088937670458, 0.0, 0.9116167084157132, 0.5809962313592391, 2,7, 2
0.10111088937670458, 0.0, 0.9116167084157132, 0.5806963957148319, 2,4, 2
0.10111088937670458, 0.0, 0.9116167084157132, 0.581576095158252, 2,4, 2
0.10111088937670458, 0.0, 0.9116167084157132, 0.584624660608661, 2,5, 2
0.10111088937670458, 0.0, 0.9116167084157132, 0.5789667388724804, 2,7, 2
0.10111088937670458, 0.0, 0.9116167084157132, 0.5809080386696636, 1,4, 1
0.10111088937670458, 0.0, 0.9116167084157132, 0.5800562337922088, 1,5, 1
0.10111088937670458, 0.0, 0.9116167084157132, 0.5809530678035465, 2,5, 2
0.10111088937670458, 0.0, 0.9116167084157132, 0.5805163985366762, 2,6, 2
0.10111088937670458, 0.0, 0.9116167084157132, 0.5818117785264142, 2,7, 2
0.10111088937670458, 0.0, 0.9116167084157132, 0.5835286023383237, 2,9, 2
0.10111088937670458, 0.0, 0.9116167084157132, 0.5801361181913705, 3,6, 3
0.10111088937670458, 0.0, 0.9116167084157132, 0.5788348825189583, 2,6, 2
0.10111088937670458, 0.0, 0.9116167084157132, 0.5831856086208218, 3,8, 3
0.10111088937670458, 0.0, 0.9116167084157132, 0.5810051109178321, 2,6, 2
0.10111088937670458, 0.0, 0.9116167084157132, 0.5854725516143106, 2,10, 2
0.10111088937670458, 0.0, 0.9116167084157132, 0.5786106074110933, 2,6, 2
0.10111088937670458, 0.0, 0.9116167084157132, 0.5813011953767763, 2,7, 2
0.10111088937670458, 0.0, 0.9116167084157132, 0.5871829916364306, 2,4, 2
0.10111088937670458, 0.0, 0.9116167084157132, 0.5821009504354623, 2,9, 2
0.10403778354287235, 0.0, 0.8956375096706843, 0.32365040281498353, 0,0, 0
0.10277389742566354, 0.0, 0.8902416040911114, 0.5151669411598767, 0,0, 0
0.1364997006585512, 0.0, 0.8557669596663282, 0.37821889753468724, 0,0, 0
0.09871615778620368, 0.0, 0.9000530612334078, 0.5817692522284305, 3,5, 3
0.09958092197166234, 0.0, 0.8933638062721464, 0.5789921838721791, 0,2, 0
0.09958092197166234, 0.0, 0.8933638062721464, 0.5758789474804537, 2,6, 2
0.10051220647907935, 0.0, 0.8777699163158681, 0.5770487315983961, 6,7, 6
0.10051220647907935, 0.0, 0.8777699163158681, 0.5760684520609815, 2,6, 2
0.10051220647907935, 0.0, 0.8777699163158681, 0.5847308513043508, 4,5, 4
0.10051220647907935, 0.0, 0.8777699163158681, 0.5739205746573071, 3,7, 3
0.09958092197166234, 0.0, 0.8933638062721464, 0.5798904996351782, 0,6, 0
0.10097784873278787, 0.0, 0.8896953824485279, 0.5741081210398038, 2,6, 2
0.09878267810816205, 0.0, 0.9000015148416551, 0.5785760966826524, 4,7, 4
0.09958092197166234, 0.0, 0.8933638062721464, 0.5832501519181611, 1,4, 1
0.09958092197166234, 0.0, 0.8933638062721464, 0.5815815709613052, 5,8, 5
0.09958092197166234, 0.0, 0.8933638062721464, 0.5812869018029755, 3,6, 3
0.09958092197166234, 0.0, 0.8933638062721464, 0.5808222580841191, 2,4, 2
0.10111088937670458, 0.0, 0.9116167084157132, 0.5776939441185391, 5,5, 5
0.09958092197166234, 0.0, 0.8933638062721464, 0.5748554708209638, 2,4, 2
0.10024612519124593, 0.0, 0.88033626681359, 0.5634064780077167, 0,7, 0
0.10024612519124593, 0.0, 0.88033626681359, 0.565080863412574, 1,3, 1
0.10024612519124593, 0.0, 0.88033626681359, 0.5582321531208454, 1,3, 1
0.10024612519124593, 0.0, 0.88033626681359, 0.5606484567771313, 2,4, 2
0.10024612519124593, 0.0, 0.88033626681359, 0.5674167690692112, 2,5, 2
0.10024612519124593, 0.0, 0.88033626681359, 0.5587230617670315, 6,8, 6
0.10024612519124593, 0.0, 0.88033626681359, 0.5591060543248326, 3,5, 3
0.10051220647907935, 0.0, 0.8777699163158681, 0.5791960798413001, 5,9, 5
