acuracia,loss,frr,fpr, removed, n_clf, tp_removed
0.09825051553249518, 2.3036959122288754, 0.8944041643372586, 0.40467750686587217, 0,0, 0
0.1771436173751081, 2.1974154792209113, 0.81570012310017, 0.5332121898257034, 0,0, 0
0.6762455930286703, 91416266.11434354, 0.4434578764751048, 0.346953840793783, 0,1, 0
0.6992616244262623, 2.07649552279712, 0.4228796000547155, 0.3284408599771945, 0,8, 0
0.7039845672853057, 1.9731083756584944, 0.484447273615759, 0.370658296258731, 0,6, 0
0.750282711368323, 1.832640939519956, 0.4676310600188255, 0.35262483924007215, 0,4, 0
0.7586642719350761, 1.7567312828257262, 0.4226439394037685, 0.3352740035036584, 0,7, 0
0.7434311182066121, 1.7060115703849397, 0.39407081477394507, 0.3263427047231312, 0,8, 0
0.7697066453801636, 1.6396305312524653, 0.3953326724913601, 0.32083765364627637, 0,7, 0
0.7810816204350429, 1.5921634767299433, 0.3452901023191707, 0.2996708797825908, 0,8, 0
0.7758930353222909, 1.5394921051677193, 0.39093271833872983, 0.3095820629216151, 0,4, 0
0.7748952304929155, 1.4926553800576208, 0.39807557548158706, 0.3086354046996883, 0,5, 0
0.7774230027273332, 1.4583358224784908, 0.359170813576825, 0.3041219451422142, 0,3, 0
0.11301802700725072, 1372957485.1530316, 0.8761682086391118, 0.5744470264986564, 0,7, 0
0.7119670059203087, 1.469095810494491, 0.44553028475000367, 0.35010213068248397, 0,8, 0
0.72001596487727, 1.4435904558629307, 0.3995259557456747, 0.3326746618649348, 0,6, 0
0.7124991684959755, 1.4196504247057329, 0.4034943858997916, 0.33884957920289593, 0,6, 0
0.7219450542140624, 1.4141948999633716, 0.3894272863326919, 0.3292490071811538, 0,10, 0
0.740437703718486, 1.3611430449484747, 0.37051355674051334, 0.32388413301730506, 0,7, 0
0.7437637198164039, 1.3318250868611965, 0.36532299159789344, 0.3216176359914638, 0,7, 0
0.7436971994944456, 1.3125637687783847, 0.3669896582645602, 0.319555052611186, 0,8, 0
0.7548726135834497, 1.2965808970552477, 0.35731068275267447, 0.31362710942160793, 0,5, 0
0.7579325483935342, 1.2780369613630633, 0.33992492036691196, 0.30081493268454235, 0,5, 0
0.7358478015033593, 1.298767863126094, 0.35190382022532823, 0.3060987218300974, 0,5, 0
0.7479545000997805, 1.2752512512059615, 0.33494280175470564, 0.2956724528465784, 0,7, 0
0.7428324353089869, 1.262523380946944, 0.37165516897050543, 0.3128204125899032, 0,7, 0
0.7706379298875806, 1.2368413273041645, 0.33208629528240863, 0.29530991462343903, 0,8, 0
0.7689749218386217, 1.2268677784246076, 0.34283484501982886, 0.3036665889703365, 0,6, 0
0.7721013769706645, 1.2136961925651653, 0.3277090760519546, 0.2907687738509135, 0,5, 0
0.774961750814874, 1.206284694541621, 0.33101839949606626, 0.29230873938387947, 0,7, 0
0.7742965475952903, 1.1848250742574726, 0.3323341889697505, 0.29388758468401305, 0,6, 0
0.7738974256635403, 1.198606703279995, 0.33923895087451233, 0.2987557010914379, 0,10, 0
0.7742965475952903, 1.1823378830834919, 0.3246126853918193, 0.2945706314862726, 0,7, 0
0.7760925962881661, 1.1883246600028206, 0.29654080113572456, 0.27509462215760005, 0,9, 0
0.7755604337124992, 1.184882755919935, 0.3165408011357245, 0.2899656680938426, 0,5, 0
0.7747621898489989, 47731536024.98354, 0.2951887710513573, 0.2890553488922735, 0,8, 0
0.7909931484068383, 1.162546913039222, 0.3079067605142482, 0.2864067388907795, 0,7, 0
0.7909931484068383, 1.1549133707693076, 0.3079067605142482, 0.28949481880015554, 0,5, 0
0.7909266280848799, 1.1408979245675568, 0.31124009384758156, 0.2870688209390805, 0,9, 0
0.7909266280848799, 1.1268585235108926, 0.31124009384758156, 0.29237957314324897, 0,6, 0
0.7895297013237544, 1.1218994181395778, 0.30320087816130703, 0.284779233572788, 0,4, 0
0.7893966606798377, 1.1120388230070624, 0.3182097908172785, 0.29199136067250264, 0,4, 0
0.78646976651367, 1.109297314955015, 0.31046785533340754, 0.2826479678177947, 0,5, 0
0.7893966606798377, 1.10671071357976, 0.3182097908172785, 0.2877331671665397, 0,9, 0
0.7893966606798377, 1.101465955628893, 0.3182097908172785, 0.29561169845911817, 0,6, 0
0.7897957826115879, 1.0982714919658991, 0.30487645748394515, 0.2851946829704096, 0,6, 0
0.789463181001796, 1.0906636153953617, 0.3148764574839451, 0.29374635907058844, 0,6, 0
0.789263620035921, 1.0886679329154005, 0.3153526479601356, 0.2880051545378372, 0,7, 0
0.7865362868356283, 1.0871108173139516, 0.3071345220000742, 0.2812369434628055, 0,6, 0
0.7560034590567418, 1.118186233806204, 0.3148459164717287, 0.2821851392221408, 0,7, 0
0.7848732787866693, 1.110451655621105, 0.3110765129778408, 0.27935709393705954, 0,5, 0
0.789263620035921, 1.0804400109505492, 0.30865004238960553, 0.28966397069881006, 0,6, 0
0.7891970997139626, 1.0599951724958763, 0.3093526479601356, 0.2825333023942715, 0,7, 0
0.11960353888112818, 1391175245.3821256, 0.865647695677154, 0.5662591935269953, 0,6, 0
0.23142420009312845, 3689640.60418054, 0.8059150483096691, 0.5390386754696689, 0,6, 0
0.7278653628683562, 1.236452642511776, 0.3812526910045921, 0.3218109685208234, 0,6, 0
0.7605933612718686, 1.177547102933195, 0.34757755996978695, 0.3120892286017869, 0,4, 0
0.7764251978979578, 1.194066359212802, 0.32773254649269795, 0.29744290856015054, 0,7, 0
0.7760925962881661, 1.1731918570409297, 0.33773254649269796, 0.2988247173312461, 0,8, 0
0.7763586775759995, 1.1680801219002641, 0.33019279830778847, 0.29977311358702113, 0,12, 0
0.7796846936739174, 1.1387664919242937, 0.3275046262647778, 0.295194309549595, 0,6, 0
0.776824319829708, 1.1325585205237532, 0.33944794610283435, 0.30140287880854744, 0,11, 0
0.77755604337125, 1.1183155210832314, 0.3336584724186239, 0.2980025098551879, 0,7, 0
0.7877336526308787, 1.110598158483586, 0.3113898439882308, 0.28027960663671175, 0,9, 0
0.7862036852258365, 1.1161957564000788, 0.3249888414819651, 0.29658544416913185, 0,9, 0
0.7828111488059603, 1.1107273185630009, 0.31495917171932325, 0.2832071192750206, 0,7, 0
0.7814142220448347, 1.1019052865606542, 0.316666488792494, 0.28375491039041806, 0,7, 0
0.17222111355018957, 22491698.60392953, 0.8313699967382298, 0.5521125891309268, 0,7, 0
0.7447615246457793, 1.1420635963913837, 0.3515787100994522, 0.3027463894665246, 0,6, 0
0.7760925962881661, 1.118624587693666, 0.3218684349944402, 0.28748291242928037, 0,8, 0
0.7760260759662077, 1.1108992280032015, 0.32639224451824966, 0.28734412680494104, 0,8, 0
0.7735648240537484, 1.1047040969210198, 0.3304663185923237, 0.2857042473804368, 0,9, 0
0.7756934743564159, 1.086599462636686, 0.32877319689920204, 0.2901700946415106, 0,7, 0
0.7826781081620435, 1.0905317631518847, 0.3156179796869547, 0.2841002841013262, 0,10, 0
0.7826781081620435, 1.0799443010190737, 0.3156179796869547, 0.28314234574512637, 0,5, 0
0.7814807423667931, 1.0610958003795046, 0.30899196342679214, 0.2829636454110201, 0,6, 0
0.7802833765715426, 1.0529554661998741, 0.3186949027638778, 0.2836800453699273, 0,5, 0
0.7837424333133772, 1.0508795030544413, 0.31587968114173015, 0.28744544222654295, 0,6, 0
0.7830772300937937, 1.0519245878808106, 0.30739018534341084, 0.28278284828758365, 0,7, 0
0.7371116876205681, 3788794974525.8647, 0.3438266990569368, 0.26945110534974565, 0,6, 0
0.7864032461917115, 1.0437064172403545, 0.2897373379507156, 0.2824628601375284, 0,9, 0
0.7864032461917115, 1.0435216664086646, 0.3109637530450552, 0.2831675560746958, 0,4, 0
0.7933878799973392, 1.0400291437089002, 0.29046924755054976, 0.2776724752644823, 0,11, 0
0.7931883190314641, 1.0349340694549147, 0.3004692475505497, 0.2767380823198505, 0,9, 0
0.789064059070046, 1.0355105281127932, 0.3085149328297376, 0.2827515791520978, 0,5, 0
0.789064059070046, 1.0333952004953437, 0.3085149328297376, 0.27858007069886404, 0,8, 0
0.783343311381627, 1.036096083807907, 0.3149108788526266, 0.2836990178337338, 0,7, 0
0.788531896494379, 1.0345266290920458, 0.3096577899725947, 0.2823582821127181, 0,6, 0
0.7871349697332535, 1.0308184816988295, 0.3113651070457654, 0.27973961416448306, 0,8, 0
0.7871349697332535, 1.0285918861519783, 0.3113651070457654, 0.283552672122037, 0,8, 0
0.7891970997139626, 1.0247254341498522, 0.30184826616307087, 0.2729136678530376, 0,6, 0
0.7887314574602541, 1.0241362451090799, 0.31003008434488905, 0.2816502210069009, 0,10, 0
0.789064059070046, 1.0315024110569193, 0.3085149328297376, 0.28024638879561653, 0,5, 0
0.7553382558371583, 1.1105856604658293, 0.3151510584841878, 0.2870368662894124, 0,7, 0
0.7556708574469501, 1.0950564509100935, 0.3001510584841878, 0.2833732038697, 0,7, 0
0.7891305793920043, 1.0730299593313666, 0.3051815994964042, 0.27992129093150353, 0,11, 0
0.7885984168163374, 1.047356824524716, 0.30632445663926133, 0.2810890684123162, 0,5, 0
0.7933878799973392, 1.0411832782462251, 0.3020985480745871, 0.28149736745802606, 0,7, 0
0.7909931484068383, 1.0420828515705003, 0.2813761798233357, 0.28092888572022406, 0,6, 0
0.7914587906605468, 1.0473243038987867, 0.28356665601381187, 0.2784528058723165, 0,8, 0
0.7936539612851726, 1.0411545693150017, 0.2785402009873568, 0.26889031723601353, 0,8, 0
0.08527905275061531, 2.303817075938591, 0.9037011371081701, 0.3915808812621583, 0,0, 0
0.24945120734384355, 2.1380537347245467, 0.7992109326842958, 0.5266483656285206, 0,0, 0
0.6102574336459788, 6645050.350119552, 0.5072496431326894, 0.3909171777581002, 0,2, 0
0.602474555976851, 2.065316318878829, 0.5249855941289602, 0.42052260121157714, 0,2, 0
0.6917448280449677, 1.9492189857779423, 0.4552095278911316, 0.35848136387295215, 0,7, 0
0.703319364065722, 1.8919364334040913, 0.4754510341954945, 0.3576385051212176, 0,7, 0
0.7073105833832236, 1.784792355856543, 0.46550582699227794, 0.3628962467606865, 0,6, 0
0.721678972926229, 1.6779707496270744, 0.42862707771800496, 0.34094734563002727, 0,7, 0
0.7341847934544004, 1.6238169905660886, 0.3789859877230776, 0.3160079360886934, 0,8, 0
0.7400385817867359, 1.5581711233792204, 0.3619199502349843, 0.31399809581420024, 0,6, 0
0.7382425330938601, 1.5256676018150839, 0.370616525017716, 0.32180377394720217, 0,8, 0
0.7468901749484468, 1.4840047697119154, 0.3549000111394374, 0.3089871744925762, 0,5, 0
0.21372979445220514, 9623.396504847897, 0.780763815329475, 0.48396214341129506, 0,8, 0
0.20887381094924498, 15175.474103140059, 0.8023676767089555, 0.4934265033278381, 0,7, 0
0.20082485199228364, 61427.600860595434, 0.8010174997986103, 0.48787803112849504, 0,5, 0
0.23794319164504757, 1742.3248059792147, 0.7526931632671388, 0.4844853467139149, 0,8, 0
0.2120667864032462, 1440.3323941497752, 0.7658544012434662, 0.4897757903796453, 0,3, 0
0.19922836426528304, 73759.58899218631, 0.8014512861643118, 0.4962180211376883, 0,10, 0
0.2386749151865895, 1413.0724336128765, 0.7527540536022431, 0.4840531627797334, 0,3, 0
0.2415352890307989, 328.9625458744882, 0.7593688329895003, 0.4868077706412172, 0,9, 0
0.2883655956894831, 18581486998.486393, 0.699620530364467, 0.446265647078, 0,8, 0
0.33745759329475156, 571.4358037974412, 0.667810333015222, 0.4556023596095322, 0,5, 0
0.2735315638927692, 344.2716229752918, 0.7264971081226338, 0.47233244847951183, 0,7, 0
0.2689416616776425, 244.97437835931746, 0.7458760803933673, 0.4759206550545428, 0,5, 0
0.3333333333333333, 155.3493014247039, 0.7107480838665403, 0.46002197035048037, 0,8, 0
0.3852191844608528, 309.1461526240129, 0.659430765786068, 0.4452266234358672, 0,10, 0
0.3762389409964744, 462.73477127429334, 0.6518649593632054, 0.4489623089809154, 0,10, 0
0.31384287899953434, 855.0516732336479, 0.6907705543901861, 0.45637647063943815, 0,7, 0
0.3838222576997273, 485.4025620189423, 0.6427212769524647, 0.44993045952230254, 0,8, 0
0.3939333466373977, 146.36677635030713, 0.6287795696844135, 0.4496300435441411, 0,6, 0
0.1318432781214661, 3971.6705976375315, 0.8229649378013765, 0.5378560132019614, 0,7, 0
0.36679305527838757, 100.04527432939021, 0.6417533451563535, 0.4358176184127076, 0,7, 0
0.12984766846271537, 2212.8590357299654, 0.8407488615589791, 0.5438026007027073, 0,9, 0
0.2334198097518792, 1450.8077299587108, 0.7889408311114648, 0.48999549185069263, 0,7, 0
0.4575267744295882, 99.05668469432601, 0.6117357025597534, 0.4203390827045967, 0,7, 0
0.2561032395396794, 10737534.673527658, 0.6948658029494869, 0.46511974820168844, 0,8, 0
0.3249517727665802, 35169427.4891361, 0.677683738222747, 0.44857425080142854, 0,10, 0
0.5136034058404843, 1.6232346298074813, 0.5811619953658801, 0.41022065224403237, 0,7, 0
0.6560899354752877, 1.5033461709421254, 0.5170240008229205, 0.37867440732885776, 0,6, 0
0.6859575600345905, 1.4633352898444385, 0.47269309805100923, 0.3678426414006593, 0,4, 0
0.7081753475686823, 148454814624885.72, 0.4505558866053805, 0.3524294775829125, 0,5, 0
0.7182199161843943, 1.3796153005440777, 0.41006924703505065, 0.3310117917121774, 0,10, 0
0.7347834763520256, 1.3436629980384236, 0.4273348903264671, 0.3362719167269731, 0,9, 0
0.7434976385285704, 1.3170082048922311, 0.42401655992666826, 0.33242223453018527, 0,10, 0
0.7669793121798709, 1.2818767738055918, 0.3731255879646358, 0.31344754563360894, 0,6, 0
0.7702388079558306, 1.2548046386737826, 0.36398738730899977, 0.312626379271229, 0,8, 0
0.22676777755604338, 22519.191169152597, 0.8124243007413875, 0.523486336471256, 0,5, 0
0.7681766779751213, 1.2773294634576833, 0.32607093371105167, 0.2874740643634808, 0,7, 0
0.7699062063460387, 1.2428289639968533, 0.3282863808655232, 0.2927370207673405, 0,7, 0
0.7692410031264552, 1.22389595297607, 0.32493834830107277, 0.29140485861955806, 0,6, 0
0.20967205481274528, 57500.65065372695, 0.7955091672478056, 0.533077316276142, 0,8, 0
0.7703053282777889, 1.2307409948102452, 0.33219606677307695, 0.29272127272659376, 0,8, 0
0.2281647043171689, 321124.7419487674, 0.7883647161643126, 0.5204292286310441, 0,8, 0
0.19443890108428125, 15910.765551104545, 0.8099585095666125, 0.5207156964502513, 0,7, 0
0.7645180602674116, 1.2800471587174114, 0.32350539472042555, 0.29761815380525325, 0,9, 0
0.7694405640923302, 1.2513631609712248, 0.325708744571469, 0.29183737980332736, 0,7, 0
0.7617242067451606, 1.2460816761102487, 0.3242456978143046, 0.29422304631241863, 0,6, 0
0.7814807423667931, 1.2227361733305113, 0.3279007668349198, 0.2971698817583438, 0,9, 0
0.7806824985032927, 1.2069236188145651, 0.3463379962721493, 0.30550134036881316, 0,8, 0
0.7822789862302933, 1.1887001426047823, 0.30104699098114407, 0.2817099548036348, 0,9, 0
0.7813477017228764, 516168816906.13635, 0.30905350076526905, 0.28588562234607984, 0,6, 0
0.7811481407570012, 313283192000.90314, 0.3122595901339299, 0.28653474273140955, 0,4, 0
0.7851393600745028, 1.147542575619699, 0.31478086158293916, 0.28621274921822193, 0,8, 0
0.7854054413623361, 1.1616789323529235, 0.30144752824960586, 0.28374646566353984, 0,8, 0
0.7850728397525444, 1.1582350332954305, 0.3113284806305582, 0.28244812314259077, 0,10, 0
0.7855384820062529, 1.1530357978849968, 0.2956141949162725, 0.28069718004966865, 0,5, 0
0.3313377236745826, 8168.360756474103, 0.7008822389190071, 0.4979121763169712, 0,4, 0
0.27752278321027074, 1487.846132170216, 0.751863394803831, 0.499092213777632, 0,8, 0
0.2351493381227965, 11753.659799653899, 0.7686298354525483, 0.5158935466425679, 0,7, 0
0.3486995277057141, 15040.285037669324, 0.6636204475392254, 0.47014652073456203, 0,5, 0
0.6683296747156257, 1.2768222519949843, 0.38188876344870004, 0.3297024592272232, 0,6, 0
0.2837091731523981, 1069.5119746213052, 0.7511660377692793, 0.5011260116872028, 0,11, 0
0.30093793653961287, 177351.8342826121, 0.6883045972099839, 0.48416610635754687, 0,9, 0
0.23222244395662875, 1277979.9683511644, 0.765185464763223, 0.5093695164512041, 0,7, 0
0.18665602341515333, 88792.7467492334, 0.8119673842641277, 0.5263184513150715, 0,5, 0
0.21951706246258232, 48875.45015485788, 0.773775361078942, 0.517047228766098, 0,8, 0
0.20135701456795052, 27789.468906674865, 0.7796994367574509, 0.5241542438350522, 0,7, 0
0.21672320894033126, 1287.8703113722343, 0.7677992364538605, 0.5194417294159217, 0,4, 0
0.15692143949976717, 143519164.27171075, 0.8524298187376139, 0.5555304491758857, 0,6, 0
0.5801902481208009, 43103168965.46906, 0.5489776625027382, 0.3916905573391073, 0,7, 0
0.5878400851460122, 1.3209808686606772, 0.5401826593264974, 0.3911030595695673, 0,9, 0
0.6938069580256768, 1.2913642213966996, 0.3933114790582084, 0.33400475506619587, 0,9, 0
0.7142286968668928, 1.2539518985018576, 0.38307502957940687, 0.3234835046244769, 0,7, 0
0.7182199161843943, 1.2406172944313483, 0.380029344300219, 0.3213387817375444, 0,5, 0
0.7192177210137697, 1.212625586514171, 0.3728864871573619, 0.32457041922097446, 0,5, 0
0.7274662409366062, 1.1893913513322691, 0.3467895961099984, 0.3130348355215058, 0,9, 0
0.7274662409366062, 1.1834470314936891, 0.3467895961099984, 0.30793204866472706, 0,9, 0
0.3129781148140757, 20854566791.146667, 0.6751403806293872, 0.47942239435850803, 0,9, 0
0.188452072108029, 12115820263.048391, 0.822378387362563, 0.5445318980933093, 0,7, 0
0.7154925829841017, 1.2097404212077256, 0.43150360254301945, 0.33538097011279516, 0,6, 0
0.7611920441694938, 1.17717912551002, 0.36751659438780443, 0.315389407291746, 0,6, 0
0.7691744828044967, 1.1521110660181233, 0.3497656748812459, 0.31914618693458846, 0,8, 0
0.2936872214461518, 25419.282151213283, 0.7048699186789343, 0.49198916170909057, 0,5, 0
0.27765582385418747, 8961.102727919577, 0.7146726223141117, 0.48198469562941176, 0,6, 0
0.32069447216124525, 3912.9306983018673, 0.6781118993579607, 0.4604885112077756, 0,4, 0
0.22630213530233487, 68678.22558846568, 0.7044304337334231, 0.4769973456069901, 0,6, 0
0.2512472560367192, 1603791.7749693685, 0.7419507312351387, 0.5065371157779152, 0,4, 0
0.22716689948779353, 136273.81908544255, 0.7694992466274413, 0.5357564164493439, 0,6, 0
0.233752411361671, 13122599.579708837, 0.7559140770335676, 0.5157964550171757, 0,8, 0
0.3294751546597485, 10333901.523640756, 0.6896388848281674, 0.45833629648586816, 0,5, 0
0.31803365928291094, 1749909.690208322, 0.7033171086010662, 0.4885322884404046, 0,8, 0
0.13523581454134237, 2.299045359993983, 0.8492197628975375, 0.3280492003522848, 0,0, 0
0.22011574536020753, 2.1247530851956973, 0.8038265963897712, 0.5086480986461938, 0,0, 0
0.6349364730925298, 36280.29305992053, 0.4800569593091445, 0.3831160551055865, 0,2, 0
0.6141156123195636, 152.67012137150044, 0.49567274277044787, 0.3618840562237357, 0,6, 0
0.6806359342779219, 61.138137607573164, 0.45882387373652805, 0.3581979603288653, 0,11, 0
0.7226767777556043, 8.50264471853191, 0.40865129777159853, 0.32922302328629227, 0,5, 0
0.748420142353489, 4.772164515747948, 0.36058271084398513, 0.30663002696984554, 0,4, 0
0.7723009379365396, 2.7541964915340236, 0.34434660338191664, 0.2990309068657325, 0,7, 0
0.7514135568416151, 2.37926567398818, 0.35034422017855216, 0.3126678253498288, 0,6, 0
0.7727665801902481, 1.232601827686022, 0.3389886241146414, 0.2943403327022854, 0,6, 0
0.765116743165037, 1.3496693851909414, 0.38959376017365976, 0.3193542006754383, 0,5, 0
0.7462249717288632, 1.1687600951297021, 0.4007065987922616, 0.3201331614195251, 0,9, 0
0.7246723874143551, 2.7670089249734287, 0.40758519794991316, 0.3323919806221302, 0,7, 0
0.6673983902082086, 1136.0527704547815, 0.4758458095198121, 0.36623625517970004, 0,7, 0
0.6925430719084681, 4.951886408504907, 0.4409731844328234, 0.35756153999094414, 0,8, 0
0.5672853056608794, 218248988.21374905, 0.5062941173503911, 0.3843053143224742, 0,4, 0
0.25583715825184594, 2.046272582365654, 0.8382278172793843, 0.5410970464035677, 0,9, 0
0.3384553981241269, 1.919144610365668, 0.7809068613280963, 0.5125945447747369, 0,7, 0
0.4325816536952039, 1.81381601918317, 0.7124790076305048, 0.4787359978678771, 0,6, 0
0.5604337124991685, 1.739885859160194, 0.5661461389144109, 0.42166548846730806, 0,8, 0
0.5891039712632209, 1.6595571229183166, 0.5528347005239584, 0.4078937927225612, 0,7, 0
0.6216324087008581, 1.607759128137159, 0.49682035233049304, 0.3850490236929957, 0,6, 0
0.6217654493447748, 1.536434503969878, 0.5305211739790043, 0.4041695707463665, 0,4, 0
0.6356016763121134, 1.4955498567213439, 0.5232722562300868, 0.38755470873086195, 0,4, 0
0.729860972527107, 1.458895393394428, 0.39709572677513494, 0.33143754322212066, 0,8, 0
0.7275992815805229, 1.4287249313853645, 0.42573665991606807, 0.33168150048248135, 0,4, 0
0.7282644848001064, 1.3807579302081232, 0.41747595710560914, 0.3368219433347641, 0,6, 0
0.7303931351027739, 1.3508474217473903, 0.4209903468609315, 0.3339174424861738, 0,6, 0
0.7353156389276924, 1.3227434615252507, 0.37524282967223777, 0.3242976381378999, 0,6, 0
0.7349830373179006, 1.3101630240197049, 0.4019306252427768, 0.33753322662735497, 0,7, 0
0.7341847934544004, 1.2835049996660401, 0.4107844700171017, 0.32905086738835154, 0,6, 0
0.7748952304929155, 1.26040643491463, 0.371155235053335, 0.32159690170013683, 0,11, 0
0.774429588239207, 1.2577674737292945, 0.3828814255295255, 0.3139716641795476, 0,6, 0
0.3371915120069181, 2923.2922254603145, 0.6597657863546883, 0.4763610971774716, 0,9, 0
0.7133639326814342, 1.3288261898906217, 0.4331670985904826, 0.3525558122483618, 0,8, 0
0.7258697532096056, 1.3255539932536966, 0.4204316009744641, 0.33536110774437566, 0,7, 0
0.7266679970731058, 1.3020589936207188, 0.4170225100653732, 0.3303005914954584, 0,10, 0
0.3278121466107896, 8616.097725525966, 0.6905588115008919, 0.4757875859475144, 0,8, 0
0.32854387015233155, 3037.5369125097673, 0.7026951421721548, 0.4814601445175119, 0,9, 0
0.38974256635402116, 6118.674860694491, 0.6446822217678914, 0.46028028087873757, 0,5, 0
0.3141089602873678, 1228.0881135306843, 0.6850288345919177, 0.4854242914934165, 0,6, 0
0.35182598283775696, 516.6692718198326, 0.6424174335713703, 0.4676463611493456, 0,7, 0
0.4396993281447482, 1248.2773684119109, 0.6146032470960381, 0.4461338871322345, 0,6, 0
0.44728264484800107, 960.3961470039784, 0.5571443680779788, 0.41509045284331697, 0,9, 0
0.41954367059136566, 198.61493503888647, 0.6157388550073918, 0.43906127415357427, 0,8, 0
0.41874542672786536, 9049.535835175757, 0.6248114934737115, 0.43679141966527674, 0,8, 0
0.3359276258897093, 258370.18477193473, 0.6866050509594929, 0.4694106433982994, 0,5, 0
0.5599015499235016, 1.5695132704295933, 0.4985637930643608, 0.3787769423082683, 0,7, 0
0.5587041841282512, 1.5453883057900915, 0.5272120350662614, 0.3813983729974771, 0,7, 0
0.5809219716623428, 1.5037888441501717, 0.5245275759845118, 0.3749202398616332, 0,8, 0
0.7206146477748953, 1.3920521667792274, 0.3770133688470378, 0.31563691389726173, 0,7, 0
0.7379764518060268, 1.3776265408179384, 0.39552403465182123, 0.3224785306755881, 0,9, 0
0.7376438501962349, 1.3563061161804963, 0.40266689179467846, 0.3262447760931527, 0,8, 0
0.7363134437570678, 1.324295343058146, 0.4038379241521514, 0.326848115035622, 0,9, 0
0.7375773298742766, 1.3008905695178254, 0.3635553492284101, 0.3118328029543733, 0,6, 0
0.7776890840151667, 1.2530760615380123, 0.3371519170829509, 0.29963379506618304, 0,8, 0
0.7866028071575867, 1.2346561490205272, 0.31472272381949756, 0.286088779481182, 0,4, 0
0.7836093926694605, 1.2093918096601988, 0.31744473299311965, 0.28333911810332313, 0,6, 0
0.7832767910596687, 1.191298425970513, 0.3274447329931196, 0.29326154329288756, 0,7, 0
0.7870019290893367, 1.1886165585986657, 0.3263038096186937, 0.2955362098863947, 0,5, 0
0.7802168562495843, 1.1847905327834778, 0.3315256607009903, 0.295412073829923, 0,6, 0
0.7847402381427526, 1.170599526655642, 0.33214378496713737, 0.29458062295852605, 0,5, 0
0.7816137830107097, 1.1579850057222636, 0.3387247126750081, 0.29352763311455765, 0,7, 0
0.7766912791857913, 1.1657850172717354, 0.34796630369002046, 0.30152708617646967, 0,9, 0
0.7861371649038781, 1.1596542970327364, 0.3375472191169531, 0.2949100104928972, 0,5, 0
0.7896627419676712, 1784474.5794955306, 0.3163534642962553, 0.28364286863639754, 0,10, 0
0.7905275061531298, 1919096.572496305, 0.30907424351703455, 0.28209927611487834, 0,7, 0
0.790194904543338, 1.1413544327529146, 0.30950894792446887, 0.28776377622788585, 0,4, 0
0.7943191645047561, 1.1051040786984898, 0.3011827706031279, 0.2824227857031422, 0,7, 0
0.7866028071575867, 1.1006436969546916, 0.309935879856978, 0.28044145433811307, 0,7, 0
0.7843411162110024, 1.0902206149743494, 0.32275639267749084, 0.2888436906012559, 0,7, 0
0.7807490188252512, 1.0832715800663557, 0.33295564595393096, 0.3003608622893806, 0,10, 0
0.785937603938003, 1.0809224703856126, 0.3212705338911195, 0.2788168665802033, 0,8, 0
0.7843411162110024, 1.0696288171722204, 0.32579185327969556, 0.29170207946333093, 0,9, 0
0.7846071974988359, 1.0626084777186875, 0.32215548964333185, 0.2821872997511639, 0,9, 0
0.7886649371382958, 1.0583628135399572, 0.3127307317243744, 0.2823529315007968, 0,6, 0
0.7683097186190381, 162523.35307975518, 0.33584658775589304, 0.2983992400020743, 0,7, 0
0.7818133439765849, 29869510.4707582, 0.32225034611488823, 0.28594853552956373, 0,3, 0
0.7861371649038781, 40020265.35002296, 0.31985390555668297, 0.2883327669347834, 0,8, 0
0.7844076365329609, 1374818957.5172808, 0.314493314862023, 0.28674186165402527, 0,10, 0
0.10111088937670458, nan, 0.9116167084157132, 0.5802275303759192, 0,8, 0
0.10111088937670458, nan, 0.9116167084157132, 0.581080641247736, 0,6, 0
0.10111088937670458, nan, 0.9116167084157132, 0.5840193738078934, 0,4, 0
0.10111088937670458, nan, 0.9116167084157132, 0.5834719224206083, 0,6, 0
0.10111088937670458, nan, 0.9116167084157132, 0.5805499384378128, 0,9, 0
0.10111088937670458, nan, 0.9116167084157132, 0.5862020840638101, 0,3, 0
0.10111088937670458, nan, 0.9116167084157132, 0.5801390557958055, 0,10, 0
0.10111088937670458, nan, 0.9116167084157132, 0.5796439312432503, 0,8, 0
0.10111088937670458, nan, 0.9116167084157132, 0.5793622809163793, 0,8, 0
0.10111088937670458, nan, 0.9116167084157132, 0.58020639389762, 0,10, 0
0.10111088937670458, nan, 0.9116167084157132, 0.5798583645161477, 0,8, 0
0.10111088937670458, nan, 0.9116167084157132, 0.5846765490077994, 0,8, 0
0.10111088937670458, nan, 0.9116167084157132, 0.585338969991723, 0,4, 0
0.10111088937670458, nan, 0.9116167084157132, 0.5808691179513651, 0,4, 0
0.10111088937670458, nan, 0.9116167084157132, 0.5776557250656795, 0,8, 0
0.10111088937670458, nan, 0.9116167084157132, 0.583154378993433, 0,6, 0
0.10111088937670458, nan, 0.9116167084157132, 0.5814729539846365, 0,6, 0
0.10111088937670458, nan, 0.9116167084157132, 0.5786009331121107, 0,8, 0
0.10111088937670458, nan, 0.9116167084157132, 0.5783489273399707, 0,10, 0
0.10111088937670458, nan, 0.9116167084157132, 0.5797099010179777, 0,9, 0
0.10111088937670458, nan, 0.9116167084157132, 0.5806708735341577, 0,6, 0
0.11348366926095922, 2.304015038803746, 0.8820407599840915, 0.36280330305913094, 0,0, 0
0.2505155324951773, 2.042179285397527, 0.7919340468707721, 0.5122089842742755, 0,0, 0
0.6128517262023548, 662326.7677097382, 0.4895137492993106, 0.372413983526841, 0,2, 0
0.7256036719217721, 2.020108334601683, 0.4550498334789369, 0.3578047634147245, 0,3, 0
0.19796447814807425, 646.065735645028, 0.8351979547946193, 0.5502358365283646, 0,3, 0
0.2517128982904277, 135.9410841333225, 0.8001364955021942, 0.5198067234380922, 0,6, 0
0.2654826049358079, 767.1208648132801, 0.7814967850725678, 0.5144644042342597, 0,6, 0
0.2670790926628085, 197.04289906586808, 0.7594630091804432, 0.5038034517497507, 0,3, 0
0.3041974323155724, 124.16010682665195, 0.7250011989728853, 0.4904754244001623, 0,8, 0
0.2843078560500233, 352.12756182166356, 0.7433644335715964, 0.525846077934646, 0,3, 0
0.2816470431716889, 370.24819304876127, 0.7474955763909935, 0.5104772944229217, 0,6, 0
0.23222244395662875, 426.68326575447026, 0.7713264139860496, 0.5190601154986634, 0,4, 0
0.29535022949511075, 51.95127034145393, 0.7452517232824444, 0.5057352663892982, 0,3, 0
0.22769906206346038, 51.15286945154804, 0.7894001947804188, 0.5251873521750159, 0,7, 0
0.27685757999068716, 262.71327703801455, 0.7623056543795065, 0.5056974222562808, 0,2, 0
0.3809618838555179, 28.91930607446363, 0.6745980511904057, 0.4768944547822783, 0,3, 0
0.2826448480010643, 112.66438400149148, 0.7433638251927838, 0.5097157955243771, 0,4, 0
0.2584314508082219, 122.10105934572532, 0.7773996642949871, 0.518523233501219, 0,5, 0
0.3127120335262423, 157.34336537476145, 0.719256469029372, 0.4860756336553875, 0,5, 0
0.392869021486064, 90.77942022054752, 0.6685217380070015, 0.4757005847676441, 0,4, 0
0.3649304862635535, 65.30545967228025, 0.7214109500183414, 0.4856404455135878, 0,4, 0
0.3562163240870086, 100.2942231332571, 0.7283085176782932, 0.49598424401009106, 0,5, 0
0.38635002993414486, 74.51005291643828, 0.6626163109137514, 0.47314583702676233, 0,6, 0
0.3558172021552584, 81.55393010591536, 0.6889569464818495, 0.47889391346955074, 0,4, 0
0.37557373777689085, 58.52191528697277, 0.6842700086515014, 0.4844888991496473, 0,6, 0
0.30492915585711433, 97.83357377338027, 0.6950974219142831, 0.4842478720930653, 0,6, 0
0.2737976451806027, 127.97683079435676, 0.720561273690017, 0.49752099875049915, 0,4, 0
0.3311381627087075, 48.717528506186405, 0.7209027663957199, 0.49667926599603357, 0,8, 0
0.41322424000532165, 56.47234029735123, 0.6419910459428163, 0.4596376388001946, 0,9, 0
0.403645313643318, 87.44734932740752, 0.6424622076782427, 0.47290164378717736, 0,3, 0
0.3791658351626422, 50.536872659924825, 0.6650068865393837, 0.47923003136121184, 0,4, 0
0.39340118406173086, 37.41419266239313, 0.6514373841298486, 0.4767551993312842, 0,7, 0
0.27685757999068716, 25081.06496845655, 0.7734563802918022, 0.5159799465150747, 0,6, 0
0.3762389409964744, 76.85264460722382, 0.7181635206360655, 0.47985334528697243, 0,6, 0
0.258631011774097, 96.7381595223237, 0.7488114870162152, 0.5083112964297737, 0,3, 0
0.3385884387680436, 2524.613837180317, 0.7101177634338043, 0.4654935196056993, 0,8, 0
0.42133971928424135, 2318458695.2982235, 0.6814302067712448, 0.4589540460957513, 0,6, 0
0.5710769640125058, 1.5450970461789209, 0.5632956614091443, 0.4302989172505773, 0,7, 0
0.6323421805361538, 1.456410900314295, 0.4615142284805129, 0.37919931393069767, 0,11, 0
0.6439832368788665, 1.4249215452697457, 0.4690199365441003, 0.36520415524238303, 0,6, 0
0.6491718219916185, 1.3913826430503269, 0.4519130434372071, 0.35508540016580675, 0,3, 0
0.6777090401117541, 1.3577984824833893, 0.42796669314921765, 0.34098765929648683, 0,5, 0
0.6958690880063859, 1.3157137178828973, 0.39476872013519276, 0.3280719540349568, 0,7, 0
0.7017893966606799, 1.2939831905696646, 0.400687792427322, 0.3330838096365528, 0,7, 0
0.6803698529900885, 1.323745668232778, 0.4165972944224319, 0.3412911062685815, 0,8, 0
0.7001263886117208, 1.2971179446670507, 0.4116805262777681, 0.3399124644360314, 0,7, 0
0.7030532827778887, 1.2679183420978613, 0.3807637181283623, 0.315198820431876, 0,5, 0
0.7376438501962349, 1.2208029335944692, 0.3605109820797792, 0.306451166235628, 0,4, 0
0.740437703718486, 1.1997547318452289, 0.3583348162766704, 0.3027076178715518, 0,6, 0
0.7401051021086942, 1.174965299171304, 0.3683348162766704, 0.31213930682473146, 0,7, 0
0.7460254107629881, 1.1570042294526863, 0.34432965556135786, 0.30257679483945205, 0,6, 0
0.7477549391339054, 1.145755751546888, 0.3390742970986823, 0.30056159162838925, 0,4, 0
0.7491518658950309, 1.1226628180232692, 0.3375002230246082, 0.2986369914417671, 0,5, 0
0.7794851327080423, 1.097736296868998, 0.3377189360798354, 0.29580133062176484, 0,7, 0
0.7797512139958758, 1.088179576520499, 0.3306951265560258, 0.293752091530346, 0,3, 0
0.7830107097718353, 1.0716249265189555, 0.3305069545130151, 0.2927246077404705, 0,6, 0
0.7818133439765849, 1.0568082464463264, 0.3392934368478845, 0.29468344547463876, 0,4, 0
0.7816137830107097, 1.049540917937307, 0.3247968581577574, 0.28742924611877496, 0,5, 0
0.7426328743431119, 1.1141304202848135, 0.3412676104230179, 0.3018126043112081, 0,5, 0
0.7786203685225837, 1.10102062027185, 0.3234379400933474, 0.29752007962368987, 0,5, 0
0.778686888844542, 1.074929071552266, 0.3239141305695379, 0.28947113013021714, 0,6, 0
0.14534690347901283, 805401.1544514828, 0.83532058376311, 0.5524865911843648, 0,6, 0
0.7204816071309785, 1.1352494239305566, 0.337936088607923, 0.295832321814941, 0,4, 0
0.7373112485864431, 1.121549825327342, 0.3285573007291351, 0.294516756712735, 0,4, 0
0.7373112485864431, 1.112229957715443, 0.3285573007291351, 0.2915611019606285, 0,8, 0
0.750282711368323, 1.0858682212516144, 0.33094675441270643, 0.2920565091896093, 0,7, 0
0.7375773298742766, 1.0763635156998448, 0.3304980015377605, 0.2937204909106655, 0,4, 0
0.7244063061265217, 1.0901955291472718, 0.3264974478279044, 0.2994886823772867, 0,5, 0
0.7380429721279851, 1.0761478091203835, 0.32514085868061754, 0.30197528999513845, 0,5, 0
0.7872014900552119, 1.0427456494946863, 0.30663444644999843, 0.2796080864947972, 0,3, 0
0.7867358478015034, 1.0306373992044575, 0.30707469802232545, 0.2906570659914089, 0,10, 0
0.7856050023282113, 78628831.09939414, 0.319156904546566, 0.28850997932403344, 0,6, 0
0.7927226767777557, 1.0104750925220927, 0.30374136468899215, 0.2786044396977279, 0,3, 0
0.7698396860240804, 1.036766066017996, 0.31177874786656223, 0.28495909914093515, 0,6, 0
0.7694405640923302, 1.0203631606761079, 0.32035017643799074, 0.2918943955621639, 0,6, 0
0.792789197099714, 1.0271212080305112, 0.30124136468899215, 0.27689842399298287, 0,5, 0
0.7923235548460055, 1.0242313363811815, 0.31231279326042066, 0.2829341701148543, 0,8, 0
0.7917913922703386, 1.0264236790371586, 0.3169661546049585, 0.2794858760516382, 0,8, 0
0.19104636466440497, 2315.1855366091554, 0.8444305065991969, 0.5561873718736952, 0,5, 0
0.09286236945386815, 3160.417435329815, 0.895418888730012, 0.5755361111405561, 0,3, 0
0.1064990354553316, 264.3561161396263, 0.8799888524013671, 0.5640627896409821, 0,5, 0
0.10277389742566354, 376.99463758108294, 0.8837975218438966, 0.5736325272939952, 0,6, 0
0.10330606000133041, 6237.961712942464, 0.8923383940013487, 0.576761757928296, 0,5, 0
0.09971396261557906, 266958.2941482515, 0.8941453852692078, 0.5790395968127551, 0,4, 0
0.1085611654360407, 39.47573398561162, 0.881772836377442, 0.5759407488764513, 0,1, 0
0.7718352956828312, 1.0694135521827686, 0.31700953554948924, 0.28225663705775067, 0,4, 0
0.09359409299541009, 566.5616860832195, 0.894666349162778, 0.5769266351926522, 0,7, 0
0.787600611986962, 1.0423543882191177, 0.31154205587469247, 0.28063620853018956, 0,5, 0
0.78686888844542, 1.0192462380774514, 0.29833893627068653, 0.283849476121541, 0,4, 0
0.7897957826115879, 0.9938956557216788, 0.3045089444000142, 0.27882388634784794, 0,8, 0
0.7705714095656223, 1.033247394095478, 0.3031994205904903, 0.29045970571888696, 0,5, 0
0.747688418811947, 1.0838988088446775, 0.3112368037680604, 0.2958771289480459, 0,8, 0
0.7757599946783742, 1.055241217398366, 0.3067687795590901, 0.2790788770333293, 0,4, 0
0.7951839286902148, 1.0381263911647023, 0.2980783033686139, 0.28183264465882885, 0,8, 0
0.7959821725537152, 1.0336878611415332, 0.29960815411488256, 0.2823348785978592, 0,4, 0
0.7961817335195902, 0.9991844685728767, 0.2896081541148826, 0.2797380044415608, 0,6, 0
0.2756602141954367, 285.97370933444586, 0.8220306658615434, 0.5354016620614174, 0,5, 0
0.19237677110357215, 2773.696052422362, 0.8530279041347748, 0.5555036113120956, 0,3, 0
0.14521386283509613, 42529.15124029559, 0.8711044160058461, 0.5691441697170815, 0,4, 0
0.19703319364065722, 82316.38469939701, 0.8528872961724246, 0.5567433955707733, 0,7, 0
0.7657154260626622, 1.152271937629717, 0.32891795638434707, 0.2869586706682724, 0,5, 0
0.09219716623428457, 2.3037582211395162, 0.9182289935993575, 0.5022930477301893, 0,0, 0
0.24027140291359012, 2.089413737173067, 0.7853157084194092, 0.5117339379175372, 0,0, 0
0.6101909133240205, 7832.945179541122, 0.4994995210678623, 0.38076582578921747, 0,0, 0
0.6151799374708974, 24.90201156084275, 0.5237917023555682, 0.389929446279596, 0,4, 0
0.6423867491518659, 39.85658776679032, 0.5097325846006998, 0.37840734704389206, 0,6, 0
0.694405640923302, 4.89524911250734, 0.43304502244636106, 0.34529358134855387, 0,1, 0
0.7277323222244396, 3.477316552137503, 0.4153580981792292, 0.3397292469201495, 0,5, 0
0.76012771901816, 1.7412650879309501, 0.37784269891153394, 0.3153343387406181, 0,3, 0
0.7659149870285372, 1.451714600935768, 0.393981070854746, 0.3183082461547334, 0,2, 0
0.785738042972128, 0.9531342922067229, 0.31798348784904, 0.29287059115896313, 0,8, 0
0.7395729395330274, 4.447548716050561, 0.36711877788685326, 0.30818002326217564, 0,6, 0
0.6691944389010843, 168.8224299823246, 0.4218275394424332, 0.3345925747869913, 0,9, 0
0.7635202554380364, 1.891833049625894, 0.3627916999051877, 0.30191675288805414, 0,4, 0
0.7123661278520588, 205.7606338916263, 0.41133743486458313, 0.33929643211898314, 0,6, 0
0.6956030067185525, 369.7817728590773, 0.3981241887935591, 0.33235152810771085, 0,7, 0
0.6144482139293554, 4359836.607439699, 0.45756480050146386, 0.3663680515143956, 0,8, 0
0.31683629348766046, 2.081773747459251, 0.8002988481700765, 0.5375691688300295, 0,8, 0
0.4086343377901949, 111485.55142470906, 0.729657247895863, 0.49900952788501823, 0,5, 0
0.5394132907603273, 1.8276884503321107, 0.636656168029885, 0.44831528513976115, 0,7, 0
0.557174216723209, 1.7913663387139986, 0.6115585555040919, 0.43204586679809487, 0,3, 0
0.5771968336326748, 1.7392966560575844, 0.5867013460499364, 0.4171866566723221, 0,6, 0
0.6919443890108428, 1.666544479829128, 0.4223772627500547, 0.34791350871429544, 0,7, 0
0.6979977383090534, 964737.3679096213, 0.4664969301034798, 0.3606004448922065, 0,7, 0
0.3286103904742899, 4891.202076422556, 0.7135754447218603, 0.5099224928935981, 0,5, 0
0.6616111221978315, 161961.30152476617, 0.45928642758840516, 0.36077313883995715, 0,2, 0
0.3086542938867824, 779906.5989325157, 0.7105335259819853, 0.49524083716299977, 0,5, 0
0.6344043105168629, 3.7904683930905095e+24, 0.480128218312004, 0.3484531614464399, 0,7, 0
0.10111088937670458, nan, 0.9116167084157132, 0.5842923976197332, 0,3, 0
0.10111088937670458, nan, 0.9116167084157132, 0.5821415650145306, 0,10, 0
0.10111088937670458, nan, 0.9116167084157132, 0.5797506003226305, 0,10, 0
0.10111088937670458, nan, 0.9116167084157132, 0.5836106139124079, 0,5, 0
0.10111088937670458, nan, 0.9116167084157132, 0.5823222582192217, 0,8, 0
0.10111088937670458, nan, 0.9116167084157132, 0.5817429631667307, 0,3, 0
0.10111088937670458, nan, 0.9116167084157132, 0.5785016812458881, 0,9, 0
0.10111088937670458, nan, 0.9116167084157132, 0.5826063217290628, 0,9, 0
0.10111088937670458, nan, 0.9116167084157132, 0.581141456493162, 0,9, 0
0.10111088937670458, nan, 0.9116167084157132, 0.576169824322192, 0,4, 0
0.10111088937670458, nan, 0.9116167084157132, 0.5811923233786082, 0,5, 0
0.10111088937670458, nan, 0.9116167084157132, 0.5791760906539455, 0,8, 0
0.10111088937670458, nan, 0.9116167084157132, 0.5789362142890764, 0,5, 0
0.10111088937670458, nan, 0.9116167084157132, 0.5780006233989693, 0,7, 0
0.10111088937670458, nan, 0.9116167084157132, 0.5820841288811486, 0,5, 0
0.10111088937670458, nan, 0.9116167084157132, 0.5848506645313859, 0,8, 0
0.10111088937670458, nan, 0.9116167084157132, 0.5786130305336192, 0,4, 0
0.10111088937670458, nan, 0.9116167084157132, 0.5785208760724303, 0,3, 0
0.10111088937670458, nan, 0.9116167084157132, 0.5806060020448001, 0,5, 0
0.10111088937670458, nan, 0.9116167084157132, 0.5781166062377081, 0,6, 0
0.10111088937670458, nan, 0.9116167084157132, 0.5827145402100937, 0,5, 0
0.10111088937670458, nan, 0.9116167084157132, 0.5818422030541276, 0,6, 0
0.10111088937670458, nan, 0.9116167084157132, 0.579729831685578, 0,6, 0
0.10111088937670458, nan, 0.9116167084157132, 0.5806746957471334, 0,6, 0
0.10111088937670458, nan, 0.9116167084157132, 0.5819723854892884, 0,8, 0
0.10111088937670458, nan, 0.9116167084157132, 0.5772192657428166, 0,9, 0
0.10111088937670458, nan, 0.9116167084157132, 0.5813379422643801, 0,4, 0
0.10111088937670458, nan, 0.9116167084157132, 0.5829103457235837, 0,5, 0
0.10111088937670458, nan, 0.9116167084157132, 0.578688946986209, 0,8, 0
0.10111088937670458, nan, 0.9116167084157132, 0.579788797508802, 0,6, 0
0.10111088937670458, nan, 0.9116167084157132, 0.5853834180424893, 0,4, 0
0.10111088937670458, nan, 0.9116167084157132, 0.5805644758074987, 0,6, 0
0.10111088937670458, nan, 0.9116167084157132, 0.5785527940127656, 0,6, 0
0.10111088937670458, nan, 0.9116167084157132, 0.5833471789298413, 0,7, 0
0.10111088937670458, nan, 0.9116167084157132, 0.5783167745638645, 0,7, 0
0.10111088937670458, nan, 0.9116167084157132, 0.5785318910862343, 0,7, 0
0.10111088937670458, nan, 0.9116167084157132, 0.5826540891030935, 0,4, 0
0.10111088937670458, nan, 0.9116167084157132, 0.5781536616067495, 0,7, 0
0.10111088937670458, nan, 0.9116167084157132, 0.5791257646675397, 0,10, 0
0.10111088937670458, nan, 0.9116167084157132, 0.5778907210805633, 0,7, 0
0.10111088937670458, nan, 0.9116167084157132, 0.5800404174940073, 0,7, 0
0.10111088937670458, nan, 0.9116167084157132, 0.5845337921835166, 0,5, 0
0.10111088937670458, nan, 0.9116167084157132, 0.5828894115752659, 0,5, 0
0.10111088937670458, nan, 0.9116167084157132, 0.585275499962346, 0,6, 0
0.10111088937670458, nan, 0.9116167084157132, 0.5814438882421699, 0,5, 0
0.10111088937670458, nan, 0.9116167084157132, 0.5823688322708069, 0,7, 0
0.10111088937670458, nan, 0.9116167084157132, 0.5807601854778526, 0,9, 0
0.10111088937670458, nan, 0.9116167084157132, 0.578226733377866, 0,4, 0
0.10111088937670458, nan, 0.9116167084157132, 0.5746849650652744, 0,5, 0
0.10111088937670458, nan, 0.9116167084157132, 0.5885388961591304, 0,6, 0
0.10111088937670458, nan, 0.9116167084157132, 0.5774451963224891, 0,7, 0
0.10111088937670458, nan, 0.9116167084157132, 0.5806375309153436, 0,4, 0
0.10111088937670458, nan, 0.9116167084157132, 0.5792161608282846, 0,5, 0
0.10111088937670458, nan, 0.9116167084157132, 0.5786434759058556, 0,4, 0
0.10111088937670458, nan, 0.9116167084157132, 0.5800190827337645, 0,5, 0
0.10111088937670458, nan, 0.9116167084157132, 0.5819003277031645, 0,5, 0
0.10111088937670458, nan, 0.9116167084157132, 0.5834199626929424, 0,5, 0
0.10111088937670458, nan, 0.9116167084157132, 0.5796086708441789, 0,4, 0
0.10111088937670458, nan, 0.9116167084157132, 0.5801993741104495, 0,6, 0
0.10111088937670458, nan, 0.9116167084157132, 0.5871691181973437, 0,9, 0
0.10111088937670458, nan, 0.9116167084157132, 0.5789024536349161, 0,7, 0
0.10111088937670458, nan, 0.9116167084157132, 0.5801138744719517, 0,5, 0
0.10111088937670458, nan, 0.9116167084157132, 0.579606991869223, 0,7, 0
0.10111088937670458, nan, 0.9116167084157132, 0.5814955801773207, 0,5, 0
0.10111088937670458, nan, 0.9116167084157132, 0.5800045463665865, 0,6, 0
0.10111088937670458, nan, 0.9116167084157132, 0.5775666624786903, 0,5, 0
0.10111088937670458, nan, 0.9116167084157132, 0.5825696864303749, 0,8, 0
0.10111088937670458, nan, 0.9116167084157132, 0.5792456687526223, 0,6, 0
0.10111088937670458, nan, 0.9116167084157132, 0.5837103650028748, 0,5, 0
0.10111088937670458, nan, 0.9116167084157132, 0.583852661761397, 0,5, 0
0.10111088937670458, nan, 0.9116167084157132, 0.5845388706550382, 0,3, 0
0.10111088937670458, nan, 0.9116167084157132, 0.5793065064698542, 0,10, 0
0.10111088937670458, nan, 0.9116167084157132, 0.5812776008377284, 0,7, 0
0.10111088937670458, nan, 0.9116167084157132, 0.5804915417880215, 0,3, 0
0.10563427126987295, 2.3030045594885498, 0.8798781561222946, 0.3583364487034939, 0,0, 0
0.28543870152331535, 2.0995817811460715, 0.7780261764933583, 0.4428225809563624, 0,0, 0
0.5858444754872614, 6233098.395770178, 0.5149867043019032, 0.3894698625111501, 0,2, 0
0.622896294818067, 2.037196640482065, 0.5670673295738857, 0.44147035575851473, 0,4, 0
0.679172487194838, 1.9345818266777082, 0.4941644882399377, 0.400909889128316, 0,3, 0
0.6970664538016365, 1.8065968937921577, 0.4618755778551657, 0.37765873925804583, 0,6, 0
0.7053814940464311, 1.7272386863586837, 0.45042414034748285, 0.37513677455705374, 0,5, 0
0.18299740570744363, 9031.728940524099, 0.8377672181311446, 0.5533185862131283, 0,8, 0
0.3023348633007384, 221.08423115889832, 0.7272599775673018, 0.5034597662910373, 0,5, 0
0.2559036785738043, 2328.5639126331102, 0.7823867126924013, 0.5287372937754896, 0,8, 0
0.28444089669394, 4941.597991246196, 0.7524377908814371, 0.5145102271818132, 0,6, 0
0.23807623228896427, 2000.8298607648414, 0.7836913380491939, 0.5187169706259649, 0,5, 0
0.26475088139426595, 1409.0342058030017, 0.7850609939239438, 0.5250337136477063, 0,9, 0
0.2508481341049691, 1779.5898196792393, 0.7464785709527682, 0.509812643933653, 0,9, 0
0.32275660214195434, 832.9518280485421, 0.7076963483636366, 0.48198430980800006, 0,5, 0
0.3223574802102042, 557.0884119179175, 0.6902975794661893, 0.47828119274901076, 0,5, 0
0.3302068782012905, 452.11874932217927, 0.719345155040853, 0.48522434019189736, 0,4, 0
0.3326016097917914, 328.9820669007953, 0.7098746028347231, 0.47917260914841675, 0,11, 0
0.3248187321226635, 317.83759793185004, 0.6980739332436621, 0.4833878687051124, 0,4, 0
0.328078227898623, 180.4725460032395, 0.709314824755833, 0.4868686645242104, 0,5, 0
0.391937736978647, 239.93853941066226, 0.6512797416295523, 0.4495351227206307, 0,10, 0
0.34863300738375574, 257.7822327317175, 0.6892755646671702, 0.46817867160842924, 0,9, 0
0.4646444488791326, 92.46268189051571, 0.6209856918360406, 0.35375781809231066, 0,5, 0
0.440963214261957, 99.79111960713708, 0.6363861611609964, 0.3635608475061865, 0,7, 0
0.36872214461517994, 1101.4001244632495, 0.6697497231428372, 0.3835839775371126, 0,9, 0
0.38548526574868625, 85.73589455886015, 0.6326600207724516, 0.4494720868678888, 0,5, 0
0.40391139493115147, 559.7099967528665, 0.6333857475958317, 0.39738013443240505, 0,8, 0
0.3823588106166434, 7582.124821289669, 0.653901278211665, 0.4543974723798121, 0,7, 0
0.4303864830705781, 55.840815755586114, 0.6321875742771611, 0.4509789607261703, 0,5, 0
0.4722942859043438, 36.489579952640455, 0.589054374542086, 0.4193789364448816, 0,5, 0
0.46185059535688155, 27.074138434098913, 0.5735914866044391, 0.4225333747761271, 0,9, 0
0.30186922104702985, 4916.82765995105, 0.7022962673710054, 0.48213688653374737, 0,9, 0
0.5000997804829376, 52.83633684545479, 0.5906227747564451, 0.4209024233375462, 0,8, 0
0.2567019224373046, 5486858.327742616, 0.7594248341960665, 0.4863289520216978, 0,3, 0
0.6363333998536553, 1.6274845341387396, 0.4689824145058932, 0.37003690192933564, 0,2, 0
0.6822324220049225, 1.5501282401241674, 0.37230992943653646, 0.3275759506433522, 0,11, 0
0.20308654293886783, 2771.9457417888207, 0.8265661876321091, 0.5550336504342264, 0,8, 0
0.3736446484400984, 1480.3571487063211, 0.6449062006359846, 0.45557875586988905, 0,8, 0
0.4528038315705448, 31878428.754155207, 0.5822151391079629, 0.41497597741215, 0,7, 0
0.714627818798643, 1351870.7533143668, 0.38165648911814304, 0.3255474910672924, 0,7, 0
0.24818732122663473, 1252.8786303418265, 0.8058980068933242, 0.5354706804055125, 0,7, 0
0.34297878001729526, 451.98967269261834, 0.7631583947266374, 0.5056404311879051, 0,6, 0
0.352956828311049, 499.93823261297933, 0.7028567260875705, 0.4553823949749517, 0,5, 0
0.4368389543005388, 264.57262683512664, 0.6476368606066067, 0.43841224924847033, 0,7, 0
0.49737244728264485, 229.31727417051246, 0.6187291960842072, 0.4284672102941169, 0,8, 0
0.5382159249650769, 368.5378981352528, 0.5656731690641419, 0.39178495622737153, 0,10, 0
0.4475487261358345, 205.78661107780243, 0.6443083145088564, 0.42230432544296087, 0,9, 0
0.6128517262023548, 340.751240490344, 0.4929121365643826, 0.3819491405162641, 0,3, 0
0.5642253708507949, 247.01306717824548, 0.5149743867491215, 0.3704573371591365, 0,8, 0
0.6299474489456529, 350.0264186404652, 0.458923934247867, 0.3542925286519394, 0,7, 0
0.560899354752877, 179139.61623383273, 0.4899284774207463, 0.3711943450078362, 0,7, 0
0.4137564025809885, 164042015082.88898, 0.6880046331642784, 0.4387082490714743, 0,6, 0
0.5464644448879132, 1.8293197264073733, 0.4833520571312335, 0.3773586988443145, 0,8, 0
0.6256236280183596, 1.7325186045522074, 0.4232208571038098, 0.35094591264613784, 0,5, 0
0.7036519656755139, 1.6346316043269427, 0.36041595713357144, 0.31724093691707345, 0,7, 0
0.7132308920375174, 1.5424748679692022, 0.35741660775287154, 0.31326523167951986, 0,6, 0
0.7147608594425597, 1.500708323484773, 0.3580381706559877, 0.31449298652329805, 0,4, 0
0.7133639326814342, 1.490468013618058, 0.35706605453681284, 0.30926733871054596, 0,5, 0
0.7812146610789596, 3535358419.740857, 0.31898667574399153, 0.2953542969392273, 0,6, 0
0.7731657021219983, 208935381606.83505, 0.3530399551071505, 0.3090792051117061, 0,4, 0
0.7609259628816604, 1.37442565681152, 0.3395550270136168, 0.30345932538388104, 0,5, 0
0.7806824985032927, 1.3253252781481037, 0.33135601539904547, 0.2880586184691531, 0,8, 0
0.7745626288831238, 1.3169138067985717, 0.3592004244013492, 0.3117002399585622, 0,6, 0
0.7752943524246657, 1.2917313949140985, 0.33747577475230733, 0.29948442401737163, 0,9, 0
0.7787534091665004, 1.2779410920250656, 0.34180222253081, 0.2980630050457102, 0,8, 0
0.7790860107762921, 1.2650197507029386, 0.33465936538795277, 0.2942378535213542, 0,10, 0
0.3140424399654094, 37879.72195455987, 0.7227092630193505, 0.5053194002751134, 0,6, 0
0.5627619237677111, 3.2120770283491575, 0.5673689100285428, 0.41863830160206383, 0,8, 0
0.2781879864298543, 39328.6498166558, 0.71171725985038, 0.48973816582780416, 0,7, 0
0.6892170558105501, 1.3208101312939948, 0.421325938569888, 0.3498670985962181, 0,5, 0
0.27286636067318565, 18709.75021916418, 0.7379289575288202, 0.504879272836458, 0,8, 0
0.3151067651167432, 1071694539.4220679, 0.7298959822975175, 0.48538782699665106, 0,5, 0
0.47063127785538483, 400239.58165168355, 0.602454118270312, 0.42516308986274, 0,7, 0
0.37796846936739176, 891316870.0955068, 0.7221870120216555, 0.49233677229272715, 0,9, 0
0.7327213463713165, 1.3928621511417958, 0.3568664904980662, 0.3195864541284917, 0,6, 0
0.35708108827246726, 8921.392667113034, 0.7262808943202139, 0.5013227545534297, 0,7, 0
0.30206878201290494, 651.9564434126597, 0.7228392564498576, 0.47821500959330693, 0,4, 0
0.3238209272932881, 607.2861483442102, 0.7305033948790546, 0.49795684149113045, 0,6, 0
0.33300073172354155, 430.2326212274637, 0.7300105330998844, 0.5114694856280255, 0,4, 0
0.41189383356615444, 1080.0022194464193, 0.6820303751674983, 0.4823645826243422, 0,6, 0
0.3246191711567884, 54079.77863036869, 0.7099996954812425, 0.48639265250010105, 0,6, 0
0.3693873478347635, 686.5696886084335, 0.6929302850478174, 0.48829753230966266, 0,10, 0
0.4071043703851527, 4938.466255485897, 0.7052695094276781, 0.47290345877417167, 0,9, 0
0.36971994944455533, 3923.2492164240575, 0.6328895156121138, 0.43398950264880326, 0,7, 0
0.35022949511075635, 1363.7597357552897, 0.6396147191858147, 0.4322696044457712, 0,9, 0
0.3272134637131644, 2691.7931088858845, 0.6895952606646525, 0.460046515246388, 0,7, 0
0.39080689150535486, 1154.1056915165548, 0.6333333680936905, 0.4341872817959086, 0,11, 0
0.5549125257766248, 10087.028584162901, 0.5376096861267282, 0.42112768208961265, 0,8, 0
0.36712565688817933, 3357.068761233361, 0.6645763796116032, 0.4433544929588733, 0,8, 0
0.4671057007915918, 2802.8614281324667, 0.6133163337126009, 0.4227590584732999, 0,6, 0
0.4092995410097785, 537.8620697058325, 0.6533672492579499, 0.4408116957929713, 0,9, 0
0.5616975986163774, 2418.7532806240915, 0.5408774712863836, 0.388546238406346, 0,9, 0
0.22164571276524977, 93550.97157550589, 0.8110071356343707, 0.5290957399437479, 0,9, 0
0.5237144947781547, 2447.4151465699174, 0.5693957042330576, 0.40840418694928693, 0,7, 0
0.40903345972194505, 753.6832714434754, 0.5953487746699521, 0.4071251157849233, 0,7, 0
0.3602740637264684, 18971.549258143925, 0.6472289228861378, 0.47180995257393993, 0,8, 0
0.21851925763320695, 19767.68960443498, 0.8098095611889654, 0.5266422725287291, 0,6, 0
0.20508215259761858, 12017900.145882081, 0.8148344723595846, 0.5392152044085312, 0,5, 0
0.5791924432914255, 2.2834684782584755, 0.5252332050000154, 0.3911692335638178, 0,6, 0
0.24692343510942594, 495.6103671266801, 0.7892405976887389, 0.5275113983415736, 0,11, 0
0.31211335062861706, 52080080627.613815, 0.7386897754821803, 0.468943961708666, 0,6, 0
0.10290693806958026, 2.304979262916277, 0.8903254702340068, 0.3352180892472429, 0,0, 0
0.36519656755138696, 1.9788025490722043, 0.6791673772638788, 0.326240665811914, 0,0, 0
0.6670657885984168, 285079.0488666545, 0.48559657886283253, 0.3716410873996546, 0,2, 0
0.4037118339652764, 2.1231815104180685, 0.6975110144461779, 0.49120803959295145, 0,4, 0
0.14434909864963746, 919.2466849405981, 0.8744990902937366, 0.5895292980914077, 0,5, 0
0.1561231956362669, 697.1431056271008, 0.8566601133623596, 0.5788195644448616, 0,4, 0
0.19390673850861437, 322.2934624645393, 0.8237480034007948, 0.5509296445224557, 0,7, 0
0.23761059003525578, 446.7327068300909, 0.7681925630221136, 0.5392762556724776, 0,1, 0
0.27812146610789595, 137.11220299791714, 0.7435814372770625, 0.5063857280504678, 0,5, 0
0.3483669260959223, 97.29837532034588, 0.6883414186811632, 0.4925354395100093, 0,5, 0
0.3602740637264684, 123.45500983169697, 0.6987088325597215, 0.47760176492631223, 0,5, 0
0.3171688950974523, 117.13755211756383, 0.7077977606202778, 0.4768628471739631, 0,7, 0
0.308388212598949, 121.80219131742014, 0.7301731011722183, 0.4881700005466311, 0,7, 0
0.27446284840018625, 119.52803250324675, 0.7586689246444788, 0.5055709738542424, 0,7, 0
0.2763919377369786, 111.81640871564414, 0.7582646635157759, 0.5040093608732041, 0,5, 0
0.3801636399920176, 66.68722249579662, 0.6862113022422897, 0.4733291415830934, 0,3, 0
0.47329209073371914, 31.94734594217907, 0.6340167859465935, 0.4356578674545819, 0,3, 0
0.49817069114614515, 21.96469187362726, 0.5957284990850288, 0.40814788584205913, 0,5, 0
0.3014700991152797, 33.105185737531784, 0.7377691725413255, 0.48095236201085156, 0,6, 0
0.2721346371316437, 42.94608500549288, 0.755837673189753, 0.4848046392047074, 0,8, 0
0.2662808487993082, 48.704103903473055, 0.7577812822123094, 0.48729256204759447, 0,6, 0
0.2594292556375973, 54.03675877400973, 0.7414808991548378, 0.4797936975570725, 0,5, 0
0.2829109292888978, 44.36297352654217, 0.7360675846573592, 0.47623595102509947, 0,7, 0
0.5305660879398656, 32.822168136576344, 0.5713802734854305, 0.37832980152394496, 0,7, 0
0.4324486130512872, 34.47088886277085, 0.6562358453846626, 0.4248441254469113, 0,6, 0
0.46185059535688155, 20.85225046483327, 0.6010670961422399, 0.4037058967711617, 0,8, 0
0.40131710237477547, 20.137508784036676, 0.6419079188088581, 0.42272360191027636, 0,9, 0
0.4776159116610124, 1379.3090567349984, 0.6336116158254801, 0.39757861235563596, 0,7, 0
0.6061331736845607, 18.009646152654266, 0.5153365096565548, 0.365589128408429, 0,8, 0
0.5612984766846272, 11.925706783767568, 0.553012677198655, 0.3787698184823163, 0,6, 0
0.4763520255438036, 13.526585135644453, 0.6027136030145631, 0.40251492283939816, 0,7, 0
0.5209871615778621, 11.933953230050873, 0.6001335601316009, 0.3979774289220932, 0,10, 0
0.5372181201357015, 243.24543787574336, 0.5803127815459577, 0.3549360665854337, 0,5, 0
0.6187055145346904, 9.129983645733878, 0.5133420468370475, 0.36552588425868093, 0,12, 0
0.6425863101177409, 30.36992647649608, 0.4854689064560368, 0.3299752295570151, 0,9, 0
0.5159981374309852, 3087.2768019425625, 0.5579013368299051, 0.3610827415781958, 0,5, 0
0.5191911128849863, 20.72887500908843, 0.5486531612305943, 0.39238560616604895, 0,7, 0
0.44122929554979046, 1775675.778759568, 0.6230559621738418, 0.42435472973414234, 0,4, 0
0.3598749417947183, 6960.835582571842, 0.7734209683464346, 0.5083796433292683, 0,5, 0
0.2510476950708441, 2761026736.2694144, 0.7383618558488773, 0.48471364684281165, 0,8, 0
0.6304796115213198, 66.81041920645752, 0.4671587750118827, 0.3741803575235119, 0,8, 0
0.2475886383290095, 10806.686138736966, 0.7897922648874013, 0.5509429032302477, 0,10, 0
0.3430453003392536, 115.57970388239266, 0.7104792708289551, 0.5091236334497012, 0,7, 0
0.31304463513603403, 583638.0526270352, 0.7306330792756995, 0.5166952773927194, 0,5, 0
0.4103638661611122, 2.523060438612541e+16, 0.6905706889874156, 0.38683442536191714, 0,5, 0
0.10111088937670458, nan, 0.9116167084157132, 0.5823809029756173, 0,7, 0
0.10111088937670458, nan, 0.9116167084157132, 0.5800935487522626, 0,5, 0
0.10111088937670458, nan, 0.9116167084157132, 0.5844679197463336, 0,3, 0
0.10111088937670458, nan, 0.9116167084157132, 0.5815426691936607, 0,5, 0
0.10111088937670458, nan, 0.9116167084157132, 0.5828046063439946, 0,5, 0
0.10111088937670458, nan, 0.9116167084157132, 0.5763955236333118, 0,4, 0
0.10111088937670458, nan, 0.9116167084157132, 0.5779624581473927, 0,5, 0
0.10111088937670458, nan, 0.9116167084157132, 0.5777546360546993, 0,7, 0
0.10111088937670458, nan, 0.9116167084157132, 0.5848152759005754, 0,4, 0
0.10111088937670458, nan, 0.9116167084157132, 0.5817809753910754, 0,5, 0
0.10111088937670458, nan, 0.9116167084157132, 0.5821652261125952, 0,8, 0
0.10111088937670458, nan, 0.9116167084157132, 0.5788454205646079, 0,6, 0
0.10111088937670458, nan, 0.9116167084157132, 0.582015789531927, 0,9, 0
0.10111088937670458, nan, 0.9116167084157132, 0.5866104537149751, 0,5, 0
0.10111088937670458, nan, 0.9116167084157132, 0.5779467462466549, 0,6, 0
0.10111088937670458, nan, 0.9116167084157132, 0.585004677633576, 0,6, 0
0.10111088937670458, nan, 0.9116167084157132, 0.5823704945941518, 0,3, 0
0.10111088937670458, nan, 0.9116167084157132, 0.5809868252216749, 0,4, 0
0.10111088937670458, nan, 0.9116167084157132, 0.5815128506911558, 0,8, 0
0.10111088937670458, nan, 0.9116167084157132, 0.5792223537107434, 0,4, 0
0.10111088937670458, nan, 0.9116167084157132, 0.5815270829660395, 0,7, 0
0.10111088937670458, nan, 0.9116167084157132, 0.5803804318538659, 0,2, 0
0.10111088937670458, nan, 0.9116167084157132, 0.578755780566482, 0,4, 0
0.10111088937670458, nan, 0.9116167084157132, 0.5789775752405038, 0,4, 0
0.10111088937670458, nan, 0.9116167084157132, 0.5843013632746922, 0,5, 0
0.10111088937670458, nan, 0.9116167084157132, 0.5825094253999837, 0,5, 0
0.10111088937670458, nan, 0.9116167084157132, 0.5804720133893023, 0,6, 0
0.10111088937670458, nan, 0.9116167084157132, 0.5813028370468727, 0,9, 0
0.10111088937670458, nan, 0.9116167084157132, 0.57873754621142, 0,7, 0
0.10111088937670458, nan, 0.9116167084157132, 0.5808008260037645, 0,5, 0
0.10111088937670458, nan, 0.9116167084157132, 0.5796129341402854, 0,6, 0
0.10111088937670458, nan, 0.9116167084157132, 0.5817621924814216, 0,8, 0
0.10111088937670458, nan, 0.9116167084157132, 0.5803522631433227, 0,4, 0
0.10111088937670458, nan, 0.9116167084157132, 0.5799395346405432, 0,4, 0
0.10111088937670458, nan, 0.9116167084157132, 0.5829099706257795, 0,8, 0
0.10111088937670458, nan, 0.9116167084157132, 0.58504940169545, 0,3, 0
0.10111088937670458, nan, 0.9116167084157132, 0.5782822860404451, 0,6, 0
0.10111088937670458, nan, 0.9116167084157132, 0.5811155233735209, 0,5, 0
0.10111088937670458, nan, 0.9116167084157132, 0.5776541661470507, 0,8, 0
0.10111088937670458, nan, 0.9116167084157132, 0.5781489075836782, 0,9, 0
0.10111088937670458, nan, 0.9116167084157132, 0.5797643523897623, 0,6, 0
0.10111088937670458, nan, 0.9116167084157132, 0.5781053949576972, 0,7, 0
0.10111088937670458, nan, 0.9116167084157132, 0.5839802637480788, 0,4, 0
0.10111088937670458, nan, 0.9116167084157132, 0.5826935288819028, 0,4, 0
0.10111088937670458, nan, 0.9116167084157132, 0.5843361563400147, 0,6, 0
0.10111088937670458, nan, 0.9116167084157132, 0.5844049115966053, 0,6, 0
0.10111088937670458, nan, 0.9116167084157132, 0.5843915381062884, 0,4, 0
0.10111088937670458, nan, 0.9116167084157132, 0.5787637068127214, 0,4, 0
0.10111088937670458, nan, 0.9116167084157132, 0.5801204820406035, 0,4, 0
0.10111088937670458, nan, 0.9116167084157132, 0.5820718498390924, 0,4, 0
0.10111088937670458, nan, 0.9116167084157132, 0.5791067571330808, 0,7, 0
0.10111088937670458, nan, 0.9116167084157132, 0.5783605873616153, 0,3, 0
0.10111088937670458, nan, 0.9116167084157132, 0.5821195961220453, 0,7, 0
0.10111088937670458, nan, 0.9116167084157132, 0.5835197714351982, 0,9, 0
0.10111088937670458, nan, 0.9116167084157132, 0.5789316485640077, 0,6, 0
0.10111088937670458, nan, 0.9116167084157132, 0.5837798248599688, 0,4, 0
0.08142087407703054, 2.304516258016442, 0.9059065868398791, 0.36792189507460527, 0,0, 0
0.22969467172221114, 2.1539926955952566, 0.7632148145574569, 0.48365061381394847, 0,0, 0
0.5632940863433779, 73148321.90143421, 0.5277177295871671, 0.39852628804505896, 0,2, 0
0.47162908268476017, 2.1255443950442587, 0.5628141399788646, 0.4105190855870983, 0,4, 0
0.761790727067119, 1.9691302998689393, 0.4033119080923962, 0.33169158419796374, 0,8, 0
0.7587307922570345, 1.8511697310162092, 0.41748784231729, 0.33193978704168425, 0,5, 0
0.7825450675181268, 1.7434664094712946, 0.3747759525688638, 0.310501643960131, 0,7, 0
0.7784873278786669, 1.6750366125479594, 0.39063083313310626, 0.32907301815918244, 0,9, 0
0.7804829375374177, 1.6250112533860757, 0.3386523560963585, 0.29552298962038653, 0,5, 0
0.7709040111754141, 1.5683200199706884, 0.3772645695965636, 0.3081679214880539, 0,9, 0
0.7746291492050822, 1.5236983696153792, 0.3636729581371435, 0.3017697143940834, 0,5, 0
0.777955165303, 1.48868389062691, 0.3308433749296533, 0.2919546187772058, 0,9, 0
0.11162110024612519, 39840.61483722627, 0.865210875271559, 0.5827774653177726, 0,8, 0
0.7327878666932748, 1.5019831083130633, 0.3615208597515094, 0.32103362960267523, 0,4, 0
0.3845539812412692, 4.6752354177322655, 0.7340431570501212, 0.48516247229302545, 0,7, 0
0.1873212266347369, 78.53516950884655, 0.7762672446234576, 0.5337506322710782, 0,6, 0
0.2827113683230227, 12370.898059547317, 0.7496024365886454, 0.5108401523735631, 0,3, 0
0.33486330073837556, 9.13617615882002, 0.7531547944894917, 0.5209651034002655, 0,7, 0
0.2184527373112486, 77.73736966807297, 0.8169878245364555, 0.5438347666108254, 0,6, 0
0.2816470431716889, 4496.81882867003, 0.8013184347223504, 0.5343687935226957, 0,7, 0
0.4152198496640724, 397.49548061191393, 0.6834933901063747, 0.4786397239308366, 0,7, 0
0.5013636666001463, 1495.1403664405266, 0.5948222492442483, 0.4215508352755434, 0,7, 0
0.4889908867158917, 1568.590088304182, 0.6188499956486879, 0.4401380743437466, 0,7, 0
0.4903878134770172, 1436.1777898412308, 0.5955605395741334, 0.422140328996001, 0,6, 0
0.4504090999800439, 760.5546790765525, 0.6334662545860504, 0.42981030250901725, 0,8, 0
0.4796115213197632, 1074.7397569970901, 0.6007449217329122, 0.4227311658100586, 0,8, 0
0.45180602674116943, 768.5065133138695, 0.5988888033392122, 0.43180875844403976, 0,5, 0
0.4249318166699927, 179.39275976175648, 0.6207925898817712, 0.4210587638986403, 0,5, 0
0.528969600212865, 306.53322545694107, 0.5795354481488523, 0.3968506255801983, 0,6, 0
0.5259761857247389, 413.2620143275977, 0.5403538814648503, 0.40494008235820106, 0,5, 0
0.48885784607197497, 314.0803937960596, 0.5800070040775313, 0.3909093186081899, 0,6, 0
0.4718951639725936, 221.95337228072282, 0.584731663484473, 0.42329501219961607, 0,8, 0
0.5135368855185259, 207.43415629664005, 0.5785868693259427, 0.41977813384070367, 0,5, 0
0.5088804629814409, 4886.170845044104, 0.5837447160518294, 0.4064337419996909, 0,8, 0
0.5586376638062929, 220.83415513439311, 0.556725826064461, 0.3991074691240174, 0,7, 0
0.5992815805228497, 217.895642015552, 0.5267474890694941, 0.3764788023295762, 0,4, 0
0.5576398589769175, 212.40103453604632, 0.5526589515355771, 0.38844118898198376, 0,10, 0
0.525244462183197, 369.5105218977113, 0.6071198012859967, 0.41798918078317726, 0,8, 0
0.5129382026209007, 394.3419689967429, 0.6084321950412986, 0.4308030637326256, 0,5, 0
0.49690680502893636, 492.110098463831, 0.6192243368183061, 0.43038225183320244, 0,4, 0
0.48440098450076496, 16135.40103752182, 0.6094408182848501, 0.42256988287313585, 0,9, 0
0.49863633339985364, 183.86182579454555, 0.610877709346205, 0.4182147361326761, 0,5, 0
0.5188585112751946, 235.9534786213818, 0.551210395343754, 0.4015174846144864, 0,7, 0
0.45160646577529434, 974623.6868265746, 0.5818606166870086, 0.41292869621062317, 0,8, 0
0.536952038847868, 176.7569784399748, 0.5408580177489863, 0.39609270125416995, 0,5, 0
0.5572407370451673, 20083.627925978413, 0.533173175928669, 0.3665706326241882, 0,9, 0
0.5824519390673851, 3973486.4646884687, 0.5294834231736063, 0.38995378026632066, 0,11, 0
0.6002793853522251, 439.3221126779669, 0.4900545508776525, 0.3731861074894468, 0,4, 0
0.5560433712499169, 273.8550854128243, 0.5287377162062962, 0.39777363160607043, 0,11, 0
0.5453335994146211, 132.354989222688, 0.5229756415390228, 0.39468533552580026, 0,9, 0
0.5375507217454932, 106.92530783718799, 0.5303830643737522, 0.3920037322201641, 0,8, 0
0.480875407436972, 1922.088762046198, 0.5682128518871615, 0.40949455348514113, 0,6, 0
0.4981041708241868, 61193.74369849202, 0.5955240338441901, 0.4243466660257908, 0,5, 0
0.5229162509146544, 1.7557849399500134, 0.5328778335095743, 0.40384172513169986, 0,8, 0
0.5884387680436374, 1.6915068538144686, 0.4886134536068967, 0.3891428481855489, 0,5, 0
0.6547595290361206, 687991.1680272338, 0.41600241382549163, 0.3498915952312356, 0,10, 0
0.7097053149737245, 11962476334.270267, 0.3999877693404329, 0.3388989088914412, 0,2, 0
0.723741102906938, 317887.4495438881, 0.36909350962786563, 0.3161209515054637, 0,8, 0
0.7571343045300339, 4034020.902856222, 0.3634278024438338, 0.3129681582632381, 0,7, 0
0.7694405640923302, 4941547.851454605, 0.3528096705757019, 0.30372161107393225, 0,6, 0
0.7723009379365396, 6945730.530783023, 0.36501016543015213, 0.3110457508721432, 0,5, 0
0.7767577995077496, 78510140.37171882, 0.3395377995734032, 0.30248915517628727, 0,9, 0
0.7766912791857913, 4617039812.998697, 0.313522905298108, 0.29813881459203073, 0,3, 0
0.10111088937670458, nan, 0.9116167084157132, 0.579528193306719, 0,6, 0
0.10111088937670458, nan, 0.9116167084157132, 0.581058647454464, 0,8, 0
0.10111088937670458, nan, 0.9116167084157132, 0.579865430641876, 0,10, 0
0.10111088937670458, nan, 0.9116167084157132, 0.581709903467833, 0,5, 0
0.10111088937670458, nan, 0.9116167084157132, 0.5844008048353138, 0,9, 0
0.10111088937670458, nan, 0.9116167084157132, 0.5796674935706674, 0,9, 0
0.10111088937670458, nan, 0.9116167084157132, 0.5816160631533615, 0,13, 0
0.10111088937670458, nan, 0.9116167084157132, 0.5827513463750987, 0,7, 0
0.10111088937670458, nan, 0.9116167084157132, 0.5791492302727257, 0,10, 0
0.10111088937670458, nan, 0.9116167084157132, 0.5791309070749286, 0,7, 0
0.10111088937670458, nan, 0.9116167084157132, 0.584757352573107, 0,4, 0
0.10111088937670458, nan, 0.9116167084157132, 0.5819264098912591, 0,6, 0
0.10111088937670458, nan, 0.9116167084157132, 0.582427362578361, 0,7, 0
0.10111088937670458, nan, 0.9116167084157132, 0.584613399734398, 0,7, 0
0.10111088937670458, nan, 0.9116167084157132, 0.5816004401444108, 0,8, 0
0.10111088937670458, nan, 0.9116167084157132, 0.5780478481142419, 0,8, 0
0.10111088937670458, nan, 0.9116167084157132, 0.5889418390408047, 0,11, 0
0.10111088937670458, nan, 0.9116167084157132, 0.5881653077080354, 0,6, 0
0.10111088937670458, nan, 0.9116167084157132, 0.5788920733754674, 0,9, 0
0.10111088937670458, nan, 0.9116167084157132, 0.581897963437974, 0,4, 0
0.10111088937670458, nan, 0.9116167084157132, 0.5816468049376805, 0,7, 0
0.10111088937670458, nan, 0.9116167084157132, 0.5801250722364137, 0,7, 0
0.10111088937670458, nan, 0.9116167084157132, 0.5762023565207209, 0,5, 0
0.10111088937670458, nan, 0.9116167084157132, 0.578721208975411, 0,8, 0
0.10111088937670458, nan, 0.9116167084157132, 0.5765787926142208, 0,9, 0
0.10111088937670458, nan, 0.9116167084157132, 0.5816144932072341, 0,7, 0
0.10111088937670458, nan, 0.9116167084157132, 0.5835541938232592, 0,10, 0
0.10111088937670458, nan, 0.9116167084157132, 0.5780771527738086, 0,9, 0
0.10111088937670458, nan, 0.9116167084157132, 0.5813756919596338, 0,8, 0
0.10111088937670458, nan, 0.9116167084157132, 0.5775102109759834, 0,4, 0
0.10111088937670458, nan, 0.9116167084157132, 0.5802114339494217, 0,5, 0
0.10111088937670458, nan, 0.9116167084157132, 0.5816811979873528, 0,5, 0
0.10111088937670458, nan, 0.9116167084157132, 0.5822430480167504, 0,6, 0
0.10111088937670458, nan, 0.9116167084157132, 0.5780066867561712, 0,4, 0
0.10111088937670458, nan, 0.9116167084157132, 0.5842958675621959, 0,5, 0
0.10111088937670458, nan, 0.9116167084157132, 0.5807072246301214, 0,4, 0
0.10111088937670458, nan, 0.9116167084157132, 0.5816545035165731, 0,4, 0
0.10111088937670458, nan, 0.9116167084157132, 0.5798696470673641, 0,6, 0
0.09352757267345174, 2.301970299153178, 0.9048092582286216, 0.4142081906879719, 0,0, 0
0.29794452205148675, 2.1389023857163325, 0.7432154666354914, 0.31224293235710415, 0,0, 0
0.6077961817335196, 24841169.45203221, 0.508584657374922, 0.386472185609558, 0,2, 0
0.6505022284307856, 2.08640936025561, 0.5301025622317593, 0.4037718193183492, 0,2, 0
0.6920109093328012, 2.0200738002303464, 0.473062616958553, 0.3657355355063154, 0,7, 0
0.7182199161843943, 1.9190796233933185, 0.44210289810210457, 0.3465954098703068, 0,4, 0
0.7572673451739507, 1.8101696520399477, 0.4004033700817824, 0.32711816329955423, 0,6, 0
0.7794186123860839, 1.7714239669791367, 0.36162599980774246, 0.30534946699159965, 0,5, 0
0.7713696534291226, 1.676267630118362, 0.3853906449482763, 0.31718743473532307, 0,6, 0
0.7817468236546264, 1.6312884615740042, 0.37542222138551745, 0.30856606335592457, 0,7, 0
0.28437437637198165, 7469.660101342517, 0.7083099505776407, 0.49601466415789536, 0,8, 0
0.7446284840018625, 1.6058964002083251, 0.38089401730268185, 0.322446672284912, 0,4, 0
0.7513470365196567, 1.5628339252091767, 0.36670397436303376, 0.3099041093572673, 0,10, 0
0.31923102507816137, 11135.36058695315, 0.6838187582836328, 0.4796823284741394, 0,7, 0
0.28989556309452535, 2232.1770619177064, 0.6992946909083751, 0.47155266372923116, 0,7, 0
0.2666134504091, 1141.3765287951844, 0.7065709758208354, 0.47601314908319337, 0,8, 0
0.23401849264950442, 1839.1211127039692, 0.741789636014388, 0.4961061052436316, 0,9, 0
0.24366393933346636, 1645.2012488216028, 0.7348133936422443, 0.48965173692364755, 0,6, 0
0.1755471296481075, 762.4117262174149, 0.7866149254045502, 0.505549273484899, 0,8, 0
0.16530300006652032, 1600.6387407387483, 0.8091187774846734, 0.5135198727849639, 0,6, 0
0.1547927891970997, 1148.6260380018878, 0.8191187774846734, 0.5260103405498774, 0,5, 0
0.2966806359342779, 464.88208796841127, 0.7477910527823084, 0.49468317800332395, 0,7, 0
